# Time          7.5000E+02
# Units: Permil
    Distance        SO4--            SO164--         
    2.0000000E-03    2.1017050E+01    8.7585720E+00
    6.0000000E-03    2.1051130E+01    8.9175079E+00
    1.0000000E-02    2.1085200E+01    9.0743637E+00
    1.4000000E-02    2.1119260E+01    9.2291661E+00
    1.8000000E-02    2.1153309E+01    9.3819415E+00
    2.2000000E-02    2.1187348E+01    9.5327156E+00
    2.6000000E-02    2.1221377E+01    9.6815142E+00
    3.0000000E-02    2.1255396E+01    9.8283625E+00
    3.4000000E-02    2.1289404E+01    9.9732856E+00
    3.8000000E-02    2.1323402E+01    1.0116308E+01
    4.2000000E-02    2.1357389E+01    1.0257454E+01
    4.6000000E-02    2.1391366E+01    1.0396748E+01
    5.0000000E-02    2.1425332E+01    1.0534214E+01
    5.4000000E-02    2.1459288E+01    1.0669874E+01
    5.8000000E-02    2.1493234E+01    1.0803753E+01
    6.2000000E-02    2.1527168E+01    1.0935873E+01
    6.6000000E-02    2.1561092E+01    1.1066257E+01
    7.0000000E-02    2.1595006E+01    1.1194926E+01
    7.4000000E-02    2.1628908E+01    1.1321903E+01
    7.8000000E-02    2.1662800E+01    1.1447210E+01
    8.2000000E-02    2.1696681E+01    1.1570868E+01
    8.6000000E-02    2.1730552E+01    1.1692899E+01
    9.0000000E-02    2.1764411E+01    1.1813323E+01
    9.4000000E-02    2.1798260E+01    1.1932161E+01
    9.8000000E-02    2.1832098E+01    1.2049433E+01
    1.0200000E-01    2.1865924E+01    1.2165159E+01
    1.0600000E-01    2.1899740E+01    1.2279361E+01
    1.1000000E-01    2.1933545E+01    1.2392056E+01
    1.1400000E-01    2.1967338E+01    1.2503264E+01
    1.1800000E-01    2.2001121E+01    1.2613006E+01
    1.2200000E-01    2.2034892E+01    1.2721299E+01
    1.2600000E-01    2.2068653E+01    1.2828162E+01
    1.3000000E-01    2.2102402E+01    1.2933614E+01
    1.3400000E-01    2.2136139E+01    1.3037672E+01
    1.3800000E-01    2.2169866E+01    1.3140356E+01
    1.4200000E-01    2.2203581E+01    1.3241682E+01
    1.4600000E-01    2.2237285E+01    1.3341668E+01
    1.5000000E-01    2.2270977E+01    1.3440332E+01
    1.5400000E-01    2.2304658E+01    1.3537691E+01
    1.5800000E-01    2.2338328E+01    1.3633760E+01
    1.6200000E-01    2.2371986E+01    1.3728558E+01
    1.6600000E-01    2.2405632E+01    1.3822101E+01
    1.7000000E-01    2.2439267E+01    1.3914404E+01
    1.7400000E-01    2.2472891E+01    1.4005484E+01
    1.7800000E-01    2.2506502E+01    1.4095357E+01
    1.8200000E-01    2.2540102E+01    1.4184038E+01
    1.8600000E-01    2.2573691E+01    1.4271543E+01
    1.9000000E-01    2.2607267E+01    1.4357887E+01
    1.9400000E-01    2.2640832E+01    1.4443084E+01
    1.9800000E-01    2.2674385E+01    1.4527151E+01
    2.0200000E-01    2.2707926E+01    1.4610102E+01
    2.0600000E-01    2.2741455E+01    1.4691950E+01
    2.1000000E-01    2.2774972E+01    1.4772711E+01
    2.1400000E-01    2.2808477E+01    1.4852398E+01
    2.1800000E-01    2.2841970E+01    1.4931026E+01
    2.2200000E-01    2.2875451E+01    1.5008607E+01
    2.2600000E-01    2.2908920E+01    1.5085157E+01
    2.3000000E-01    2.2942377E+01    1.5160688E+01
    2.3400000E-01    2.2975821E+01    1.5235213E+01
    2.3800000E-01    2.3009254E+01    1.5308746E+01
    2.4200000E-01    2.3042674E+01    1.5381299E+01
    2.4600000E-01    2.3076082E+01    1.5452886E+01
    2.5000000E-01    2.3109477E+01    1.5523518E+01
    2.5400000E-01    2.3142861E+01    1.5593208E+01
    2.5800000E-01    2.3176231E+01    1.5661969E+01
    2.6200000E-01    2.3209590E+01    1.5729813E+01
    2.6600000E-01    2.3242936E+01    1.5796751E+01
    2.7000000E-01    2.3276269E+01    1.5862796E+01
    2.7400000E-01    2.3309590E+01    1.5927958E+01
    2.7800000E-01    2.3342898E+01    1.5992250E+01
    2.8200000E-01    2.3376193E+01    1.6055683E+01
    2.8600000E-01    2.3409476E+01    1.6118268E+01
    2.9000000E-01    2.3442746E+01    1.6180016E+01
    2.9400000E-01    2.3476004E+01    1.6240939E+01
    2.9800000E-01    2.3509248E+01    1.6301046E+01
    3.0200000E-01    2.3542480E+01    1.6360349E+01
    3.0600000E-01    2.3575699E+01    1.6418858E+01
    3.1000000E-01    2.3608905E+01    1.6476583E+01
    3.1400000E-01    2.3642098E+01    1.6533536E+01
    3.1800000E-01    2.3675278E+01    1.6589725E+01
    3.2200000E-01    2.3708445E+01    1.6645161E+01
    3.2600000E-01    2.3741599E+01    1.6699853E+01
    3.3000000E-01    2.3774739E+01    1.6753812E+01
    3.3400000E-01    2.3807867E+01    1.6807048E+01
    3.3800000E-01    2.3840981E+01    1.6859569E+01
    3.4200000E-01    2.3874083E+01    1.6911384E+01
    3.4600000E-01    2.3907171E+01    1.6962504E+01
    3.5000000E-01    2.3940245E+01    1.7012938E+01
    3.5400000E-01    2.3973306E+01    1.7062693E+01
    3.5800000E-01    2.4006354E+01    1.7111780E+01
    3.6200000E-01    2.4039389E+01    1.7160207E+01
    3.6600000E-01    2.4072410E+01    1.7207983E+01
    3.7000000E-01    2.4105417E+01    1.7255116E+01
    3.7400000E-01    2.4138411E+01    1.7301614E+01
    3.7800000E-01    2.4171391E+01    1.7347487E+01
    3.8200000E-01    2.4204358E+01    1.7392742E+01
    3.8600000E-01    2.4237311E+01    1.7437388E+01
    3.9000000E-01    2.4270250E+01    1.7481432E+01
    3.9400000E-01    2.4303176E+01    1.7524882E+01
    3.9800000E-01    2.4336088E+01    1.7567747E+01
    4.0200000E-01    2.4368985E+01    1.7610033E+01
    4.0600000E-01    2.4401869E+01    1.7651749E+01
    4.1000000E-01    2.4434739E+01    1.7692903E+01
    4.1400000E-01    2.4467596E+01    1.7733500E+01
    4.1800000E-01    2.4500438E+01    1.7773550E+01
    4.2200000E-01    2.4533266E+01    1.7813059E+01
    4.2600000E-01    2.4566080E+01    1.7852033E+01
    4.3000000E-01    2.4598879E+01    1.7890482E+01
    4.3400000E-01    2.4631665E+01    1.7928410E+01
    4.3800000E-01    2.4664436E+01    1.7965826E+01
    4.4200000E-01    2.4697194E+01    1.8002735E+01
    4.4600000E-01    2.4729937E+01    1.8039145E+01
    4.5000000E-01    2.4762665E+01    1.8075062E+01
    4.5400000E-01    2.4795379E+01    1.8110493E+01
    4.5800000E-01    2.4828079E+01    1.8145445E+01
    4.6200000E-01    2.4860764E+01    1.8179922E+01
    4.6600000E-01    2.4893435E+01    1.8213933E+01
    4.7000000E-01    2.4926091E+01    1.8247482E+01
    4.7400000E-01    2.4958733E+01    1.8280577E+01
    4.7800000E-01    2.4991360E+01    1.8313223E+01
    4.8200000E-01    2.5023972E+01    1.8345426E+01
    4.8600000E-01    2.5056570E+01    1.8377191E+01
    4.9000000E-01    2.5089152E+01    1.8408526E+01
    4.9400000E-01    2.5121720E+01    1.8439435E+01
    4.9800000E-01    2.5154274E+01    1.8469925E+01
    5.0200000E-01    2.5186812E+01    1.8500000E+01
    5.0600000E-01    2.5219335E+01    1.8529666E+01
    5.1000000E-01    2.5251844E+01    1.8558929E+01
    5.1400000E-01    2.5284337E+01    1.8587794E+01
    5.1800000E-01    2.5316815E+01    1.8616267E+01
    5.2200000E-01    2.5349278E+01    1.8644352E+01
    5.2600000E-01    2.5381726E+01    1.8672054E+01
    5.3000000E-01    2.5414159E+01    1.8699380E+01
    5.3400000E-01    2.5446577E+01    1.8726333E+01
    5.3800000E-01    2.5478979E+01    1.8752920E+01
    5.4200000E-01    2.5511366E+01    1.8779144E+01
    5.4600000E-01    2.5543738E+01    1.8805010E+01
    5.5000000E-01    2.5576094E+01    1.8830524E+01
    5.5400000E-01    2.5608434E+01    1.8855690E+01
    5.5800000E-01    2.5640760E+01    1.8880513E+01
    5.6200000E-01    2.5673069E+01    1.8904997E+01
    5.6600000E-01    2.5705363E+01    1.8929146E+01
    5.7000000E-01    2.5737642E+01    1.8952966E+01
    5.7400000E-01    2.5769905E+01    1.8976461E+01
    5.7800000E-01    2.5802152E+01    1.8999634E+01
    5.8200000E-01    2.5834383E+01    1.9022491E+01
    5.8600000E-01    2.5866599E+01    1.9045036E+01
    5.9000000E-01    2.5898798E+01    1.9067272E+01
    5.9400000E-01    2.5930982E+01    1.9089204E+01
    5.9800000E-01    2.5963150E+01    1.9110836E+01
    6.0200000E-01    2.5995302E+01    1.9132172E+01
    6.0600000E-01    2.6027437E+01    1.9153216E+01
    6.1000000E-01    2.6059557E+01    1.9173972E+01
    6.1400000E-01    2.6091661E+01    1.9194443E+01
    6.1800000E-01    2.6123748E+01    1.9214634E+01
    6.2200000E-01    2.6155819E+01    1.9234549E+01
    6.2600000E-01    2.6187874E+01    1.9254190E+01
    6.3000000E-01    2.6219913E+01    1.9273562E+01
    6.3400000E-01    2.6251935E+01    1.9292668E+01
    6.3800000E-01    2.6283941E+01    1.9311513E+01
    6.4200000E-01    2.6315931E+01    1.9330098E+01
    6.4600000E-01    2.6347904E+01    1.9348429E+01
    6.5000000E-01    2.6379860E+01    1.9366507E+01
    6.5400000E-01    2.6411800E+01    1.9384338E+01
    6.5800000E-01    2.6443723E+01    1.9401923E+01
    6.6200000E-01    2.6475630E+01    1.9419267E+01
    6.6600000E-01    2.6507520E+01    1.9436373E+01
    6.7000000E-01    2.6539393E+01    1.9453243E+01
    6.7400000E-01    2.6571249E+01    1.9469881E+01
    6.7800000E-01    2.6603089E+01    1.9486291E+01
    6.8200000E-01    2.6634911E+01    1.9502474E+01
    6.8600000E-01    2.6666717E+01    1.9518435E+01
    6.9000000E-01    2.6698506E+01    1.9534176E+01
    6.9400000E-01    2.6730277E+01    1.9549700E+01
    6.9800000E-01    2.6762032E+01    1.9565011E+01
    7.0200000E-01    2.6793769E+01    1.9580110E+01
    7.0600000E-01    2.6825490E+01    1.9595002E+01
    7.1000000E-01    2.6857193E+01    1.9609688E+01
    7.1400000E-01    2.6888878E+01    1.9624171E+01
    7.1800000E-01    2.6920547E+01    1.9638455E+01
    7.2200000E-01    2.6952198E+01    1.9652542E+01
    7.2600000E-01    2.6983832E+01    1.9666434E+01
    7.3000000E-01    2.7015448E+01    1.9680134E+01
    7.3400000E-01    2.7047047E+01    1.9693646E+01
    7.3800000E-01    2.7078628E+01    1.9706971E+01
    7.4200000E-01    2.7110192E+01    1.9720111E+01
    7.4600000E-01    2.7141737E+01    1.9733070E+01
    7.5000000E-01    2.7173266E+01    1.9745850E+01
    7.5400000E-01    2.7204776E+01    1.9758454E+01
    7.5800000E-01    2.7236269E+01    1.9770883E+01
    7.6200000E-01    2.7267744E+01    1.9783140E+01
    7.6600000E-01    2.7299201E+01    1.9795227E+01
    7.7000000E-01    2.7330640E+01    1.9807147E+01
    7.7400000E-01    2.7362061E+01    1.9818903E+01
    7.7800000E-01    2.7393465E+01    1.9830495E+01
    7.8200000E-01    2.7424850E+01    1.9841927E+01
    7.8600000E-01    2.7456217E+01    1.9853200E+01
    7.9000000E-01    2.7487565E+01    1.9864318E+01
    7.9400000E-01    2.7518896E+01    1.9875281E+01
    7.9800000E-01    2.7550208E+01    1.9886092E+01
    8.0200000E-01    2.7581502E+01    1.9896754E+01
    8.0600000E-01    2.7612778E+01    1.9907267E+01
    8.1000000E-01    2.7644035E+01    1.9917635E+01
    8.1400000E-01    2.7675274E+01    1.9927859E+01
    8.1800000E-01    2.7706494E+01    1.9937941E+01
    8.2200000E-01    2.7737696E+01    1.9947882E+01
    8.2600000E-01    2.7768879E+01    1.9957686E+01
    8.3000000E-01    2.7800044E+01    1.9967354E+01
    8.3400000E-01    2.7831190E+01    1.9976887E+01
    8.3800000E-01    2.7862317E+01    1.9986288E+01
    8.4200000E-01    2.7893425E+01    1.9995559E+01
    8.4600000E-01    2.7924515E+01    2.0004700E+01
    8.5000000E-01    2.7955585E+01    2.0013714E+01
    8.5400000E-01    2.7986637E+01    2.0022603E+01
    8.5800000E-01    2.8017669E+01    2.0031368E+01
    8.6200000E-01    2.8048683E+01    2.0040012E+01
    8.6600000E-01    2.8079678E+01    2.0048535E+01
    8.7000000E-01    2.8110653E+01    2.0056939E+01
    8.7400000E-01    2.8141609E+01    2.0065226E+01
    8.7800000E-01    2.8172546E+01    2.0073398E+01
    8.8200000E-01    2.8203464E+01    2.0081456E+01
    8.8600000E-01    2.8234362E+01    2.0089402E+01
    8.9000000E-01    2.8265241E+01    2.0097237E+01
    8.9400000E-01    2.8296101E+01    2.0104963E+01
    8.9800000E-01    2.8326941E+01    2.0112581E+01
    9.0200000E-01    2.8357761E+01    2.0120093E+01
    9.0600000E-01    2.8388562E+01    2.0127501E+01
    9.1000000E-01    2.8419344E+01    2.0134804E+01
    9.1400000E-01    2.8450105E+01    2.0142006E+01
    9.1800000E-01    2.8480847E+01    2.0149108E+01
    9.2200000E-01    2.8511570E+01    2.0156110E+01
    9.2600000E-01    2.8542272E+01    2.0163015E+01
    9.3000000E-01    2.8572954E+01    2.0169823E+01
    9.3400000E-01    2.8603617E+01    2.0176536E+01
    9.3800000E-01    2.8634259E+01    2.0183155E+01
    9.4200000E-01    2.8664882E+01    2.0189682E+01
    9.4600000E-01    2.8695484E+01    2.0196117E+01
    9.5000000E-01    2.8726067E+01    2.0202463E+01
    9.5400000E-01    2.8756629E+01    2.0208720E+01
    9.5800000E-01    2.8787171E+01    2.0214889E+01
    9.6200000E-01    2.8817692E+01    2.0220972E+01
    9.6600000E-01    2.8848194E+01    2.0226971E+01
    9.7000000E-01    2.8878675E+01    2.0232885E+01
    9.7400000E-01    2.8909135E+01    2.0238716E+01
    9.7800000E-01    2.8939575E+01    2.0244466E+01
    9.8200000E-01    2.8969994E+01    2.0250135E+01
    9.8600000E-01    2.9000393E+01    2.0255725E+01
    9.9000000E-01    2.9030771E+01    2.0261237E+01
    9.9400000E-01    2.9061129E+01    2.0266671E+01
    9.9800000E-01    2.9091466E+01    2.0272029E+01
    1.0020000E+00    2.9121782E+01    2.0277313E+01
    1.0060000E+00    2.9152077E+01    2.0282522E+01
    1.0100000E+00    2.9182351E+01    2.0287658E+01
    1.0140000E+00    2.9212605E+01    2.0292722E+01
    1.0180000E+00    2.9242837E+01    2.0297716E+01
    1.0220000E+00    2.9273048E+01    2.0302639E+01
    1.0260000E+00    2.9303238E+01    2.0307493E+01
    1.0300000E+00    2.9333407E+01    2.0312279E+01
    1.0340000E+00    2.9363555E+01    2.0316998E+01
    1.0380000E+00    2.9393682E+01    2.0321651E+01
    1.0420000E+00    2.9423787E+01    2.0326238E+01
    1.0460000E+00    2.9453871E+01    2.0330762E+01
    1.0500000E+00    2.9483933E+01    2.0335221E+01
    1.0540000E+00    2.9513974E+01    2.0339618E+01
    1.0580000E+00    2.9543994E+01    2.0343953E+01
    1.0620000E+00    2.9573992E+01    2.0348228E+01
    1.0660000E+00    2.9603968E+01    2.0352442E+01
    1.0700000E+00    2.9633923E+01    2.0356598E+01
    1.0740000E+00    2.9663856E+01    2.0360694E+01
    1.0780000E+00    2.9693767E+01    2.0364734E+01
    1.0820000E+00    2.9723656E+01    2.0368716E+01
    1.0860000E+00    2.9753524E+01    2.0372643E+01
    1.0900000E+00    2.9783369E+01    2.0376514E+01
    1.0940000E+00    2.9813193E+01    2.0380331E+01
    1.0980000E+00    2.9842994E+01    2.0384095E+01
    1.1020000E+00    2.9872774E+01    2.0387805E+01
    1.1060000E+00    2.9902531E+01    2.0391463E+01
    1.1100000E+00    2.9932266E+01    2.0395070E+01
    1.1140000E+00    2.9961979E+01    2.0398626E+01
    1.1180000E+00    2.9991670E+01    2.0402132E+01
    1.1220000E+00    3.0021338E+01    2.0405589E+01
    1.1260000E+00    3.0050983E+01    2.0408997E+01
    1.1300000E+00    3.0080607E+01    2.0412358E+01
    1.1340000E+00    3.0110208E+01    2.0415671E+01
    1.1380000E+00    3.0139786E+01    2.0418937E+01
    1.1420000E+00    3.0169341E+01    2.0422157E+01
    1.1460000E+00    3.0198874E+01    2.0425332E+01
    1.1500000E+00    3.0228384E+01    2.0428463E+01
    1.1540000E+00    3.0257872E+01    2.0431549E+01
    1.1580000E+00    3.0287336E+01    2.0434592E+01
    1.1620000E+00    3.0316778E+01    2.0437592E+01
    1.1660000E+00    3.0346197E+01    2.0440550E+01
    1.1700000E+00    3.0375593E+01    2.0443466E+01
    1.1740000E+00    3.0404965E+01    2.0446341E+01
    1.1780000E+00    3.0434315E+01    2.0449176E+01
    1.1820000E+00    3.0463641E+01    2.0451971E+01
    1.1860000E+00    3.0492945E+01    2.0454726E+01
    1.1900000E+00    3.0522225E+01    2.0457443E+01
    1.1940000E+00    3.0551481E+01    2.0460121E+01
    1.1980000E+00    3.0580715E+01    2.0462762E+01
    1.2020000E+00    3.0609925E+01    2.0465365E+01
    1.2060000E+00    3.0639111E+01    2.0467932E+01
    1.2100000E+00    3.0668274E+01    2.0470463E+01
    1.2140000E+00    3.0697413E+01    2.0472958E+01
    1.2180000E+00    3.0726529E+01    2.0475417E+01
    1.2220000E+00    3.0755621E+01    2.0477843E+01
    1.2260000E+00    3.0784689E+01    2.0480234E+01
    1.2300000E+00    3.0813733E+01    2.0482591E+01
    1.2340000E+00    3.0842754E+01    2.0484915E+01
    1.2380000E+00    3.0871750E+01    2.0487207E+01
    1.2420000E+00    3.0900723E+01    2.0489466E+01
    1.2460000E+00    3.0929672E+01    2.0491693E+01
    1.2500000E+00    3.0958596E+01    2.0493889E+01
    1.2540000E+00    3.0987497E+01    2.0496054E+01
    1.2580000E+00    3.1016373E+01    2.0498189E+01
    1.2620000E+00    3.1045225E+01    2.0500294E+01
    1.2660000E+00    3.1074053E+01    2.0502368E+01
    1.2700000E+00    3.1102856E+01    2.0504414E+01
    1.2740000E+00    3.1131635E+01    2.0506431E+01
    1.2780000E+00    3.1160389E+01    2.0508420E+01
    1.2820000E+00    3.1189119E+01    2.0510380E+01
    1.2860000E+00    3.1217825E+01    2.0512313E+01
    1.2900000E+00    3.1246506E+01    2.0514219E+01
    1.2940000E+00    3.1275162E+01    2.0516097E+01
    1.2980000E+00    3.1303793E+01    2.0517950E+01
    1.3020000E+00    3.1332400E+01    2.0519776E+01
    1.3060000E+00    3.1360981E+01    2.0521577E+01
    1.3100000E+00    3.1389538E+01    2.0523352E+01
    1.3140000E+00    3.1418070E+01    2.0525102E+01
    1.3180000E+00    3.1446577E+01    2.0526828E+01
    1.3220000E+00    3.1475059E+01    2.0528530E+01
    1.3260000E+00    3.1503515E+01    2.0530207E+01
    1.3300000E+00    3.1531947E+01    2.0531861E+01
    1.3340000E+00    3.1560353E+01    2.0533492E+01
    1.3380000E+00    3.1588734E+01    2.0535099E+01
    1.3420000E+00    3.1617090E+01    2.0536684E+01
    1.3460000E+00    3.1645420E+01    2.0538247E+01
    1.3500000E+00    3.1673724E+01    2.0539788E+01
    1.3540000E+00    3.1702004E+01    2.0541307E+01
    1.3580000E+00    3.1730257E+01    2.0542805E+01
    1.3620000E+00    3.1758485E+01    2.0544282E+01
    1.3660000E+00    3.1786688E+01    2.0545738E+01
    1.3700000E+00    3.1814864E+01    2.0547174E+01
    1.3740000E+00    3.1843015E+01    2.0548589E+01
    1.3780000E+00    3.1871140E+01    2.0549985E+01
    1.3820000E+00    3.1899239E+01    2.0551361E+01
    1.3860000E+00    3.1927312E+01    2.0552717E+01
    1.3900000E+00    3.1955360E+01    2.0554055E+01
    1.3940000E+00    3.1983381E+01    2.0555374E+01
    1.3980000E+00    3.2011376E+01    2.0556674E+01
    1.4020000E+00    3.2039344E+01    2.0557956E+01
    1.4060000E+00    3.2067287E+01    2.0559220E+01
    1.4100000E+00    3.2095203E+01    2.0560467E+01
    1.4140000E+00    3.2123093E+01    2.0561696E+01
    1.4180000E+00    3.2150956E+01    2.0562908E+01
    1.4220000E+00    3.2178793E+01    2.0564102E+01
    1.4260000E+00    3.2206604E+01    2.0565280E+01
    1.4300000E+00    3.2234387E+01    2.0566442E+01
    1.4340000E+00    3.2262145E+01    2.0567587E+01
    1.4380000E+00    3.2289875E+01    2.0568717E+01
    1.4420000E+00    3.2317579E+01    2.0569830E+01
    1.4460000E+00    3.2345256E+01    2.0570928E+01
    1.4500000E+00    3.2372906E+01    2.0572010E+01
    1.4540000E+00    3.2400529E+01    2.0573078E+01
    1.4580000E+00    3.2428125E+01    2.0574130E+01
    1.4620000E+00    3.2455694E+01    2.0575168E+01
    1.4660000E+00    3.2483236E+01    2.0576192E+01
    1.4700000E+00    3.2510751E+01    2.0577201E+01
    1.4740000E+00    3.2538239E+01    2.0578196E+01
    1.4780000E+00    3.2565699E+01    2.0579177E+01
    1.4820000E+00    3.2593133E+01    2.0580144E+01
    1.4860000E+00    3.2620538E+01    2.0581098E+01
    1.4900000E+00    3.2647917E+01    2.0582039E+01
    1.4940000E+00    3.2675268E+01    2.0582966E+01
    1.4980000E+00    3.2702591E+01    2.0583881E+01
    1.5020000E+00    3.2729886E+01    2.0584783E+01
    1.5060000E+00    3.2757154E+01    2.0585672E+01
    1.5100000E+00    3.2784395E+01    2.0586549E+01
    1.5140000E+00    3.2811607E+01    2.0587414E+01
    1.5180000E+00    3.2838792E+01    2.0588266E+01
    1.5220000E+00    3.2865949E+01    2.0589107E+01
    1.5260000E+00    3.2893078E+01    2.0589937E+01
    1.5300000E+00    3.2920178E+01    2.0590754E+01
    1.5340000E+00    3.2947251E+01    2.0591561E+01
    1.5380000E+00    3.2974296E+01    2.0592356E+01
    1.5420000E+00    3.3001312E+01    2.0593140E+01
    1.5460000E+00    3.3028301E+01    2.0593914E+01
    1.5500000E+00    3.3055260E+01    2.0594676E+01
    1.5540000E+00    3.3082192E+01    2.0595428E+01
    1.5580000E+00    3.3109095E+01    2.0596170E+01
    1.5620000E+00    3.3135970E+01    2.0596902E+01
    1.5660000E+00    3.3162816E+01    2.0597623E+01
    1.5700000E+00    3.3189634E+01    2.0598334E+01
    1.5740000E+00    3.3216423E+01    2.0599036E+01
    1.5780000E+00    3.3243183E+01    2.0599728E+01
    1.5820000E+00    3.3269914E+01    2.0600410E+01
    1.5860000E+00    3.3296617E+01    2.0601083E+01
    1.5900000E+00    3.3323291E+01    2.0601747E+01
    1.5940000E+00    3.3349936E+01    2.0602401E+01
    1.5980000E+00    3.3376552E+01    2.0603047E+01
    1.6020000E+00    3.3403139E+01    2.0603684E+01
    1.6060000E+00    3.3429696E+01    2.0604312E+01
    1.6100000E+00    3.3456225E+01    2.0604931E+01
    1.6140000E+00    3.3482724E+01    2.0605542E+01
    1.6180000E+00    3.3509195E+01    2.0606144E+01
    1.6220000E+00    3.3535635E+01    2.0606739E+01
    1.6260000E+00    3.3562047E+01    2.0607325E+01
    1.6300000E+00    3.3588429E+01    2.0607903E+01
    1.6340000E+00    3.3614781E+01    2.0608473E+01
    1.6380000E+00    3.3641104E+01    2.0609036E+01
    1.6420000E+00    3.3667397E+01    2.0609590E+01
    1.6460000E+00    3.3693661E+01    2.0610138E+01
    1.6500000E+00    3.3719894E+01    2.0610677E+01
    1.6540000E+00    3.3746098E+01    2.0611210E+01
    1.6580000E+00    3.3772273E+01    2.0611735E+01
    1.6620000E+00    3.3798417E+01    2.0612253E+01
    1.6660000E+00    3.3824531E+01    2.0612764E+01
    1.6700000E+00    3.3850615E+01    2.0613268E+01
    1.6740000E+00    3.3876669E+01    2.0613765E+01
    1.6780000E+00    3.3902693E+01    2.0614256E+01
    1.6820000E+00    3.3928687E+01    2.0614740E+01
    1.6860000E+00    3.3954651E+01    2.0615217E+01
    1.6900000E+00    3.3980584E+01    2.0615688E+01
    1.6940000E+00    3.4006487E+01    2.0616153E+01
    1.6980000E+00    3.4032359E+01    2.0616611E+01
    1.7020000E+00    3.4058201E+01    2.0617063E+01
    1.7060000E+00    3.4084012E+01    2.0617509E+01
    1.7100000E+00    3.4109793E+01    2.0617949E+01
    1.7140000E+00    3.4135543E+01    2.0618383E+01
    1.7180000E+00    3.4161262E+01    2.0618811E+01
    1.7220000E+00    3.4186950E+01    2.0619234E+01
    1.7260000E+00    3.4212608E+01    2.0619651E+01
    1.7300000E+00    3.4238235E+01    2.0620062E+01
    1.7340000E+00    3.4263830E+01    2.0620468E+01
    1.7380000E+00    3.4289395E+01    2.0620869E+01
    1.7420000E+00    3.4314929E+01    2.0621264E+01
    1.7460000E+00    3.4340431E+01    2.0621654E+01
    1.7500000E+00    3.4365903E+01    2.0622038E+01
    1.7540000E+00    3.4391343E+01    2.0622418E+01
    1.7580000E+00    3.4416751E+01    2.0622792E+01
    1.7620000E+00    3.4442129E+01    2.0623162E+01
    1.7660000E+00    3.4467474E+01    2.0623526E+01
    1.7700000E+00    3.4492789E+01    2.0623886E+01
    1.7740000E+00    3.4518072E+01    2.0624241E+01
    1.7780000E+00    3.4543323E+01    2.0624592E+01
    1.7820000E+00    3.4568542E+01    2.0624938E+01
    1.7860000E+00    3.4593730E+01    2.0625279E+01
    1.7900000E+00    3.4618886E+01    2.0625616E+01
    1.7940000E+00    3.4644010E+01    2.0625948E+01
    1.7980000E+00    3.4669103E+01    2.0626276E+01
    1.8020000E+00    3.4694163E+01    2.0626600E+01
    1.8060000E+00    3.4719191E+01    2.0626919E+01
    1.8100000E+00    3.4744187E+01    2.0627235E+01
    1.8140000E+00    3.4769151E+01    2.0627546E+01
    1.8180000E+00    3.4794083E+01    2.0627853E+01
    1.8220000E+00    3.4818983E+01    2.0628156E+01
    1.8260000E+00    3.4843850E+01    2.0628455E+01
    1.8300000E+00    3.4868685E+01    2.0628751E+01
    1.8340000E+00    3.4893487E+01    2.0629042E+01
    1.8380000E+00    3.4918257E+01    2.0629330E+01
    1.8420000E+00    3.4942995E+01    2.0629614E+01
    1.8460000E+00    3.4967699E+01    2.0629895E+01
    1.8500000E+00    3.4992371E+01    2.0630171E+01
    1.8540000E+00    3.5017011E+01    2.0630445E+01
    1.8580000E+00    3.5041617E+01    2.0630715E+01
    1.8620000E+00    3.5066191E+01    2.0630981E+01
    1.8660000E+00    3.5090732E+01    2.0631244E+01
    1.8700000E+00    3.5115240E+01    2.0631503E+01
    1.8740000E+00    3.5139715E+01    2.0631760E+01
    1.8780000E+00    3.5164156E+01    2.0632013E+01
    1.8820000E+00    3.5188565E+01    2.0632262E+01
    1.8860000E+00    3.5212940E+01    2.0632509E+01
    1.8900000E+00    3.5237283E+01    2.0632753E+01
    1.8940000E+00    3.5261591E+01    2.0632993E+01
    1.8980000E+00    3.5285867E+01    2.0633230E+01
    1.9020000E+00    3.5310109E+01    2.0633465E+01
    1.9060000E+00    3.5334317E+01    2.0633696E+01
    1.9100000E+00    3.5358492E+01    2.0633925E+01
    1.9140000E+00    3.5382634E+01    2.0634151E+01
    1.9180000E+00    3.5406741E+01    2.0634374E+01
    1.9220000E+00    3.5430815E+01    2.0634594E+01
    1.9260000E+00    3.5454855E+01    2.0634811E+01
    1.9300000E+00    3.5478862E+01    2.0635026E+01
    1.9340000E+00    3.5502834E+01    2.0635238E+01
    1.9380000E+00    3.5526772E+01    2.0635448E+01
    1.9420000E+00    3.5550677E+01    2.0635654E+01
    1.9460000E+00    3.5574547E+01    2.0635859E+01
    1.9500000E+00    3.5598383E+01    2.0636061E+01
    1.9540000E+00    3.5622185E+01    2.0636260E+01
    1.9580000E+00    3.5645953E+01    2.0636457E+01
    1.9620000E+00    3.5669686E+01    2.0636651E+01
    1.9660000E+00    3.5693385E+01    2.0636844E+01
    1.9700000E+00    3.5717050E+01    2.0637033E+01
    1.9740000E+00    3.5740680E+01    2.0637221E+01
    1.9780000E+00    3.5764275E+01    2.0637406E+01
    1.9820000E+00    3.5787836E+01    2.0637589E+01
    1.9860000E+00    3.5811362E+01    2.0637770E+01
    1.9900000E+00    3.5834854E+01    2.0637949E+01
    1.9940000E+00    3.5858311E+01    2.0638125E+01
    1.9980000E+00    3.5881732E+01    2.0638300E+01
    2.0020000E+00    3.5905119E+01    2.0638472E+01
    2.0060000E+00    3.5928471E+01    2.0638642E+01
    2.0100000E+00    3.5951788E+01    2.0638810E+01
    2.0140000E+00    3.5975070E+01    2.0638977E+01
    2.0180000E+00    3.5998317E+01    2.0639141E+01
    2.0220000E+00    3.6021528E+01    2.0639303E+01
    2.0260000E+00    3.6044705E+01    2.0639464E+01
    2.0300000E+00    3.6067846E+01    2.0639622E+01
    2.0340000E+00    3.6090951E+01    2.0639779E+01
    2.0380000E+00    3.6114021E+01    2.0639934E+01
    2.0420000E+00    3.6137056E+01    2.0640087E+01
    2.0460000E+00    3.6160055E+01    2.0640238E+01
    2.0500000E+00    3.6183018E+01    2.0640388E+01
    2.0540000E+00    3.6205946E+01    2.0640536E+01
    2.0580000E+00    3.6228838E+01    2.0640682E+01
    2.0620000E+00    3.6251695E+01    2.0640827E+01
    2.0660000E+00    3.6274515E+01    2.0640969E+01
    2.0700000E+00    3.6297299E+01    2.0641111E+01
    2.0740000E+00    3.6320048E+01    2.0641250E+01
    2.0780000E+00    3.6342761E+01    2.0641388E+01
    2.0820000E+00    3.6365437E+01    2.0641525E+01
    2.0860000E+00    3.6388077E+01    2.0641660E+01
    2.0900000E+00    3.6410682E+01    2.0641793E+01
    2.0940000E+00    3.6433249E+01    2.0641925E+01
    2.0980000E+00    3.6455781E+01    2.0642055E+01
    2.1020000E+00    3.6478276E+01    2.0642184E+01
    2.1060000E+00    3.6500735E+01    2.0642312E+01
    2.1100000E+00    3.6523157E+01    2.0642438E+01
    2.1140000E+00    3.6545543E+01    2.0642563E+01
    2.1180000E+00    3.6567892E+01    2.0642686E+01
    2.1220000E+00    3.6590205E+01    2.0642808E+01
    2.1260000E+00    3.6612480E+01    2.0642929E+01
    2.1300000E+00    3.6634719E+01    2.0643048E+01
    2.1340000E+00    3.6656921E+01    2.0643167E+01
    2.1380000E+00    3.6679087E+01    2.0643283E+01
    2.1420000E+00    3.6701215E+01    2.0643399E+01
    2.1460000E+00    3.6723306E+01    2.0643513E+01
    2.1500000E+00    3.6745360E+01    2.0643626E+01
    2.1540000E+00    3.6767378E+01    2.0643738E+01
    2.1580000E+00    3.6789357E+01    2.0643849E+01
    2.1620000E+00    3.6811300E+01    2.0643958E+01
    2.1660000E+00    3.6833205E+01    2.0644067E+01
    2.1700000E+00    3.6855073E+01    2.0644174E+01
    2.1740000E+00    3.6876904E+01    2.0644280E+01
    2.1780000E+00    3.6898697E+01    2.0644385E+01
    2.1820000E+00    3.6920453E+01    2.0644489E+01
    2.1860000E+00    3.6942171E+01    2.0644592E+01
    2.1900000E+00    3.6963851E+01    2.0644693E+01
    2.1940000E+00    3.6985494E+01    2.0644794E+01
    2.1980000E+00    3.7007099E+01    2.0644894E+01
    2.2020000E+00    3.7028666E+01    2.0644992E+01
    2.2060000E+00    3.7050195E+01    2.0645090E+01
    2.2100000E+00    3.7071686E+01    2.0645187E+01
    2.2140000E+00    3.7093139E+01    2.0645282E+01
    2.2180000E+00    3.7114555E+01    2.0645377E+01
    2.2220000E+00    3.7135932E+01    2.0645471E+01
    2.2260000E+00    3.7157271E+01    2.0645564E+01
    2.2300000E+00    3.7178571E+01    2.0645656E+01
    2.2340000E+00    3.7199834E+01    2.0645746E+01
    2.2380000E+00    3.7221058E+01    2.0645837E+01
    2.2420000E+00    3.7242244E+01    2.0645926E+01
    2.2460000E+00    3.7263391E+01    2.0646014E+01
    2.2500000E+00    3.7284500E+01    2.0646101E+01
    2.2540000E+00    3.7305570E+01    2.0646188E+01
    2.2580000E+00    3.7326601E+01    2.0646274E+01
    2.2620000E+00    3.7347594E+01    2.0646359E+01
    2.2660000E+00    3.7368548E+01    2.0646443E+01
    2.2700000E+00    3.7389464E+01    2.0646526E+01
    2.2740000E+00    3.7410340E+01    2.0646609E+01
    2.2780000E+00    3.7431178E+01    2.0646690E+01
    2.2820000E+00    3.7451976E+01    2.0646771E+01
    2.2860000E+00    3.7472736E+01    2.0646851E+01
    2.2900000E+00    3.7493457E+01    2.0646931E+01
    2.2940000E+00    3.7514138E+01    2.0647009E+01
    2.2980000E+00    3.7534780E+01    2.0647087E+01
    2.3020000E+00    3.7555383E+01    2.0647165E+01
    2.3060000E+00    3.7575947E+01    2.0647241E+01
    2.3100000E+00    3.7596471E+01    2.0647317E+01
    2.3140000E+00    3.7616956E+01    2.0647392E+01
    2.3180000E+00    3.7637401E+01    2.0647466E+01
    2.3220000E+00    3.7657807E+01    2.0647540E+01
    2.3260000E+00    3.7678174E+01    2.0647613E+01
    2.3300000E+00    3.7698500E+01    2.0647686E+01
    2.3340000E+00    3.7718787E+01    2.0647757E+01
    2.3380000E+00    3.7739034E+01    2.0647828E+01
    2.3420000E+00    3.7759242E+01    2.0647899E+01
    2.3460000E+00    3.7779409E+01    2.0647969E+01
    2.3500000E+00    3.7799537E+01    2.0648038E+01
    2.3540000E+00    3.7819624E+01    2.0648107E+01
    2.3580000E+00    3.7839672E+01    2.0648175E+01
    2.3620000E+00    3.7859680E+01    2.0648242E+01
    2.3660000E+00    3.7879647E+01    2.0648309E+01
    2.3700000E+00    3.7899574E+01    2.0648375E+01
    2.3740000E+00    3.7919461E+01    2.0648441E+01
    2.3780000E+00    3.7939307E+01    2.0648506E+01
    2.3820000E+00    3.7959114E+01    2.0648571E+01
    2.3860000E+00    3.7978879E+01    2.0648635E+01
    2.3900000E+00    3.7998605E+01    2.0648698E+01
    2.3940000E+00    3.8018289E+01    2.0648761E+01
    2.3980000E+00    3.8037934E+01    2.0648824E+01
    2.4020000E+00    3.8057537E+01    2.0648886E+01
    2.4060000E+00    3.8077100E+01    2.0648947E+01
    2.4100000E+00    3.8096622E+01    2.0649008E+01
    2.4140000E+00    3.8116103E+01    2.0649068E+01
    2.4180000E+00    3.8135544E+01    2.0649128E+01
    2.4220000E+00    3.8154943E+01    2.0649188E+01
    2.4260000E+00    3.8174302E+01    2.0649246E+01
    2.4300000E+00    3.8193619E+01    2.0649305E+01
    2.4340000E+00    3.8212895E+01    2.0649363E+01
    2.4380000E+00    3.8232131E+01    2.0649420E+01
    2.4420000E+00    3.8251325E+01    2.0649477E+01
    2.4460000E+00    3.8270477E+01    2.0649534E+01
    2.4500000E+00    3.8289589E+01    2.0649590E+01
    2.4540000E+00    3.8308659E+01    2.0649646E+01
    2.4580000E+00    3.8327688E+01    2.0649701E+01
    2.4620000E+00    3.8346675E+01    2.0649756E+01
    2.4660000E+00    3.8365620E+01    2.0649811E+01
    2.4700000E+00    3.8384525E+01    2.0649865E+01
    2.4740000E+00    3.8403387E+01    2.0649918E+01
    2.4780000E+00    3.8422208E+01    2.0649971E+01
    2.4820000E+00    3.8440987E+01    2.0650024E+01
    2.4860000E+00    3.8459724E+01    2.0650076E+01
    2.4900000E+00    3.8478419E+01    2.0650128E+01
    2.4940000E+00    3.8497073E+01    2.0650180E+01
    2.4980000E+00    3.8515684E+01    2.0650231E+01
    2.5020000E+00    3.8534254E+01    2.0650282E+01
    2.5060000E+00    3.8552781E+01    2.0650332E+01
    2.5100000E+00    3.8571267E+01    2.0650383E+01
    2.5140000E+00    3.8589710E+01    2.0650432E+01
    2.5180000E+00    3.8608111E+01    2.0650482E+01
    2.5220000E+00    3.8626470E+01    2.0650531E+01
    2.5260000E+00    3.8644786E+01    2.0650579E+01
    2.5300000E+00    3.8663060E+01    2.0650627E+01
    2.5340000E+00    3.8681291E+01    2.0650675E+01
    2.5380000E+00    3.8699480E+01    2.0650723E+01
    2.5420000E+00    3.8717627E+01    2.0650770E+01
    2.5460000E+00    3.8735731E+01    2.0650817E+01
    2.5500000E+00    3.8753792E+01    2.0650864E+01
    2.5540000E+00    3.8771810E+01    2.0650910E+01
    2.5580000E+00    3.8789786E+01    2.0650956E+01
    2.5620000E+00    3.8807719E+01    2.0651002E+01
    2.5660000E+00    3.8825609E+01    2.0651047E+01
    2.5700000E+00    3.8843456E+01    2.0651092E+01
    2.5740000E+00    3.8861260E+01    2.0651136E+01
    2.5780000E+00    3.8879022E+01    2.0651181E+01
    2.5820000E+00    3.8896740E+01    2.0651225E+01
    2.5860000E+00    3.8914415E+01    2.0651269E+01
    2.5900000E+00    3.8932046E+01    2.0651312E+01
    2.5940000E+00    3.8949635E+01    2.0651355E+01
    2.5980000E+00    3.8967180E+01    2.0651398E+01
    2.6020000E+00    3.8984682E+01    2.0651441E+01
    2.6060000E+00    3.9002141E+01    2.0651483E+01
    2.6100000E+00    3.9019556E+01    2.0651525E+01
    2.6140000E+00    3.9036928E+01    2.0651567E+01
    2.6180000E+00    3.9054256E+01    2.0651608E+01
    2.6220000E+00    3.9071540E+01    2.0651650E+01
    2.6260000E+00    3.9088781E+01    2.0651691E+01
    2.6300000E+00    3.9105978E+01    2.0651731E+01
    2.6340000E+00    3.9123132E+01    2.0651772E+01
    2.6380000E+00    3.9140241E+01    2.0651812E+01
    2.6420000E+00    3.9157307E+01    2.0651852E+01
    2.6460000E+00    3.9174329E+01    2.0651891E+01
    2.6500000E+00    3.9191307E+01    2.0651931E+01
    2.6540000E+00    3.9208241E+01    2.0651970E+01
    2.6580000E+00    3.9225131E+01    2.0652009E+01
    2.6620000E+00    3.9241977E+01    2.0652047E+01
    2.6660000E+00    3.9258778E+01    2.0652086E+01
    2.6700000E+00    3.9275536E+01    2.0652124E+01
    2.6740000E+00    3.9292249E+01    2.0652162E+01
    2.6780000E+00    3.9308918E+01    2.0652200E+01
    2.6820000E+00    3.9325542E+01    2.0652237E+01
    2.6860000E+00    3.9342122E+01    2.0652274E+01
    2.6900000E+00    3.9358658E+01    2.0652311E+01
    2.6940000E+00    3.9375149E+01    2.0652348E+01
    2.6980000E+00    3.9391596E+01    2.0652385E+01
    2.7020000E+00    3.9407998E+01    2.0652421E+01
    2.7060000E+00    3.9424355E+01    2.0652457E+01
    2.7100000E+00    3.9440668E+01    2.0652493E+01
    2.7140000E+00    3.9456935E+01    2.0652529E+01
    2.7180000E+00    3.9473159E+01    2.0652564E+01
    2.7220000E+00    3.9489337E+01    2.0652600E+01
    2.7260000E+00    3.9505470E+01    2.0652635E+01
    2.7300000E+00    3.9521558E+01    2.0652669E+01
    2.7340000E+00    3.9537602E+01    2.0652704E+01
    2.7380000E+00    3.9553600E+01    2.0652738E+01
    2.7420000E+00    3.9569553E+01    2.0652773E+01
    2.7460000E+00    3.9585461E+01    2.0652807E+01
    2.7500000E+00    3.9601324E+01    2.0652841E+01
    2.7540000E+00    3.9617142E+01    2.0652874E+01
    2.7580000E+00    3.9632914E+01    2.0652908E+01
    2.7620000E+00    3.9648641E+01    2.0652941E+01
    2.7660000E+00    3.9664323E+01    2.0652974E+01
    2.7700000E+00    3.9679959E+01    2.0653007E+01
    2.7740000E+00    3.9695550E+01    2.0653040E+01
    2.7780000E+00    3.9711095E+01    2.0653072E+01
    2.7820000E+00    3.9726595E+01    2.0653104E+01
    2.7860000E+00    3.9742048E+01    2.0653136E+01
    2.7900000E+00    3.9757457E+01    2.0653168E+01
    2.7940000E+00    3.9772819E+01    2.0653200E+01
    2.7980000E+00    3.9788136E+01    2.0653232E+01
    2.8020000E+00    3.9803407E+01    2.0653263E+01
    2.8060000E+00    3.9818632E+01    2.0653294E+01
    2.8100000E+00    3.9833811E+01    2.0653325E+01
    2.8140000E+00    3.9848945E+01    2.0653356E+01
    2.8180000E+00    3.9864032E+01    2.0653387E+01
    2.8220000E+00    3.9879073E+01    2.0653418E+01
    2.8260000E+00    3.9894068E+01    2.0653448E+01
    2.8300000E+00    3.9909017E+01    2.0653478E+01
    2.8340000E+00    3.9923920E+01    2.0653508E+01
    2.8380000E+00    3.9938776E+01    2.0653538E+01
    2.8420000E+00    3.9953586E+01    2.0653568E+01
    2.8460000E+00    3.9968350E+01    2.0653597E+01
    2.8500000E+00    3.9983068E+01    2.0653627E+01
    2.8540000E+00    3.9997739E+01    2.0653656E+01
    2.8580000E+00    4.0012364E+01    2.0653685E+01
    2.8620000E+00    4.0026942E+01    2.0653714E+01
    2.8660000E+00    4.0041473E+01    2.0653743E+01
    2.8700000E+00    4.0055958E+01    2.0653771E+01
    2.8740000E+00    4.0070396E+01    2.0653800E+01
    2.8780000E+00    4.0084788E+01    2.0653828E+01
    2.8820000E+00    4.0099133E+01    2.0653856E+01
    2.8860000E+00    4.0113431E+01    2.0653884E+01
    2.8900000E+00    4.0127682E+01    2.0653912E+01
    2.8940000E+00    4.0141886E+01    2.0653940E+01
    2.8980000E+00    4.0156044E+01    2.0653967E+01
    2.9020000E+00    4.0170154E+01    2.0653994E+01
    2.9060000E+00    4.0184218E+01    2.0654022E+01
    2.9100000E+00    4.0198234E+01    2.0654049E+01
    2.9140000E+00    4.0212203E+01    2.0654076E+01
    2.9180000E+00    4.0226125E+01    2.0654102E+01
    2.9220000E+00    4.0240000E+01    2.0654129E+01
    2.9260000E+00    4.0253828E+01    2.0654156E+01
    2.9300000E+00    4.0267608E+01    2.0654182E+01
    2.9340000E+00    4.0281342E+01    2.0654208E+01
    2.9380000E+00    4.0295027E+01    2.0654234E+01
    2.9420000E+00    4.0308666E+01    2.0654260E+01
    2.9460000E+00    4.0322257E+01    2.0654286E+01
    2.9500000E+00    4.0335800E+01    2.0654312E+01
    2.9540000E+00    4.0349296E+01    2.0654337E+01
    2.9580000E+00    4.0362744E+01    2.0654363E+01
    2.9620000E+00    4.0376145E+01    2.0654388E+01
    2.9660000E+00    4.0389498E+01    2.0654413E+01
    2.9700000E+00    4.0402803E+01    2.0654438E+01
    2.9740000E+00    4.0416061E+01    2.0654463E+01
    2.9780000E+00    4.0429270E+01    2.0654488E+01
    2.9820000E+00    4.0442432E+01    2.0654512E+01
    2.9860000E+00    4.0455546E+01    2.0654537E+01
    2.9900000E+00    4.0468613E+01    2.0654561E+01
    2.9940000E+00    4.0481631E+01    2.0654585E+01
    2.9980000E+00    4.0494601E+01    2.0654610E+01
    3.0020000E+00    4.0507523E+01    2.0654634E+01
    3.0060000E+00    4.0520397E+01    2.0654657E+01
    3.0100000E+00    4.0533223E+01    2.0654681E+01
    3.0140000E+00    4.0546001E+01    2.0654705E+01
    3.0180000E+00    4.0558730E+01    2.0654728E+01
    3.0220000E+00    4.0571412E+01    2.0654751E+01
    3.0260000E+00    4.0584045E+01    2.0654775E+01
    3.0300000E+00    4.0596629E+01    2.0654798E+01
    3.0340000E+00    4.0609166E+01    2.0654821E+01
    3.0380000E+00    4.0621653E+01    2.0654844E+01
    3.0420000E+00    4.0634093E+01    2.0654866E+01
    3.0460000E+00    4.0646484E+01    2.0654889E+01
    3.0500000E+00    4.0658826E+01    2.0654911E+01
    3.0540000E+00    4.0671120E+01    2.0654934E+01
    3.0580000E+00    4.0683365E+01    2.0654956E+01
    3.0620000E+00    4.0695562E+01    2.0654978E+01
    3.0660000E+00    4.0707710E+01    2.0655000E+01
    3.0700000E+00    4.0719809E+01    2.0655022E+01
    3.0740000E+00    4.0731859E+01    2.0655044E+01
    3.0780000E+00    4.0743861E+01    2.0655066E+01
    3.0820000E+00    4.0755814E+01    2.0655087E+01
    3.0860000E+00    4.0767718E+01    2.0655109E+01
    3.0900000E+00    4.0779572E+01    2.0655130E+01
    3.0940000E+00    4.0791378E+01    2.0655151E+01
    3.0980000E+00    4.0803135E+01    2.0655172E+01
    3.1020000E+00    4.0814843E+01    2.0655193E+01
    3.1060000E+00    4.0826502E+01    2.0655214E+01
    3.1100000E+00    4.0838112E+01    2.0655235E+01
    3.1140000E+00    4.0849672E+01    2.0655255E+01
    3.1180000E+00    4.0861184E+01    2.0655276E+01
    3.1220000E+00    4.0872646E+01    2.0655296E+01
    3.1260000E+00    4.0884059E+01    2.0655317E+01
    3.1300000E+00    4.0895422E+01    2.0655337E+01
    3.1340000E+00    4.0906737E+01    2.0655357E+01
    3.1380000E+00    4.0918001E+01    2.0655377E+01
    3.1420000E+00    4.0929217E+01    2.0655397E+01
    3.1460000E+00    4.0940383E+01    2.0655416E+01
    3.1500000E+00    4.0951499E+01    2.0655436E+01
    3.1540000E+00    4.0962566E+01    2.0655456E+01
    3.1580000E+00    4.0973584E+01    2.0655475E+01
    3.1620000E+00    4.0984551E+01    2.0655494E+01
    3.1660000E+00    4.0995470E+01    2.0655514E+01
    3.1700000E+00    4.1006338E+01    2.0655533E+01
    3.1740000E+00    4.1017157E+01    2.0655552E+01
    3.1780000E+00    4.1027926E+01    2.0655570E+01
    3.1820000E+00    4.1038645E+01    2.0655589E+01
    3.1860000E+00    4.1049315E+01    2.0655608E+01
    3.1900000E+00    4.1059934E+01    2.0655627E+01
    3.1940000E+00    4.1070504E+01    2.0655645E+01
    3.1980000E+00    4.1081024E+01    2.0655663E+01
    3.2020000E+00    4.1091494E+01    2.0655682E+01
    3.2060000E+00    4.1101914E+01    2.0655700E+01
    3.2100000E+00    4.1112283E+01    2.0655718E+01
    3.2140000E+00    4.1122603E+01    2.0655736E+01
    3.2180000E+00    4.1132873E+01    2.0655754E+01
    3.2220000E+00    4.1143093E+01    2.0655771E+01
    3.2260000E+00    4.1153262E+01    2.0655789E+01
    3.2300000E+00    4.1163381E+01    2.0655806E+01
    3.2340000E+00    4.1173450E+01    2.0655824E+01
    3.2380000E+00    4.1183469E+01    2.0655841E+01
    3.2420000E+00    4.1193437E+01    2.0655858E+01
    3.2460000E+00    4.1203356E+01    2.0655876E+01
    3.2500000E+00    4.1213223E+01    2.0655893E+01
    3.2540000E+00    4.1223041E+01    2.0655910E+01
    3.2580000E+00    4.1232808E+01    2.0655926E+01
    3.2620000E+00    4.1242524E+01    2.0655943E+01
    3.2660000E+00    4.1252190E+01    2.0655960E+01
    3.2700000E+00    4.1261806E+01    2.0655976E+01
    3.2740000E+00    4.1271371E+01    2.0655993E+01
    3.2780000E+00    4.1280885E+01    2.0656009E+01
    3.2820000E+00    4.1290349E+01    2.0656025E+01
    3.2860000E+00    4.1299762E+01    2.0656041E+01
    3.2900000E+00    4.1309124E+01    2.0656057E+01
    3.2940000E+00    4.1318436E+01    2.0656073E+01
    3.2980000E+00    4.1327697E+01    2.0656089E+01
    3.3020000E+00    4.1336907E+01    2.0656105E+01
    3.3060000E+00    4.1346067E+01    2.0656120E+01
    3.3100000E+00    4.1355175E+01    2.0656136E+01
    3.3140000E+00    4.1364233E+01    2.0656151E+01
    3.3180000E+00    4.1373240E+01    2.0656167E+01
    3.3220000E+00    4.1382195E+01    2.0656182E+01
    3.3260000E+00    4.1391100E+01    2.0656197E+01
    3.3300000E+00    4.1399954E+01    2.0656212E+01
    3.3340000E+00    4.1408757E+01    2.0656227E+01
    3.3380000E+00    4.1417509E+01    2.0656242E+01
    3.3420000E+00    4.1426210E+01    2.0656257E+01
    3.3460000E+00    4.1434860E+01    2.0656271E+01
    3.3500000E+00    4.1443458E+01    2.0656286E+01
    3.3540000E+00    4.1452005E+01    2.0656300E+01
    3.3580000E+00    4.1460502E+01    2.0656315E+01
    3.3620000E+00    4.1468947E+01    2.0656329E+01
    3.3660000E+00    4.1477340E+01    2.0656343E+01
    3.3700000E+00    4.1485683E+01    2.0656357E+01
    3.3740000E+00    4.1493974E+01    2.0656371E+01
    3.3780000E+00    4.1502214E+01    2.0656385E+01
    3.3820000E+00    4.1510402E+01    2.0656399E+01
    3.3860000E+00    4.1518539E+01    2.0656413E+01
    3.3900000E+00    4.1526625E+01    2.0656426E+01
    3.3940000E+00    4.1534659E+01    2.0656440E+01
    3.3980000E+00    4.1542642E+01    2.0656453E+01
    3.4020000E+00    4.1550573E+01    2.0656467E+01
    3.4060000E+00    4.1558453E+01    2.0656480E+01
    3.4100000E+00    4.1566281E+01    2.0656493E+01
    3.4140000E+00    4.1574058E+01    2.0656506E+01
    3.4180000E+00    4.1581783E+01    2.0656519E+01
    3.4220000E+00    4.1589456E+01    2.0656532E+01
    3.4260000E+00    4.1597078E+01    2.0656545E+01
    3.4300000E+00    4.1604648E+01    2.0656557E+01
    3.4340000E+00    4.1612166E+01    2.0656570E+01
    3.4380000E+00    4.1619633E+01    2.0656582E+01
    3.4420000E+00    4.1627048E+01    2.0656595E+01
    3.4460000E+00    4.1634411E+01    2.0656607E+01
    3.4500000E+00    4.1641722E+01    2.0656619E+01
    3.4540000E+00    4.1648981E+01    2.0656632E+01
    3.4580000E+00    4.1656189E+01    2.0656644E+01
    3.4620000E+00    4.1663345E+01    2.0656655E+01
    3.4660000E+00    4.1670449E+01    2.0656667E+01
    3.4700000E+00    4.1677500E+01    2.0656679E+01
    3.4740000E+00    4.1684500E+01    2.0656691E+01
    3.4780000E+00    4.1691448E+01    2.0656702E+01
    3.4820000E+00    4.1698344E+01    2.0656714E+01
    3.4860000E+00    4.1705188E+01    2.0656725E+01
    3.4900000E+00    4.1711980E+01    2.0656736E+01
    3.4940000E+00    4.1718720E+01    2.0656748E+01
    3.4980000E+00    4.1725407E+01    2.0656759E+01
    3.5020000E+00    4.1732043E+01    2.0656770E+01
    3.5060000E+00    4.1738626E+01    2.0656781E+01
    3.5100000E+00    4.1745158E+01    2.0656792E+01
    3.5140000E+00    4.1751637E+01    2.0656802E+01
    3.5180000E+00    4.1758063E+01    2.0656813E+01
    3.5220000E+00    4.1764438E+01    2.0656824E+01
    3.5260000E+00    4.1770760E+01    2.0656834E+01
    3.5300000E+00    4.1777031E+01    2.0656844E+01
    3.5340000E+00    4.1783248E+01    2.0656855E+01
    3.5380000E+00    4.1789414E+01    2.0656865E+01
    3.5420000E+00    4.1795527E+01    2.0656875E+01
    3.5460000E+00    4.1801588E+01    2.0656885E+01
    3.5500000E+00    4.1807596E+01    2.0656895E+01
    3.5540000E+00    4.1813552E+01    2.0656905E+01
    3.5580000E+00    4.1819456E+01    2.0656915E+01
    3.5620000E+00    4.1825307E+01    2.0656924E+01
    3.5660000E+00    4.1831106E+01    2.0656934E+01
    3.5700000E+00    4.1836852E+01    2.0656943E+01
    3.5740000E+00    4.1842546E+01    2.0656953E+01
    3.5780000E+00    4.1848187E+01    2.0656962E+01
    3.5820000E+00    4.1853776E+01    2.0656971E+01
    3.5860000E+00    4.1859312E+01    2.0656980E+01
    3.5900000E+00    4.1864795E+01    2.0656989E+01
    3.5940000E+00    4.1870226E+01    2.0656998E+01
    3.5980000E+00    4.1875605E+01    2.0657007E+01
    3.6020000E+00    4.1880930E+01    2.0657016E+01
    3.6060000E+00    4.1886203E+01    2.0657025E+01
    3.6100000E+00    4.1891424E+01    2.0657033E+01
    3.6140000E+00    4.1896592E+01    2.0657042E+01
    3.6180000E+00    4.1901707E+01    2.0657050E+01
    3.6220000E+00    4.1906769E+01    2.0657058E+01
    3.6260000E+00    4.1911778E+01    2.0657067E+01
    3.6300000E+00    4.1916735E+01    2.0657075E+01
    3.6340000E+00    4.1921639E+01    2.0657083E+01
    3.6380000E+00    4.1926490E+01    2.0657091E+01
    3.6420000E+00    4.1931289E+01    2.0657099E+01
    3.6460000E+00    4.1936034E+01    2.0657106E+01
    3.6500000E+00    4.1940727E+01    2.0657114E+01
    3.6540000E+00    4.1945367E+01    2.0657122E+01
    3.6580000E+00    4.1949954E+01    2.0657129E+01
    3.6620000E+00    4.1954488E+01    2.0657137E+01
    3.6660000E+00    4.1958969E+01    2.0657144E+01
    3.6700000E+00    4.1963398E+01    2.0657151E+01
    3.6740000E+00    4.1967773E+01    2.0657158E+01
    3.6780000E+00    4.1972095E+01    2.0657165E+01
    3.6820000E+00    4.1976365E+01    2.0657172E+01
    3.6860000E+00    4.1980581E+01    2.0657179E+01
    3.6900000E+00    4.1984745E+01    2.0657186E+01
    3.6940000E+00    4.1988855E+01    2.0657193E+01
    3.6980000E+00    4.1992913E+01    2.0657199E+01
    3.7020000E+00    4.1996917E+01    2.0657206E+01
    3.7060000E+00    4.2000868E+01    2.0657212E+01
    3.7100000E+00    4.2004767E+01    2.0657219E+01
    3.7140000E+00    4.2008612E+01    2.0657225E+01
    3.7180000E+00    4.2012404E+01    2.0657231E+01
    3.7220000E+00    4.2016143E+01    2.0657237E+01
    3.7260000E+00    4.2019829E+01    2.0657243E+01
    3.7300000E+00    4.2023462E+01    2.0657249E+01
    3.7340000E+00    4.2027041E+01    2.0657255E+01
    3.7380000E+00    4.2030568E+01    2.0657261E+01
    3.7420000E+00    4.2034041E+01    2.0657267E+01
    3.7460000E+00    4.2037461E+01    2.0657272E+01
    3.7500000E+00    4.2040828E+01    2.0657278E+01
    3.7540000E+00    4.2044142E+01    2.0657283E+01
    3.7580000E+00    4.2047402E+01    2.0657288E+01
    3.7620000E+00    4.2050610E+01    2.0657294E+01
    3.7660000E+00    4.2053764E+01    2.0657299E+01
    3.7700000E+00    4.2056865E+01    2.0657304E+01
    3.7740000E+00    4.2059912E+01    2.0657309E+01
    3.7780000E+00    4.2062906E+01    2.0657314E+01
    3.7820000E+00    4.2065847E+01    2.0657318E+01
    3.7860000E+00    4.2068735E+01    2.0657323E+01
    3.7900000E+00    4.2071570E+01    2.0657328E+01
    3.7940000E+00    4.2074351E+01    2.0657332E+01
    3.7980000E+00    4.2077078E+01    2.0657337E+01
    3.8020000E+00    4.2079753E+01    2.0657341E+01
    3.8060000E+00    4.2082374E+01    2.0657345E+01
    3.8100000E+00    4.2084942E+01    2.0657350E+01
    3.8140000E+00    4.2087456E+01    2.0657354E+01
    3.8180000E+00    4.2089917E+01    2.0657358E+01
    3.8220000E+00    4.2092325E+01    2.0657362E+01
    3.8260000E+00    4.2094679E+01    2.0657365E+01
    3.8300000E+00    4.2096980E+01    2.0657369E+01
    3.8340000E+00    4.2099228E+01    2.0657373E+01
    3.8380000E+00    4.2101422E+01    2.0657376E+01
    3.8420000E+00    4.2103562E+01    2.0657380E+01
    3.8460000E+00    4.2105650E+01    2.0657383E+01
    3.8500000E+00    4.2107683E+01    2.0657387E+01
    3.8540000E+00    4.2109664E+01    2.0657390E+01
    3.8580000E+00    4.2111591E+01    2.0657393E+01
    3.8620000E+00    4.2113464E+01    2.0657396E+01
    3.8660000E+00    4.2115284E+01    2.0657399E+01
    3.8700000E+00    4.2117051E+01    2.0657402E+01
    3.8740000E+00    4.2118764E+01    2.0657405E+01
    3.8780000E+00    4.2120424E+01    2.0657407E+01
    3.8820000E+00    4.2122030E+01    2.0657410E+01
    3.8860000E+00    4.2123582E+01    2.0657412E+01
    3.8900000E+00    4.2125082E+01    2.0657415E+01
    3.8940000E+00    4.2126527E+01    2.0657417E+01
    3.8980000E+00    4.2127919E+01    2.0657419E+01
    3.9020000E+00    4.2129258E+01    2.0657422E+01
    3.9060000E+00    4.2130543E+01    2.0657424E+01
    3.9100000E+00    4.2131775E+01    2.0657426E+01
    3.9140000E+00    4.2132953E+01    2.0657428E+01
    3.9180000E+00    4.2134078E+01    2.0657429E+01
    3.9220000E+00    4.2135149E+01    2.0657431E+01
    3.9260000E+00    4.2136166E+01    2.0657433E+01
    3.9300000E+00    4.2137130E+01    2.0657434E+01
    3.9340000E+00    4.2138041E+01    2.0657436E+01
    3.9380000E+00    4.2138898E+01    2.0657437E+01
    3.9420000E+00    4.2139701E+01    2.0657438E+01
    3.9460000E+00    4.2140451E+01    2.0657440E+01
    3.9500000E+00    4.2141147E+01    2.0657441E+01
    3.9540000E+00    4.2141790E+01    2.0657442E+01
    3.9580000E+00    4.2142379E+01    2.0657443E+01
    3.9620000E+00    4.2142915E+01    2.0657444E+01
    3.9660000E+00    4.2143397E+01    2.0657444E+01
    3.9700000E+00    4.2143825E+01    2.0657445E+01
    3.9740000E+00    4.2144200E+01    2.0657446E+01
    3.9780000E+00    4.2144522E+01    2.0657446E+01
    3.9820000E+00    4.2144790E+01    2.0657447E+01
    3.9860000E+00    4.2145004E+01    2.0657447E+01
    3.9900000E+00    4.2145165E+01    2.0657447E+01
    3.9940000E+00    4.2145272E+01    2.0657448E+01
    3.9980000E+00    4.2145325E+01    2.0657448E+01
