# Time          2.5000E+01
# Units: Permil
    Distance        SO4--            SO164--         
    2.0000000E-03    2.1023517E+01    8.7538486E+00
    6.0000000E-03    2.1070619E+01    8.9035743E+00
    1.0000000E-02    2.1117832E+01    9.0515298E+00
    1.4000000E-02    2.1165155E+01    9.1977348E+00
    1.8000000E-02    2.1212589E+01    9.3422090E+00
    2.2000000E-02    2.1260134E+01    9.4849717E+00
    2.6000000E-02    2.1307790E+01    9.6260422E+00
    3.0000000E-02    2.1355558E+01    9.7654393E+00
    3.4000000E-02    2.1403437E+01    9.9031818E+00
    3.8000000E-02    2.1451428E+01    1.0039288E+01
    4.2000000E-02    2.1499531E+01    1.0173777E+01
    4.6000000E-02    2.1547746E+01    1.0306667E+01
    5.0000000E-02    2.1596074E+01    1.0437974E+01
    5.4000000E-02    2.1644514E+01    1.0567718E+01
    5.8000000E-02    2.1693067E+01    1.0695916E+01
    6.2000000E-02    2.1741733E+01    1.0822586E+01
    6.6000000E-02    2.1790512E+01    1.0947743E+01
    7.0000000E-02    2.1839405E+01    1.1071406E+01
    7.4000000E-02    2.1888411E+01    1.1193592E+01
    7.8000000E-02    2.1937531E+01    1.1314316E+01
    8.2000000E-02    2.1986765E+01    1.1433596E+01
    8.6000000E-02    2.2036113E+01    1.1551448E+01
    9.0000000E-02    2.2085576E+01    1.1667887E+01
    9.4000000E-02    2.2135154E+01    1.1782930E+01
    9.8000000E-02    2.2184846E+01    1.1896593E+01
    1.0200000E-01    2.2234653E+01    1.2008892E+01
    1.0600000E-01    2.2284575E+01    1.2119841E+01
    1.1000000E-01    2.2334613E+01    1.2229456E+01
    1.1400000E-01    2.2384767E+01    1.2337752E+01
    1.1800000E-01    2.2435036E+01    1.2444744E+01
    1.2200000E-01    2.2485421E+01    1.2550447E+01
    1.2600000E-01    2.2535922E+01    1.2654875E+01
    1.3000000E-01    2.2586540E+01    1.2758044E+01
    1.3400000E-01    2.2637274E+01    1.2859966E+01
    1.3800000E-01    2.2688125E+01    1.2960658E+01
    1.4200000E-01    2.2739093E+01    1.3060131E+01
    1.4600000E-01    2.2790178E+01    1.3158401E+01
    1.5000000E-01    2.2841381E+01    1.3255481E+01
    1.5400000E-01    2.2892701E+01    1.3351385E+01
    1.5800000E-01    2.2944138E+01    1.3446125E+01
    1.6200000E-01    2.2995694E+01    1.3539716E+01
    1.6600000E-01    2.3047367E+01    1.3632171E+01
    1.7000000E-01    2.3099159E+01    1.3723501E+01
    1.7400000E-01    2.3151069E+01    1.3813721E+01
    1.7800000E-01    2.3203098E+01    1.3902843E+01
    1.8200000E-01    2.3255246E+01    1.3990879E+01
    1.8600000E-01    2.3307513E+01    1.4077843E+01
    1.9000000E-01    2.3359899E+01    1.4163745E+01
    1.9400000E-01    2.3412404E+01    1.4248599E+01
    1.9800000E-01    2.3465029E+01    1.4332417E+01
    2.0200000E-01    2.3517773E+01    1.4415210E+01
    2.0600000E-01    2.3570638E+01    1.4496990E+01
    2.1000000E-01    2.3623622E+01    1.4577768E+01
    2.1400000E-01    2.3676727E+01    1.4657557E+01
    2.1800000E-01    2.3729952E+01    1.4736368E+01
    2.2200000E-01    2.3783298E+01    1.4814212E+01
    2.2600000E-01    2.3836764E+01    1.4891099E+01
    2.3000000E-01    2.3890352E+01    1.4967042E+01
    2.3400000E-01    2.3944061E+01    1.5042051E+01
    2.3800000E-01    2.3997891E+01    1.5116137E+01
    2.4200000E-01    2.4051842E+01    1.5189310E+01
    2.4600000E-01    2.4105915E+01    1.5261581E+01
    2.5000000E-01    2.4160110E+01    1.5332961E+01
    2.5400000E-01    2.4214427E+01    1.5403459E+01
    2.5800000E-01    2.4268866E+01    1.5473087E+01
    2.6200000E-01    2.4323428E+01    1.5541853E+01
    2.6600000E-01    2.4378112E+01    1.5609769E+01
    2.7000000E-01    2.4432918E+01    1.5676843E+01
    2.7400000E-01    2.4487848E+01    1.5743087E+01
    2.7800000E-01    2.4542901E+01    1.5808508E+01
    2.8200000E-01    2.4598076E+01    1.5873118E+01
    2.8600000E-01    2.4653376E+01    1.5936925E+01
    2.9000000E-01    2.4708798E+01    1.5999939E+01
    2.9400000E-01    2.4764344E+01    1.6062169E+01
    2.9800000E-01    2.4820015E+01    1.6123624E+01
    3.0200000E-01    2.4875809E+01    1.6184313E+01
    3.0600000E-01    2.4931727E+01    1.6244245E+01
    3.1000000E-01    2.4987770E+01    1.6303430E+01
    3.1400000E-01    2.5043937E+01    1.6361875E+01
    3.1800000E-01    2.5100229E+01    1.6419589E+01
    3.2200000E-01    2.5156646E+01    1.6476582E+01
    3.2600000E-01    2.5213187E+01    1.6532861E+01
    3.3000000E-01    2.5269854E+01    1.6588435E+01
    3.3400000E-01    2.5326646E+01    1.6643311E+01
    3.3800000E-01    2.5383564E+01    1.6697499E+01
    3.4200000E-01    2.5440607E+01    1.6751007E+01
    3.4600000E-01    2.5497775E+01    1.6803842E+01
    3.5000000E-01    2.5555070E+01    1.6856012E+01
    3.5400000E-01    2.5612491E+01    1.6907525E+01
    3.5800000E-01    2.5670038E+01    1.6958389E+01
    3.6200000E-01    2.5727712E+01    1.7008611E+01
    3.6600000E-01    2.5785512E+01    1.7058200E+01
    3.7000000E-01    2.5843438E+01    1.7107162E+01
    3.7400000E-01    2.5901492E+01    1.7155506E+01
    3.7800000E-01    2.5959672E+01    1.7203237E+01
    3.8200000E-01    2.6017980E+01    1.7250365E+01
    3.8600000E-01    2.6076414E+01    1.7296895E+01
    3.9000000E-01    2.6134977E+01    1.7342834E+01
    3.9400000E-01    2.6193666E+01    1.7388191E+01
    3.9800000E-01    2.6252484E+01    1.7432971E+01
    4.0200000E-01    2.6311429E+01    1.7477182E+01
    4.0600000E-01    2.6370503E+01    1.7520831E+01
    4.1000000E-01    2.6429704E+01    1.7563923E+01
    4.1400000E-01    2.6489034E+01    1.7606466E+01
    4.1800000E-01    2.6548492E+01    1.7648467E+01
    4.2200000E-01    2.6608079E+01    1.7689931E+01
    4.2600000E-01    2.6667794E+01    1.7730865E+01
    4.3000000E-01    2.6727638E+01    1.7771276E+01
    4.3400000E-01    2.6787612E+01    1.7811169E+01
    4.3800000E-01    2.6847714E+01    1.7850552E+01
    4.4200000E-01    2.6907946E+01    1.7889429E+01
    4.4600000E-01    2.6968307E+01    1.7927808E+01
    4.5000000E-01    2.7028797E+01    1.7965694E+01
    4.5400000E-01    2.7089418E+01    1.8003093E+01
    4.5800000E-01    2.7150168E+01    1.8040010E+01
    4.6200000E-01    2.7211048E+01    1.8076452E+01
    4.6600000E-01    2.7272058E+01    1.8112425E+01
    4.7000000E-01    2.7333198E+01    1.8147934E+01
    4.7400000E-01    2.7394468E+01    1.8182984E+01
    4.7800000E-01    2.7455869E+01    1.8217582E+01
    4.8200000E-01    2.7517401E+01    1.8251732E+01
    4.8600000E-01    2.7579063E+01    1.8285440E+01
    4.9000000E-01    2.7640856E+01    1.8318712E+01
    4.9400000E-01    2.7702780E+01    1.8351552E+01
    4.9800000E-01    2.7764835E+01    1.8383966E+01
    5.0200000E-01    2.7827022E+01    1.8415960E+01
    5.0600000E-01    2.7889339E+01    1.8447537E+01
    5.1000000E-01    2.7951789E+01    1.8478704E+01
    5.1400000E-01    2.8014369E+01    1.8509465E+01
    5.1800000E-01    2.8077082E+01    1.8539825E+01
    5.2200000E-01    2.8139926E+01    1.8569789E+01
    5.2600000E-01    2.8202902E+01    1.8599363E+01
    5.3000000E-01    2.8266011E+01    1.8628549E+01
    5.3400000E-01    2.8329251E+01    1.8657354E+01
    5.3800000E-01    2.8392624E+01    1.8685783E+01
    5.4200000E-01    2.8456129E+01    1.8713838E+01
    5.4600000E-01    2.8519767E+01    1.8741526E+01
    5.5000000E-01    2.8583537E+01    1.8768851E+01
    5.5400000E-01    2.8647440E+01    1.8795817E+01
    5.5800000E-01    2.8711476E+01    1.8822429E+01
    5.6200000E-01    2.8775645E+01    1.8848690E+01
    5.6600000E-01    2.8839948E+01    1.8874606E+01
    5.7000000E-01    2.8904383E+01    1.8900180E+01
    5.7400000E-01    2.8968952E+01    1.8925417E+01
    5.7800000E-01    2.9033654E+01    1.8950320E+01
    5.8200000E-01    2.9098489E+01    1.8974895E+01
    5.8600000E-01    2.9163459E+01    1.8999145E+01
    5.9000000E-01    2.9228562E+01    1.9023073E+01
    5.9400000E-01    2.9293799E+01    1.9046685E+01
    5.9800000E-01    2.9359170E+01    1.9069984E+01
    6.0200000E-01    2.9424674E+01    1.9092973E+01
    6.0600000E-01    2.9490314E+01    1.9115657E+01
    6.1000000E-01    2.9556087E+01    1.9138040E+01
    6.1400000E-01    2.9621995E+01    1.9160125E+01
    6.1800000E-01    2.9688037E+01    1.9181915E+01
    6.2200000E-01    2.9754214E+01    1.9203416E+01
    6.2600000E-01    2.9820526E+01    1.9224629E+01
    6.3000000E-01    2.9886972E+01    1.9245559E+01
    6.3400000E-01    2.9953553E+01    1.9266210E+01
    6.3800000E-01    3.0020269E+01    1.9286584E+01
    6.4200000E-01    3.0087121E+01    1.9306685E+01
    6.4600000E-01    3.0154107E+01    1.9326517E+01
    6.5000000E-01    3.0221229E+01    1.9346084E+01
    6.5400000E-01    3.0288486E+01    1.9365387E+01
    6.5800000E-01    3.0355878E+01    1.9384431E+01
    6.6200000E-01    3.0423406E+01    1.9403219E+01
    6.6600000E-01    3.0491070E+01    1.9421755E+01
    6.7000000E-01    3.0558869E+01    1.9440040E+01
    6.7400000E-01    3.0626804E+01    1.9458079E+01
    6.7800000E-01    3.0694875E+01    1.9475875E+01
    6.8200000E-01    3.0763083E+01    1.9493430E+01
    6.8600000E-01    3.0831426E+01    1.9510748E+01
    6.9000000E-01    3.0899905E+01    1.9527832E+01
    6.9400000E-01    3.0968520E+01    1.9544684E+01
    6.9800000E-01    3.1037272E+01    1.9561308E+01
    7.0200000E-01    3.1106161E+01    1.9577706E+01
    7.0600000E-01    3.1175185E+01    1.9593882E+01
    7.1000000E-01    3.1244347E+01    1.9609838E+01
    7.1400000E-01    3.1313645E+01    1.9625577E+01
    7.1800000E-01    3.1383079E+01    1.9641102E+01
    7.2200000E-01    3.1452651E+01    1.9656415E+01
    7.2600000E-01    3.1522359E+01    1.9671519E+01
    7.3000000E-01    3.1592205E+01    1.9686417E+01
    7.3400000E-01    3.1662187E+01    1.9701112E+01
    7.3800000E-01    3.1732306E+01    1.9715605E+01
    7.4200000E-01    3.1802563E+01    1.9729900E+01
    7.4600000E-01    3.1872957E+01    1.9744000E+01
    7.5000000E-01    3.1943488E+01    1.9757906E+01
    7.5400000E-01    3.2014157E+01    1.9771621E+01
    7.5800000E-01    3.2084963E+01    1.9785148E+01
    7.6200000E-01    3.2155907E+01    1.9798489E+01
    7.6600000E-01    3.2226988E+01    1.9811647E+01
    7.7000000E-01    3.2298207E+01    1.9824623E+01
    7.7400000E-01    3.2369564E+01    1.9837421E+01
    7.7800000E-01    3.2441058E+01    1.9850041E+01
    7.8200000E-01    3.2512691E+01    1.9862488E+01
    7.8600000E-01    3.2584461E+01    1.9874763E+01
    7.9000000E-01    3.2656369E+01    1.9886868E+01
    7.9400000E-01    3.2728416E+01    1.9898805E+01
    7.9800000E-01    3.2800600E+01    1.9910577E+01
    8.0200000E-01    3.2872923E+01    1.9922186E+01
    8.0600000E-01    3.2945384E+01    1.9933634E+01
    8.1000000E-01    3.3017984E+01    1.9944922E+01
    8.1400000E-01    3.3090721E+01    1.9956054E+01
    8.1800000E-01    3.3163597E+01    1.9967031E+01
    8.2200000E-01    3.3236612E+01    1.9977855E+01
    8.2600000E-01    3.3309765E+01    1.9988528E+01
    8.3000000E-01    3.3383057E+01    1.9999052E+01
    8.3400000E-01    3.3456487E+01    2.0009429E+01
    8.3800000E-01    3.3530056E+01    2.0019661E+01
    8.4200000E-01    3.3603764E+01    2.0029751E+01
    8.4600000E-01    3.3677610E+01    2.0039698E+01
    8.5000000E-01    3.3751596E+01    2.0049507E+01
    8.5400000E-01    3.3825720E+01    2.0059178E+01
    8.5800000E-01    3.3899983E+01    2.0068713E+01
    8.6200000E-01    3.3974385E+01    2.0078115E+01
    8.6600000E-01    3.4048926E+01    2.0087384E+01
    8.7000000E-01    3.4123607E+01    2.0096523E+01
    8.7400000E-01    3.4198426E+01    2.0105533E+01
    8.7800000E-01    3.4273385E+01    2.0114416E+01
    8.8200000E-01    3.4348482E+01    2.0123174E+01
    8.8600000E-01    3.4423719E+01    2.0131808E+01
    8.9000000E-01    3.4499096E+01    2.0140320E+01
    8.9400000E-01    3.4574611E+01    2.0148712E+01
    8.9800000E-01    3.4650266E+01    2.0156985E+01
    9.0200000E-01    3.4726061E+01    2.0165141E+01
    9.0600000E-01    3.4801994E+01    2.0173181E+01
    9.1000000E-01    3.4878068E+01    2.0181107E+01
    9.1400000E-01    3.4954280E+01    2.0188921E+01
    9.1800000E-01    3.5030633E+01    2.0196624E+01
    9.2200000E-01    3.5107125E+01    2.0204217E+01
    9.2600000E-01    3.5183756E+01    2.0211702E+01
    9.3000000E-01    3.5260527E+01    2.0219080E+01
    9.3400000E-01    3.5337438E+01    2.0226353E+01
    9.3800000E-01    3.5414488E+01    2.0233523E+01
    9.4200000E-01    3.5491678E+01    2.0240590E+01
    9.4600000E-01    3.5569008E+01    2.0247556E+01
    9.5000000E-01    3.5646478E+01    2.0254423E+01
    9.5400000E-01    3.5724087E+01    2.0261191E+01
    9.5800000E-01    3.5801836E+01    2.0267862E+01
    9.6200000E-01    3.5879725E+01    2.0274438E+01
    9.6600000E-01    3.5957754E+01    2.0280919E+01
    9.7000000E-01    3.6035923E+01    2.0287307E+01
    9.7400000E-01    3.6114232E+01    2.0293604E+01
    9.7800000E-01    3.6192680E+01    2.0299810E+01
    9.8200000E-01    3.6271269E+01    2.0305926E+01
    9.8600000E-01    3.6349997E+01    2.0311955E+01
    9.9000000E-01    3.6428865E+01    2.0317896E+01
    9.9400000E-01    3.6507874E+01    2.0323752E+01
    9.9800000E-01    3.6587022E+01    2.0329524E+01
    1.0020000E+00    3.6666310E+01    2.0335212E+01
    1.0060000E+00    3.6745739E+01    2.0340818E+01
    1.0100000E+00    3.6825307E+01    2.0346343E+01
    1.0140000E+00    3.6905015E+01    2.0351787E+01
    1.0180000E+00    3.6984864E+01    2.0357153E+01
    1.0220000E+00    3.7064852E+01    2.0362441E+01
    1.0260000E+00    3.7144981E+01    2.0367653E+01
    1.0300000E+00    3.7225249E+01    2.0372788E+01
    1.0340000E+00    3.7305658E+01    2.0377850E+01
    1.0380000E+00    3.7386206E+01    2.0382837E+01
    1.0420000E+00    3.7466895E+01    2.0387752E+01
    1.0460000E+00    3.7547724E+01    2.0392595E+01
    1.0500000E+00    3.7628693E+01    2.0397368E+01
    1.0540000E+00    3.7709801E+01    2.0402072E+01
    1.0580000E+00    3.7791050E+01    2.0406706E+01
    1.0620000E+00    3.7872439E+01    2.0411273E+01
    1.0660000E+00    3.7953968E+01    2.0415774E+01
    1.0700000E+00    3.8035637E+01    2.0420208E+01
    1.0740000E+00    3.8117446E+01    2.0424578E+01
    1.0780000E+00    3.8199395E+01    2.0428884E+01
    1.0820000E+00    3.8281485E+01    2.0433126E+01
    1.0860000E+00    3.8363714E+01    2.0437307E+01
    1.0900000E+00    3.8446083E+01    2.0441426E+01
    1.0940000E+00    3.8528592E+01    2.0445485E+01
    1.0980000E+00    3.8611241E+01    2.0449484E+01
    1.1020000E+00    3.8694030E+01    2.0453424E+01
    1.1060000E+00    3.8776959E+01    2.0457307E+01
    1.1100000E+00    3.8860028E+01    2.0461132E+01
    1.1140000E+00    3.8943236E+01    2.0464901E+01
    1.1180000E+00    3.9026585E+01    2.0468615E+01
    1.1220000E+00    3.9110074E+01    2.0472274E+01
    1.1260000E+00    3.9193702E+01    2.0475879E+01
    1.1300000E+00    3.9277470E+01    2.0479430E+01
    1.1340000E+00    3.9361378E+01    2.0482930E+01
    1.1380000E+00    3.9445426E+01    2.0486377E+01
    1.1420000E+00    3.9529613E+01    2.0489774E+01
    1.1460000E+00    3.9613940E+01    2.0493121E+01
    1.1500000E+00    3.9698407E+01    2.0496418E+01
    1.1540000E+00    3.9783014E+01    2.0499666E+01
    1.1580000E+00    3.9867760E+01    2.0502866E+01
    1.1620000E+00    3.9952646E+01    2.0506019E+01
    1.1660000E+00    4.0037671E+01    2.0509125E+01
    1.1700000E+00    4.0122836E+01    2.0512185E+01
    1.1740000E+00    4.0208140E+01    2.0515200E+01
    1.1780000E+00    4.0293584E+01    2.0518170E+01
    1.1820000E+00    4.0379167E+01    2.0521095E+01
    1.1860000E+00    4.0464890E+01    2.0523978E+01
    1.1900000E+00    4.0550752E+01    2.0526817E+01
    1.1940000E+00    4.0636753E+01    2.0529615E+01
    1.1980000E+00    4.0722893E+01    2.0532370E+01
    1.2020000E+00    4.0809173E+01    2.0535085E+01
    1.2060000E+00    4.0895592E+01    2.0537760E+01
    1.2100000E+00    4.0982150E+01    2.0540394E+01
    1.2140000E+00    4.1068847E+01    2.0542989E+01
    1.2180000E+00    4.1155683E+01    2.0545546E+01
    1.2220000E+00    4.1242659E+01    2.0548065E+01
    1.2260000E+00    4.1329773E+01    2.0550546E+01
    1.2300000E+00    4.1417026E+01    2.0552990E+01
    1.2340000E+00    4.1504417E+01    2.0555397E+01
    1.2380000E+00    4.1591948E+01    2.0557769E+01
    1.2420000E+00    4.1679617E+01    2.0560105E+01
    1.2460000E+00    4.1767425E+01    2.0562407E+01
    1.2500000E+00    4.1855372E+01    2.0564674E+01
    1.2540000E+00    4.1943457E+01    2.0566907E+01
    1.2580000E+00    4.2031680E+01    2.0569107E+01
    1.2620000E+00    4.2120042E+01    2.0571273E+01
    1.2660000E+00    4.2208542E+01    2.0573408E+01
    1.2700000E+00    4.2297181E+01    2.0575511E+01
    1.2740000E+00    4.2385958E+01    2.0577582E+01
    1.2780000E+00    4.2474873E+01    2.0579622E+01
    1.2820000E+00    4.2563926E+01    2.0581632E+01
    1.2860000E+00    4.2653117E+01    2.0583612E+01
    1.2900000E+00    4.2742446E+01    2.0585562E+01
    1.2940000E+00    4.2831913E+01    2.0587483E+01
    1.2980000E+00    4.2921518E+01    2.0589375E+01
    1.3020000E+00    4.3011260E+01    2.0591239E+01
    1.3060000E+00    4.3101140E+01    2.0593075E+01
    1.3100000E+00    4.3191158E+01    2.0594883E+01
    1.3140000E+00    4.3281313E+01    2.0596665E+01
    1.3180000E+00    4.3371606E+01    2.0598419E+01
    1.3220000E+00    4.3462036E+01    2.0600148E+01
    1.3260000E+00    4.3552603E+01    2.0601851E+01
    1.3300000E+00    4.3643307E+01    2.0603528E+01
    1.3340000E+00    4.3734149E+01    2.0605180E+01
    1.3380000E+00    4.3825127E+01    2.0606807E+01
    1.3420000E+00    4.3916242E+01    2.0608411E+01
    1.3460000E+00    4.4007495E+01    2.0609990E+01
    1.3500000E+00    4.4098883E+01    2.0611545E+01
    1.3540000E+00    4.4190409E+01    2.0613077E+01
    1.3580000E+00    4.4282071E+01    2.0614587E+01
    1.3620000E+00    4.4373869E+01    2.0616074E+01
    1.3660000E+00    4.4465804E+01    2.0617538E+01
    1.3700000E+00    4.4557875E+01    2.0618981E+01
    1.3740000E+00    4.4650082E+01    2.0620402E+01
    1.3780000E+00    4.4742426E+01    2.0621802E+01
    1.3820000E+00    4.4834905E+01    2.0623181E+01
    1.3860000E+00    4.4927520E+01    2.0624539E+01
    1.3900000E+00    4.5020271E+01    2.0625878E+01
    1.3940000E+00    4.5113157E+01    2.0627196E+01
    1.3980000E+00    4.5206179E+01    2.0628495E+01
    1.4020000E+00    4.5299336E+01    2.0629774E+01
    1.4060000E+00    4.5392629E+01    2.0631034E+01
    1.4100000E+00    4.5486056E+01    2.0632275E+01
    1.4140000E+00    4.5579619E+01    2.0633498E+01
    1.4180000E+00    4.5673317E+01    2.0634703E+01
    1.4220000E+00    4.5767150E+01    2.0635890E+01
    1.4260000E+00    4.5861117E+01    2.0637059E+01
    1.4300000E+00    4.5955219E+01    2.0638211E+01
    1.4340000E+00    4.6049455E+01    2.0639346E+01
    1.4380000E+00    4.6143826E+01    2.0640464E+01
    1.4420000E+00    4.6238331E+01    2.0641566E+01
    1.4460000E+00    4.6332970E+01    2.0642651E+01
    1.4500000E+00    4.6427742E+01    2.0643720E+01
    1.4540000E+00    4.6522649E+01    2.0644773E+01
    1.4580000E+00    4.6617690E+01    2.0645811E+01
    1.4620000E+00    4.6712864E+01    2.0646833E+01
    1.4660000E+00    4.6808171E+01    2.0647840E+01
    1.4700000E+00    4.6903612E+01    2.0648833E+01
    1.4740000E+00    4.6999186E+01    2.0649811E+01
    1.4780000E+00    4.7094893E+01    2.0650774E+01
    1.4820000E+00    4.7190732E+01    2.0651724E+01
    1.4860000E+00    4.7286705E+01    2.0652659E+01
    1.4900000E+00    4.7382810E+01    2.0653580E+01
    1.4940000E+00    4.7479047E+01    2.0654489E+01
    1.4980000E+00    4.7575417E+01    2.0655383E+01
    1.5020000E+00    4.7671919E+01    2.0656265E+01
    1.5060000E+00    4.7768553E+01    2.0657134E+01
    1.5100000E+00    4.7865318E+01    2.0657990E+01
    1.5140000E+00    4.7962216E+01    2.0658834E+01
    1.5180000E+00    4.8059245E+01    2.0659665E+01
    1.5220000E+00    4.8156405E+01    2.0660485E+01
    1.5260000E+00    4.8253696E+01    2.0661292E+01
    1.5300000E+00    4.8351119E+01    2.0662088E+01
    1.5340000E+00    4.8448672E+01    2.0662872E+01
    1.5380000E+00    4.8546356E+01    2.0663645E+01
    1.5420000E+00    4.8644170E+01    2.0664406E+01
    1.5460000E+00    4.8742115E+01    2.0665157E+01
    1.5500000E+00    4.8840190E+01    2.0665897E+01
    1.5540000E+00    4.8938395E+01    2.0666626E+01
    1.5580000E+00    4.9036730E+01    2.0667345E+01
    1.5620000E+00    4.9135195E+01    2.0668053E+01
    1.5660000E+00    4.9233789E+01    2.0668752E+01
    1.5700000E+00    4.9332512E+01    2.0669440E+01
    1.5740000E+00    4.9431365E+01    2.0670119E+01
    1.5780000E+00    4.9530346E+01    2.0670787E+01
    1.5820000E+00    4.9629456E+01    2.0671447E+01
    1.5860000E+00    4.9728695E+01    2.0672097E+01
    1.5900000E+00    4.9828062E+01    2.0672738E+01
    1.5940000E+00    4.9927557E+01    2.0673369E+01
    1.5980000E+00    5.0027180E+01    2.0673992E+01
    1.6020000E+00    5.0126931E+01    2.0674606E+01
    1.6060000E+00    5.0226809E+01    2.0675211E+01
    1.6100000E+00    5.0326815E+01    2.0675808E+01
    1.6140000E+00    5.0426948E+01    2.0676397E+01
    1.6180000E+00    5.0527208E+01    2.0676977E+01
    1.6220000E+00    5.0627595E+01    2.0677549E+01
    1.6260000E+00    5.0728108E+01    2.0678114E+01
    1.6300000E+00    5.0828748E+01    2.0678670E+01
    1.6340000E+00    5.0929514E+01    2.0679219E+01
    1.6380000E+00    5.1030405E+01    2.0679760E+01
    1.6420000E+00    5.1131423E+01    2.0680294E+01
    1.6460000E+00    5.1232566E+01    2.0680820E+01
    1.6500000E+00    5.1333834E+01    2.0681339E+01
    1.6540000E+00    5.1435227E+01    2.0681851E+01
    1.6580000E+00    5.1536745E+01    2.0682356E+01
    1.6620000E+00    5.1638387E+01    2.0682855E+01
    1.6660000E+00    5.1740154E+01    2.0683346E+01
    1.6700000E+00    5.1842045E+01    2.0683831E+01
    1.6740000E+00    5.1944060E+01    2.0684309E+01
    1.6780000E+00    5.2046198E+01    2.0684781E+01
    1.6820000E+00    5.2148460E+01    2.0685246E+01
    1.6860000E+00    5.2250845E+01    2.0685705E+01
    1.6900000E+00    5.2353353E+01    2.0686158E+01
    1.6940000E+00    5.2455983E+01    2.0686606E+01
    1.6980000E+00    5.2558736E+01    2.0687047E+01
    1.7020000E+00    5.2661611E+01    2.0687482E+01
    1.7060000E+00    5.2764608E+01    2.0687911E+01
    1.7100000E+00    5.2867727E+01    2.0688335E+01
    1.7140000E+00    5.2970967E+01    2.0688754E+01
    1.7180000E+00    5.3074328E+01    2.0689167E+01
    1.7220000E+00    5.3177810E+01    2.0689574E+01
    1.7260000E+00    5.3281413E+01    2.0689976E+01
    1.7300000E+00    5.3385136E+01    2.0690373E+01
    1.7340000E+00    5.3488979E+01    2.0690765E+01
    1.7380000E+00    5.3592942E+01    2.0691152E+01
    1.7420000E+00    5.3697025E+01    2.0691534E+01
    1.7460000E+00    5.3801226E+01    2.0691911E+01
    1.7500000E+00    5.3905547E+01    2.0692283E+01
    1.7540000E+00    5.4009986E+01    2.0692651E+01
    1.7580000E+00    5.4114544E+01    2.0693014E+01
    1.7620000E+00    5.4219220E+01    2.0693372E+01
    1.7660000E+00    5.4324013E+01    2.0693726E+01
    1.7700000E+00    5.4428924E+01    2.0694075E+01
    1.7740000E+00    5.4533953E+01    2.0694420E+01
    1.7780000E+00    5.4639098E+01    2.0694761E+01
    1.7820000E+00    5.4744360E+01    2.0695098E+01
    1.7860000E+00    5.4849738E+01    2.0695430E+01
    1.7900000E+00    5.4955233E+01    2.0695759E+01
    1.7940000E+00    5.5060843E+01    2.0696083E+01
    1.7980000E+00    5.5166568E+01    2.0696404E+01
    1.8020000E+00    5.5272408E+01    2.0696721E+01
    1.8060000E+00    5.5378364E+01    2.0697033E+01
    1.8100000E+00    5.5484433E+01    2.0697343E+01
    1.8140000E+00    5.5590617E+01    2.0697648E+01
    1.8180000E+00    5.5696915E+01    2.0697950E+01
    1.8220000E+00    5.5803326E+01    2.0698248E+01
    1.8260000E+00    5.5909850E+01    2.0698543E+01
    1.8300000E+00    5.6016487E+01    2.0698834E+01
    1.8340000E+00    5.6123237E+01    2.0699122E+01
    1.8380000E+00    5.6230099E+01    2.0699407E+01
    1.8420000E+00    5.6337072E+01    2.0699688E+01
    1.8460000E+00    5.6444157E+01    2.0699966E+01
    1.8500000E+00    5.6551353E+01    2.0700241E+01
    1.8540000E+00    5.6658660E+01    2.0700513E+01
    1.8580000E+00    5.6766077E+01    2.0700782E+01
    1.8620000E+00    5.6873604E+01    2.0701047E+01
    1.8660000E+00    5.6981241E+01    2.0701310E+01
    1.8700000E+00    5.7088987E+01    2.0701570E+01
    1.8740000E+00    5.7196842E+01    2.0701827E+01
    1.8780000E+00    5.7304806E+01    2.0702081E+01
    1.8820000E+00    5.7412878E+01    2.0702333E+01
    1.8860000E+00    5.7521057E+01    2.0702581E+01
    1.8900000E+00    5.7629345E+01    2.0702827E+01
    1.8940000E+00    5.7737739E+01    2.0703070E+01
    1.8980000E+00    5.7846240E+01    2.0703311E+01
    1.9020000E+00    5.7954847E+01    2.0703549E+01
    1.9060000E+00    5.8063560E+01    2.0703785E+01
    1.9100000E+00    5.8172379E+01    2.0704018E+01
    1.9140000E+00    5.8281302E+01    2.0704249E+01
    1.9180000E+00    5.8390331E+01    2.0704477E+01
    1.9220000E+00    5.8499464E+01    2.0704703E+01
    1.9260000E+00    5.8608700E+01    2.0704926E+01
    1.9300000E+00    5.8718040E+01    2.0705148E+01
    1.9340000E+00    5.8827484E+01    2.0705367E+01
    1.9380000E+00    5.8937030E+01    2.0705584E+01
    1.9420000E+00    5.9046678E+01    2.0705798E+01
    1.9460000E+00    5.9156428E+01    2.0706011E+01
    1.9500000E+00    5.9266279E+01    2.0706221E+01
    1.9540000E+00    5.9376231E+01    2.0706430E+01
    1.9580000E+00    5.9486284E+01    2.0706636E+01
    1.9620000E+00    5.9596437E+01    2.0706840E+01
    1.9660000E+00    5.9706689E+01    2.0707043E+01
    1.9700000E+00    5.9817041E+01    2.0707243E+01
    1.9740000E+00    5.9927491E+01    2.0707441E+01
    1.9780000E+00    6.0038040E+01    2.0707638E+01
    1.9820000E+00    6.0148686E+01    2.0707833E+01
    1.9860000E+00    6.0259430E+01    2.0708026E+01
    1.9900000E+00    6.0370271E+01    2.0708217E+01
    1.9940000E+00    6.0481208E+01    2.0708406E+01
    1.9980000E+00    6.0592242E+01    2.0708594E+01
    2.0020000E+00    6.0703370E+01    2.0708780E+01
    2.0060000E+00    6.0814594E+01    2.0708964E+01
    2.0100000E+00    6.0925912E+01    2.0709146E+01
    2.0140000E+00    6.1037325E+01    2.0709327E+01
    2.0180000E+00    6.1148831E+01    2.0709507E+01
    2.0220000E+00    6.1260430E+01    2.0709684E+01
    2.0260000E+00    6.1372121E+01    2.0709861E+01
    2.0300000E+00    6.1483905E+01    2.0710035E+01
    2.0340000E+00    6.1595780E+01    2.0710208E+01
    2.0380000E+00    6.1707746E+01    2.0710380E+01
    2.0420000E+00    6.1819803E+01    2.0710550E+01
    2.0460000E+00    6.1931950E+01    2.0710719E+01
    2.0500000E+00    6.2044186E+01    2.0710886E+01
    2.0540000E+00    6.2156511E+01    2.0711052E+01
    2.0580000E+00    6.2268925E+01    2.0711217E+01
    2.0620000E+00    6.2381427E+01    2.0711380E+01
    2.0660000E+00    6.2494016E+01    2.0711542E+01
    2.0700000E+00    6.2606692E+01    2.0711703E+01
    2.0740000E+00    6.2719454E+01    2.0711862E+01
    2.0780000E+00    6.2832302E+01    2.0712020E+01
    2.0820000E+00    6.2945235E+01    2.0712177E+01
    2.0860000E+00    6.3058253E+01    2.0712332E+01
    2.0900000E+00    6.3171354E+01    2.0712486E+01
    2.0940000E+00    6.3284540E+01    2.0712639E+01
    2.0980000E+00    6.3397808E+01    2.0712791E+01
    2.1020000E+00    6.3511159E+01    2.0712942E+01
    2.1060000E+00    6.3624591E+01    2.0713092E+01
    2.1100000E+00    6.3738105E+01    2.0713240E+01
    2.1140000E+00    6.3851699E+01    2.0713387E+01
    2.1180000E+00    6.3965373E+01    2.0713534E+01
    2.1220000E+00    6.4079127E+01    2.0713679E+01
    2.1260000E+00    6.4192959E+01    2.0713823E+01
    2.1300000E+00    6.4306870E+01    2.0713966E+01
    2.1340000E+00    6.4420858E+01    2.0714108E+01
    2.1380000E+00    6.4534924E+01    2.0714249E+01
    2.1420000E+00    6.4649065E+01    2.0714389E+01
    2.1460000E+00    6.4763283E+01    2.0714528E+01
    2.1500000E+00    6.4877575E+01    2.0714666E+01
    2.1540000E+00    6.4991943E+01    2.0714803E+01
    2.1580000E+00    6.5106383E+01    2.0714939E+01
    2.1620000E+00    6.5220898E+01    2.0715074E+01
    2.1660000E+00    6.5335484E+01    2.0715209E+01
    2.1700000E+00    6.5450143E+01    2.0715342E+01
    2.1740000E+00    6.5564873E+01    2.0715474E+01
    2.1780000E+00    6.5679673E+01    2.0715606E+01
    2.1820000E+00    6.5794544E+01    2.0715737E+01
    2.1860000E+00    6.5909483E+01    2.0715866E+01
    2.1900000E+00    6.6024492E+01    2.0715995E+01
    2.1940000E+00    6.6139568E+01    2.0716123E+01
    2.1980000E+00    6.6254711E+01    2.0716251E+01
    2.2020000E+00    6.6369921E+01    2.0716377E+01
    2.2060000E+00    6.6485197E+01    2.0716503E+01
    2.2100000E+00    6.6600538E+01    2.0716628E+01
    2.2140000E+00    6.6715943E+01    2.0716752E+01
    2.2180000E+00    6.6831412E+01    2.0716875E+01
    2.2220000E+00    6.6946944E+01    2.0716998E+01
    2.2260000E+00    6.7062539E+01    2.0717119E+01
    2.2300000E+00    6.7178195E+01    2.0717240E+01
    2.2340000E+00    6.7293912E+01    2.0717361E+01
    2.2380000E+00    6.7409688E+01    2.0717480E+01
    2.2420000E+00    6.7525525E+01    2.0717599E+01
    2.2460000E+00    6.7641420E+01    2.0717717E+01
    2.2500000E+00    6.7757372E+01    2.0717835E+01
    2.2540000E+00    6.7873382E+01    2.0717952E+01
    2.2580000E+00    6.7989448E+01    2.0718068E+01
    2.2620000E+00    6.8105570E+01    2.0718183E+01
    2.2660000E+00    6.8221747E+01    2.0718298E+01
    2.2700000E+00    6.8337977E+01    2.0718412E+01
    2.2740000E+00    6.8454261E+01    2.0718525E+01
    2.2780000E+00    6.8570598E+01    2.0718638E+01
    2.2820000E+00    6.8686986E+01    2.0718750E+01
    2.2860000E+00    6.8803424E+01    2.0718862E+01
    2.2900000E+00    6.8919913E+01    2.0718973E+01
    2.2940000E+00    6.9036452E+01    2.0719083E+01
    2.2980000E+00    6.9153038E+01    2.0719193E+01
    2.3020000E+00    6.9269673E+01    2.0719302E+01
    2.3060000E+00    6.9386354E+01    2.0719410E+01
    2.3100000E+00    6.9503081E+01    2.0719518E+01
    2.3140000E+00    6.9619853E+01    2.0719625E+01
    2.3180000E+00    6.9736670E+01    2.0719732E+01
    2.3220000E+00    6.9853530E+01    2.0719838E+01
    2.3260000E+00    6.9970432E+01    2.0719944E+01
    2.3300000E+00    7.0087377E+01    2.0720049E+01
    2.3340000E+00    7.0204362E+01    2.0720154E+01
    2.3380000E+00    7.0321387E+01    2.0720258E+01
    2.3420000E+00    7.0438451E+01    2.0720361E+01
    2.3460000E+00    7.0555554E+01    2.0720464E+01
    2.3500000E+00    7.0672694E+01    2.0720566E+01
    2.3540000E+00    7.0789870E+01    2.0720668E+01
    2.3580000E+00    7.0907082E+01    2.0720770E+01
    2.3620000E+00    7.1024328E+01    2.0720870E+01
    2.3660000E+00    7.1141609E+01    2.0720971E+01
    2.3700000E+00    7.1258922E+01    2.0721071E+01
    2.3740000E+00    7.1376267E+01    2.0721170E+01
    2.3780000E+00    7.1493643E+01    2.0721269E+01
    2.3820000E+00    7.1611049E+01    2.0721367E+01
    2.3860000E+00    7.1728484E+01    2.0721465E+01
    2.3900000E+00    7.1845947E+01    2.0721562E+01
    2.3940000E+00    7.1963438E+01    2.0721659E+01
    2.3980000E+00    7.2080954E+01    2.0721756E+01
    2.4020000E+00    7.2198496E+01    2.0721852E+01
    2.4060000E+00    7.2316063E+01    2.0721947E+01
    2.4100000E+00    7.2433652E+01    2.0722043E+01
    2.4140000E+00    7.2551264E+01    2.0722137E+01
    2.4180000E+00    7.2668898E+01    2.0722231E+01
    2.4220000E+00    7.2786551E+01    2.0722325E+01
    2.4260000E+00    7.2904224E+01    2.0722418E+01
    2.4300000E+00    7.3021916E+01    2.0722511E+01
    2.4340000E+00    7.3139624E+01    2.0722604E+01
    2.4380000E+00    7.3257349E+01    2.0722696E+01
    2.4420000E+00    7.3375090E+01    2.0722787E+01
    2.4460000E+00    7.3492844E+01    2.0722879E+01
    2.4500000E+00    7.3610612E+01    2.0722969E+01
    2.4540000E+00    7.3728392E+01    2.0723060E+01
    2.4580000E+00    7.3846183E+01    2.0723150E+01
    2.4620000E+00    7.3963984E+01    2.0723239E+01
    2.4660000E+00    7.4081794E+01    2.0723328E+01
    2.4700000E+00    7.4199612E+01    2.0723417E+01
    2.4740000E+00    7.4317437E+01    2.0723506E+01
    2.4780000E+00    7.4435267E+01    2.0723593E+01
    2.4820000E+00    7.4553102E+01    2.0723681E+01
    2.4860000E+00    7.4670941E+01    2.0723768E+01
    2.4900000E+00    7.4788782E+01    2.0723855E+01
    2.4940000E+00    7.4906625E+01    2.0723941E+01
    2.4980000E+00    7.5024468E+01    2.0724027E+01
    2.5020000E+00    7.5142310E+01    2.0724113E+01
    2.5060000E+00    7.5260150E+01    2.0724198E+01
    2.5100000E+00    7.5377987E+01    2.0724283E+01
    2.5140000E+00    7.5495819E+01    2.0724368E+01
    2.5180000E+00    7.5613646E+01    2.0724452E+01
    2.5220000E+00    7.5731467E+01    2.0724536E+01
    2.5260000E+00    7.5849279E+01    2.0724619E+01
    2.5300000E+00    7.5967083E+01    2.0724702E+01
    2.5340000E+00    7.6084877E+01    2.0724785E+01
    2.5380000E+00    7.6202659E+01    2.0724867E+01
    2.5420000E+00    7.6320429E+01    2.0724949E+01
    2.5460000E+00    7.6438185E+01    2.0725031E+01
    2.5500000E+00    7.6555926E+01    2.0725112E+01
    2.5540000E+00    7.6673651E+01    2.0725193E+01
    2.5580000E+00    7.6791359E+01    2.0725274E+01
    2.5620000E+00    7.6909049E+01    2.0725354E+01
    2.5660000E+00    7.7026718E+01    2.0725434E+01
    2.5700000E+00    7.7144367E+01    2.0725514E+01
    2.5740000E+00    7.7261993E+01    2.0725593E+01
    2.5780000E+00    7.7379596E+01    2.0725672E+01
    2.5820000E+00    7.7497174E+01    2.0725751E+01
    2.5860000E+00    7.7614726E+01    2.0725829E+01
    2.5900000E+00    7.7732251E+01    2.0725907E+01
    2.5940000E+00    7.7849747E+01    2.0725984E+01
    2.5980000E+00    7.7967213E+01    2.0726062E+01
    2.6020000E+00    7.8084648E+01    2.0726139E+01
    2.6060000E+00    7.8202051E+01    2.0726215E+01
    2.6100000E+00    7.8319420E+01    2.0726292E+01
    2.6140000E+00    7.8436754E+01    2.0726368E+01
    2.6180000E+00    7.8554052E+01    2.0726443E+01
    2.6220000E+00    7.8671312E+01    2.0726519E+01
    2.6260000E+00    7.8788532E+01    2.0726594E+01
    2.6300000E+00    7.8905713E+01    2.0726669E+01
    2.6340000E+00    7.9022852E+01    2.0726743E+01
    2.6380000E+00    7.9139947E+01    2.0726817E+01
    2.6420000E+00    7.9256998E+01    2.0726891E+01
    2.6460000E+00    7.9374004E+01    2.0726965E+01
    2.6500000E+00    7.9490962E+01    2.0727038E+01
    2.6540000E+00    7.9607872E+01    2.0727111E+01
    2.6580000E+00    7.9724732E+01    2.0727183E+01
    2.6620000E+00    7.9841540E+01    2.0727256E+01
    2.6660000E+00    7.9958296E+01    2.0727328E+01
    2.6700000E+00    8.0074997E+01    2.0727399E+01
    2.6740000E+00    8.0191643E+01    2.0727471E+01
    2.6780000E+00    8.0308232E+01    2.0727542E+01
    2.6820000E+00    8.0424763E+01    2.0727613E+01
    2.6860000E+00    8.0541233E+01    2.0727683E+01
    2.6900000E+00    8.0657643E+01    2.0727754E+01
    2.6940000E+00    8.0773989E+01    2.0727824E+01
    2.6980000E+00    8.0890272E+01    2.0727893E+01
    2.7020000E+00    8.1006488E+01    2.0727963E+01
    2.7060000E+00    8.1122638E+01    2.0728032E+01
    2.7100000E+00    8.1238719E+01    2.0728100E+01
    2.7140000E+00    8.1354730E+01    2.0728169E+01
    2.7180000E+00    8.1470669E+01    2.0728237E+01
    2.7220000E+00    8.1586535E+01    2.0728305E+01
    2.7260000E+00    8.1702326E+01    2.0728373E+01
    2.7300000E+00    8.1818042E+01    2.0728440E+01
    2.7340000E+00    8.1933680E+01    2.0728507E+01
    2.7380000E+00    8.2049238E+01    2.0728574E+01
    2.7420000E+00    8.2164716E+01    2.0728641E+01
    2.7460000E+00    8.2280112E+01    2.0728707E+01
    2.7500000E+00    8.2395424E+01    2.0728773E+01
    2.7540000E+00    8.2510650E+01    2.0728839E+01
    2.7580000E+00    8.2625790E+01    2.0728904E+01
    2.7620000E+00    8.2740841E+01    2.0728970E+01
    2.7660000E+00    8.2855802E+01    2.0729035E+01
    2.7700000E+00    8.2970672E+01    2.0729099E+01
    2.7740000E+00    8.3085448E+01    2.0729164E+01
    2.7780000E+00    8.3200129E+01    2.0729228E+01
    2.7820000E+00    8.3314714E+01    2.0729292E+01
    2.7860000E+00    8.3429201E+01    2.0729355E+01
    2.7900000E+00    8.3543589E+01    2.0729419E+01
    2.7940000E+00    8.3657875E+01    2.0729482E+01
    2.7980000E+00    8.3772058E+01    2.0729544E+01
    2.8020000E+00    8.3886137E+01    2.0729607E+01
    2.8060000E+00    8.4000110E+01    2.0729669E+01
    2.8100000E+00    8.4113974E+01    2.0729731E+01
    2.8140000E+00    8.4227730E+01    2.0729793E+01
    2.8180000E+00    8.4341374E+01    2.0729854E+01
    2.8220000E+00    8.4454905E+01    2.0729916E+01
    2.8260000E+00    8.4568322E+01    2.0729977E+01
    2.8300000E+00    8.4681623E+01    2.0730037E+01
    2.8340000E+00    8.4794806E+01    2.0730098E+01
    2.8380000E+00    8.4907869E+01    2.0730158E+01
    2.8420000E+00    8.5020811E+01    2.0730218E+01
    2.8460000E+00    8.5133631E+01    2.0730278E+01
    2.8500000E+00    8.5246325E+01    2.0730337E+01
    2.8540000E+00    8.5358894E+01    2.0730396E+01
    2.8580000E+00    8.5471334E+01    2.0730455E+01
    2.8620000E+00    8.5583644E+01    2.0730514E+01
    2.8660000E+00    8.5695823E+01    2.0730572E+01
    2.8700000E+00    8.5807868E+01    2.0730630E+01
    2.8740000E+00    8.5919778E+01    2.0730688E+01
    2.8780000E+00    8.6031552E+01    2.0730746E+01
    2.8820000E+00    8.6143187E+01    2.0730803E+01
    2.8860000E+00    8.6254682E+01    2.0730860E+01
    2.8900000E+00    8.6366034E+01    2.0730917E+01
    2.8940000E+00    8.6477243E+01    2.0730974E+01
    2.8980000E+00    8.6588305E+01    2.0731030E+01
    2.9020000E+00    8.6699221E+01    2.0731087E+01
    2.9060000E+00    8.6809987E+01    2.0731143E+01
    2.9100000E+00    8.6920602E+01    2.0731198E+01
    2.9140000E+00    8.7031064E+01    2.0731254E+01
    2.9180000E+00    8.7141371E+01    2.0731309E+01
    2.9220000E+00    8.7251522E+01    2.0731364E+01
    2.9260000E+00    8.7361514E+01    2.0731419E+01
    2.9300000E+00    8.7471346E+01    2.0731473E+01
    2.9340000E+00    8.7581016E+01    2.0731527E+01
    2.9380000E+00    8.7690522E+01    2.0731581E+01
    2.9420000E+00    8.7799863E+01    2.0731635E+01
    2.9460000E+00    8.7909036E+01    2.0731688E+01
    2.9500000E+00    8.8018039E+01    2.0731742E+01
    2.9540000E+00    8.8126871E+01    2.0731795E+01
    2.9580000E+00    8.8235529E+01    2.0731848E+01
    2.9620000E+00    8.8344013E+01    2.0731900E+01
    2.9660000E+00    8.8452320E+01    2.0731952E+01
    2.9700000E+00    8.8560447E+01    2.0732004E+01
    2.9740000E+00    8.8668394E+01    2.0732056E+01
    2.9780000E+00    8.8776159E+01    2.0732108E+01
    2.9820000E+00    8.8883739E+01    2.0732159E+01
    2.9860000E+00    8.8991132E+01    2.0732210E+01
    2.9900000E+00    8.9098337E+01    2.0732261E+01
    2.9940000E+00    8.9205351E+01    2.0732312E+01
    2.9980000E+00    8.9312173E+01    2.0732362E+01
    3.0020000E+00    8.9418801E+01    2.0732413E+01
    3.0060000E+00    8.9525233E+01    2.0732462E+01
    3.0100000E+00    8.9631467E+01    2.0732512E+01
    3.0140000E+00    8.9737501E+01    2.0732562E+01
    3.0180000E+00    8.9843333E+01    2.0732611E+01
    3.0220000E+00    8.9948961E+01    2.0732660E+01
    3.0260000E+00    9.0054383E+01    2.0732709E+01
    3.0300000E+00    9.0159598E+01    2.0732757E+01
    3.0340000E+00    9.0264602E+01    2.0732806E+01
    3.0380000E+00    9.0369395E+01    2.0732854E+01
    3.0420000E+00    9.0473974E+01    2.0732902E+01
    3.0460000E+00    9.0578338E+01    2.0732949E+01
    3.0500000E+00    9.0682483E+01    2.0732997E+01
    3.0540000E+00    9.0786409E+01    2.0733044E+01
    3.0580000E+00    9.0890113E+01    2.0733091E+01
    3.0620000E+00    9.0993594E+01    2.0733138E+01
    3.0660000E+00    9.1096849E+01    2.0733184E+01
    3.0700000E+00    9.1199876E+01    2.0733230E+01
    3.0740000E+00    9.1302674E+01    2.0733276E+01
    3.0780000E+00    9.1405239E+01    2.0733322E+01
    3.0820000E+00    9.1507572E+01    2.0733368E+01
    3.0860000E+00    9.1609668E+01    2.0733413E+01
    3.0900000E+00    9.1711527E+01    2.0733458E+01
    3.0940000E+00    9.1813145E+01    2.0733503E+01
    3.0980000E+00    9.1914522E+01    2.0733548E+01
    3.1020000E+00    9.2015656E+01    2.0733593E+01
    3.1060000E+00    9.2116543E+01    2.0733637E+01
    3.1100000E+00    9.2217182E+01    2.0733681E+01
    3.1140000E+00    9.2317572E+01    2.0733725E+01
    3.1180000E+00    9.2417709E+01    2.0733768E+01
    3.1220000E+00    9.2517593E+01    2.0733812E+01
    3.1260000E+00    9.2617220E+01    2.0733855E+01
    3.1300000E+00    9.2716589E+01    2.0733898E+01
    3.1340000E+00    9.2815698E+01    2.0733941E+01
    3.1380000E+00    9.2914545E+01    2.0733983E+01
    3.1420000E+00    9.3013127E+01    2.0734025E+01
    3.1460000E+00    9.3111443E+01    2.0734067E+01
    3.1500000E+00    9.3209491E+01    2.0734109E+01
    3.1540000E+00    9.3307268E+01    2.0734151E+01
    3.1580000E+00    9.3404772E+01    2.0734192E+01
    3.1620000E+00    9.3502002E+01    2.0734233E+01
    3.1660000E+00    9.3598955E+01    2.0734274E+01
    3.1700000E+00    9.3695630E+01    2.0734315E+01
    3.1740000E+00    9.3792023E+01    2.0734356E+01
    3.1780000E+00    9.3888134E+01    2.0734396E+01
    3.1820000E+00    9.3983960E+01    2.0734436E+01
    3.1860000E+00    9.4079498E+01    2.0734476E+01
    3.1900000E+00    9.4174747E+01    2.0734516E+01
    3.1940000E+00    9.4269705E+01    2.0734555E+01
    3.1980000E+00    9.4364370E+01    2.0734594E+01
    3.2020000E+00    9.4458739E+01    2.0734633E+01
    3.2060000E+00    9.4552811E+01    2.0734672E+01
    3.2100000E+00    9.4646583E+01    2.0734711E+01
    3.2140000E+00    9.4740054E+01    2.0734749E+01
    3.2180000E+00    9.4833221E+01    2.0734787E+01
    3.2220000E+00    9.4926082E+01    2.0734825E+01
    3.2260000E+00    9.5018635E+01    2.0734863E+01
    3.2300000E+00    9.5110878E+01    2.0734901E+01
    3.2340000E+00    9.5202808E+01    2.0734938E+01
    3.2380000E+00    9.5294425E+01    2.0734975E+01
    3.2420000E+00    9.5385725E+01    2.0735012E+01
    3.2460000E+00    9.5476707E+01    2.0735049E+01
    3.2500000E+00    9.5567369E+01    2.0735085E+01
    3.2540000E+00    9.5657708E+01    2.0735121E+01
    3.2580000E+00    9.5747722E+01    2.0735157E+01
    3.2620000E+00    9.5837410E+01    2.0735193E+01
    3.2660000E+00    9.5926768E+01    2.0735229E+01
    3.2700000E+00    9.6015796E+01    2.0735264E+01
    3.2740000E+00    9.6104491E+01    2.0735299E+01
    3.2780000E+00    9.6192851E+01    2.0735334E+01
    3.2820000E+00    9.6280874E+01    2.0735369E+01
    3.2860000E+00    9.6368557E+01    2.0735404E+01
    3.2900000E+00    9.6455899E+01    2.0735438E+01
    3.2940000E+00    9.6542898E+01    2.0735472E+01
    3.2980000E+00    9.6629551E+01    2.0735506E+01
    3.3020000E+00    9.6715857E+01    2.0735540E+01
    3.3060000E+00    9.6801813E+01    2.0735574E+01
    3.3100000E+00    9.6887417E+01    2.0735607E+01
    3.3140000E+00    9.6972668E+01    2.0735640E+01
    3.3180000E+00    9.7057563E+01    2.0735673E+01
    3.3220000E+00    9.7142100E+01    2.0735706E+01
    3.3260000E+00    9.7226277E+01    2.0735738E+01
    3.3300000E+00    9.7310092E+01    2.0735770E+01
    3.3340000E+00    9.7393543E+01    2.0735803E+01
    3.3380000E+00    9.7476628E+01    2.0735834E+01
    3.3420000E+00    9.7559344E+01    2.0735866E+01
    3.3460000E+00    9.7641691E+01    2.0735898E+01
    3.3500000E+00    9.7723665E+01    2.0735929E+01
    3.3540000E+00    9.7805265E+01    2.0735960E+01
    3.3580000E+00    9.7886488E+01    2.0735991E+01
    3.3620000E+00    9.7967334E+01    2.0736022E+01
    3.3660000E+00    9.8047798E+01    2.0736052E+01
    3.3700000E+00    9.8127881E+01    2.0736082E+01
    3.3740000E+00    9.8207578E+01    2.0736112E+01
    3.3780000E+00    9.8286890E+01    2.0736142E+01
    3.3820000E+00    9.8365813E+01    2.0736172E+01
    3.3860000E+00    9.8444345E+01    2.0736201E+01
    3.3900000E+00    9.8522485E+01    2.0736230E+01
    3.3940000E+00    9.8600230E+01    2.0736260E+01
    3.3980000E+00    9.8677579E+01    2.0736288E+01
    3.4020000E+00    9.8754529E+01    2.0736317E+01
    3.4060000E+00    9.8831078E+01    2.0736345E+01
    3.4100000E+00    9.8907226E+01    2.0736374E+01
    3.4140000E+00    9.8982968E+01    2.0736402E+01
    3.4180000E+00    9.9058305E+01    2.0736430E+01
    3.4220000E+00    9.9133232E+01    2.0736457E+01
    3.4260000E+00    9.9207750E+01    2.0736485E+01
    3.4300000E+00    9.9281855E+01    2.0736512E+01
    3.4340000E+00    9.9355546E+01    2.0736539E+01
    3.4380000E+00    9.9428820E+01    2.0736566E+01
    3.4420000E+00    9.9501677E+01    2.0736592E+01
    3.4460000E+00    9.9574113E+01    2.0736619E+01
    3.4500000E+00    9.9646127E+01    2.0736645E+01
    3.4540000E+00    9.9717717E+01    2.0736671E+01
    3.4580000E+00    9.9788882E+01    2.0736697E+01
    3.4620000E+00    9.9859618E+01    2.0736723E+01
    3.4660000E+00    9.9929925E+01    2.0736748E+01
    3.4700000E+00    9.9999801E+01    2.0736773E+01
    3.4740000E+00    1.0006924E+02    2.0736798E+01
    3.4780000E+00    1.0013825E+02    2.0736823E+01
    3.4820000E+00    1.0020682E+02    2.0736848E+01
    3.4860000E+00    1.0027495E+02    2.0736872E+01
    3.4900000E+00    1.0034264E+02    2.0736896E+01
    3.4940000E+00    1.0040988E+02    2.0736921E+01
    3.4980000E+00    1.0047669E+02    2.0736944E+01
    3.5020000E+00    1.0054304E+02    2.0736968E+01
    3.5060000E+00    1.0060895E+02    2.0736992E+01
    3.5100000E+00    1.0067440E+02    2.0737015E+01
    3.5140000E+00    1.0073941E+02    2.0737038E+01
    3.5180000E+00    1.0080396E+02    2.0737061E+01
    3.5220000E+00    1.0086806E+02    2.0737083E+01
    3.5260000E+00    1.0093169E+02    2.0737106E+01
    3.5300000E+00    1.0099487E+02    2.0737128E+01
    3.5340000E+00    1.0105759E+02    2.0737150E+01
    3.5380000E+00    1.0111985E+02    2.0737172E+01
    3.5420000E+00    1.0118164E+02    2.0737194E+01
    3.5460000E+00    1.0124296E+02    2.0737215E+01
    3.5500000E+00    1.0130382E+02    2.0737237E+01
    3.5540000E+00    1.0136421E+02    2.0737258E+01
    3.5580000E+00    1.0142413E+02    2.0737279E+01
    3.5620000E+00    1.0148357E+02    2.0737300E+01
    3.5660000E+00    1.0154254E+02    2.0737320E+01
    3.5700000E+00    1.0160103E+02    2.0737340E+01
    3.5740000E+00    1.0165905E+02    2.0737361E+01
    3.5780000E+00    1.0171658E+02    2.0737381E+01
    3.5820000E+00    1.0177363E+02    2.0737400E+01
    3.5860000E+00    1.0183020E+02    2.0737420E+01
    3.5900000E+00    1.0188629E+02    2.0737439E+01
    3.5940000E+00    1.0194189E+02    2.0737458E+01
    3.5980000E+00    1.0199700E+02    2.0737477E+01
    3.6020000E+00    1.0205162E+02    2.0737496E+01
    3.6060000E+00    1.0210576E+02    2.0737515E+01
    3.6100000E+00    1.0215940E+02    2.0737533E+01
    3.6140000E+00    1.0221254E+02    2.0737551E+01
    3.6180000E+00    1.0226519E+02    2.0737569E+01
    3.6220000E+00    1.0231734E+02    2.0737587E+01
    3.6260000E+00    1.0236899E+02    2.0737605E+01
    3.6300000E+00    1.0242015E+02    2.0737622E+01
    3.6340000E+00    1.0247080E+02    2.0737640E+01
    3.6380000E+00    1.0252095E+02    2.0737657E+01
    3.6420000E+00    1.0257059E+02    2.0737674E+01
    3.6460000E+00    1.0261973E+02    2.0737690E+01
    3.6500000E+00    1.0266836E+02    2.0737707E+01
    3.6540000E+00    1.0271648E+02    2.0737723E+01
    3.6580000E+00    1.0276409E+02    2.0737739E+01
    3.6620000E+00    1.0281118E+02    2.0737755E+01
    3.6660000E+00    1.0285777E+02    2.0737771E+01
    3.6700000E+00    1.0290384E+02    2.0737786E+01
    3.6740000E+00    1.0294939E+02    2.0737802E+01
    3.6780000E+00    1.0299443E+02    2.0737817E+01
    3.6820000E+00    1.0303894E+02    2.0737832E+01
    3.6860000E+00    1.0308294E+02    2.0737847E+01
    3.6900000E+00    1.0312642E+02    2.0737861E+01
    3.6940000E+00    1.0316937E+02    2.0737876E+01
    3.6980000E+00    1.0321180E+02    2.0737890E+01
    3.7020000E+00    1.0325370E+02    2.0737904E+01
    3.7060000E+00    1.0329508E+02    2.0737918E+01
    3.7100000E+00    1.0333593E+02    2.0737931E+01
    3.7140000E+00    1.0337625E+02    2.0737945E+01
    3.7180000E+00    1.0341604E+02    2.0737958E+01
    3.7220000E+00    1.0345529E+02    2.0737971E+01
    3.7260000E+00    1.0349402E+02    2.0737984E+01
    3.7300000E+00    1.0353221E+02    2.0737997E+01
    3.7340000E+00    1.0356987E+02    2.0738009E+01
    3.7380000E+00    1.0360699E+02    2.0738022E+01
    3.7420000E+00    1.0364357E+02    2.0738034E+01
    3.7460000E+00    1.0367961E+02    2.0738046E+01
    3.7500000E+00    1.0371512E+02    2.0738057E+01
    3.7540000E+00    1.0375008E+02    2.0738069E+01
    3.7580000E+00    1.0378450E+02    2.0738080E+01
    3.7620000E+00    1.0381838E+02    2.0738092E+01
    3.7660000E+00    1.0385172E+02    2.0738103E+01
    3.7700000E+00    1.0388451E+02    2.0738113E+01
    3.7740000E+00    1.0391675E+02    2.0738124E+01
    3.7780000E+00    1.0394845E+02    2.0738134E+01
    3.7820000E+00    1.0397960E+02    2.0738145E+01
    3.7860000E+00    1.0401020E+02    2.0738155E+01
    3.7900000E+00    1.0404025E+02    2.0738165E+01
    3.7940000E+00    1.0406975E+02    2.0738174E+01
    3.7980000E+00    1.0409870E+02    2.0738184E+01
    3.8020000E+00    1.0412710E+02    2.0738193E+01
    3.8060000E+00    1.0415494E+02    2.0738202E+01
    3.8100000E+00    1.0418223E+02    2.0738211E+01
    3.8140000E+00    1.0420897E+02    2.0738220E+01
    3.8180000E+00    1.0423514E+02    2.0738229E+01
    3.8220000E+00    1.0426076E+02    2.0738237E+01
    3.8260000E+00    1.0428583E+02    2.0738245E+01
    3.8300000E+00    1.0431033E+02    2.0738253E+01
    3.8340000E+00    1.0433428E+02    2.0738261E+01
    3.8380000E+00    1.0435766E+02    2.0738269E+01
    3.8420000E+00    1.0438049E+02    2.0738276E+01
    3.8460000E+00    1.0440275E+02    2.0738283E+01
    3.8500000E+00    1.0442445E+02    2.0738290E+01
    3.8540000E+00    1.0444559E+02    2.0738297E+01
    3.8580000E+00    1.0446617E+02    2.0738304E+01
    3.8620000E+00    1.0448618E+02    2.0738310E+01
    3.8660000E+00    1.0450563E+02    2.0738317E+01
    3.8700000E+00    1.0452451E+02    2.0738323E+01
    3.8740000E+00    1.0454282E+02    2.0738329E+01
    3.8780000E+00    1.0456057E+02    2.0738335E+01
    3.8820000E+00    1.0457776E+02    2.0738340E+01
    3.8860000E+00    1.0459437E+02    2.0738345E+01
    3.8900000E+00    1.0461042E+02    2.0738351E+01
    3.8940000E+00    1.0462589E+02    2.0738356E+01
    3.8980000E+00    1.0464080E+02    2.0738361E+01
    3.9020000E+00    1.0465514E+02    2.0738365E+01
    3.9060000E+00    1.0466891E+02    2.0738370E+01
    3.9100000E+00    1.0468211E+02    2.0738374E+01
    3.9140000E+00    1.0469474E+02    2.0738378E+01
    3.9180000E+00    1.0470680E+02    2.0738382E+01
    3.9220000E+00    1.0471828E+02    2.0738386E+01
    3.9260000E+00    1.0472919E+02    2.0738389E+01
    3.9300000E+00    1.0473954E+02    2.0738393E+01
    3.9340000E+00    1.0474930E+02    2.0738396E+01
    3.9380000E+00    1.0475850E+02    2.0738399E+01
    3.9420000E+00    1.0476712E+02    2.0738401E+01
    3.9460000E+00    1.0477517E+02    2.0738404E+01
    3.9500000E+00    1.0478264E+02    2.0738406E+01
    3.9540000E+00    1.0478954E+02    2.0738409E+01
    3.9580000E+00    1.0479587E+02    2.0738411E+01
    3.9620000E+00    1.0480162E+02    2.0738413E+01
    3.9660000E+00    1.0480680E+02    2.0738414E+01
    3.9700000E+00    1.0481140E+02    2.0738416E+01
    3.9740000E+00    1.0481543E+02    2.0738417E+01
    3.9780000E+00    1.0481888E+02    2.0738418E+01
    3.9820000E+00    1.0482176E+02    2.0738419E+01
    3.9860000E+00    1.0482406E+02    2.0738420E+01
    3.9900000E+00    1.0482579E+02    2.0738420E+01
    3.9940000E+00    1.0482694E+02    2.0738421E+01
    3.9980000E+00    1.0482751E+02    2.0738421E+01
