# Time          2.5000E+02
# Units: Permil
    Distance        SO4--            SO164--         
    2.0000000E-03    2.1015187E+01    8.7573252E+00
    6.0000000E-03    2.1045550E+01    8.9138322E+00
    1.0000000E-02    2.1075915E+01    9.0683439E+00
    1.4000000E-02    2.1106283E+01    9.2208850E+00
    1.8000000E-02    2.1136653E+01    9.3714798E+00
    2.2000000E-02    2.1167026E+01    9.5201523E+00
    2.6000000E-02    2.1197401E+01    9.6669263E+00
    3.0000000E-02    2.1227779E+01    9.8118253E+00
    3.4000000E-02    2.1258159E+01    9.9548725E+00
    3.8000000E-02    2.1288541E+01    1.0096091E+01
    4.2000000E-02    2.1318926E+01    1.0235503E+01
    4.6000000E-02    2.1349314E+01    1.0373131E+01
    5.0000000E-02    2.1379704E+01    1.0508997E+01
    5.4000000E-02    2.1410096E+01    1.0643123E+01
    5.8000000E-02    2.1440492E+01    1.0775531E+01
    6.2000000E-02    2.1470889E+01    1.0906241E+01
    6.6000000E-02    2.1501289E+01    1.1035276E+01
    7.0000000E-02    2.1531692E+01    1.1162655E+01
    7.4000000E-02    2.1562098E+01    1.1288400E+01
    7.8000000E-02    2.1592506E+01    1.1412530E+01
    8.2000000E-02    2.1622916E+01    1.1535066E+01
    8.6000000E-02    2.1653329E+01    1.1656027E+01
    9.0000000E-02    2.1683745E+01    1.1775433E+01
    9.4000000E-02    2.1714163E+01    1.1893304E+01
    9.8000000E-02    2.1744584E+01    1.2009658E+01
    1.0200000E-01    2.1775008E+01    1.2124515E+01
    1.0600000E-01    2.1805434E+01    1.2237892E+01
    1.1000000E-01    2.1835863E+01    1.2349809E+01
    1.1400000E-01    2.1866294E+01    1.2460284E+01
    1.1800000E-01    2.1896728E+01    1.2569335E+01
    1.2200000E-01    2.1927165E+01    1.2676978E+01
    1.2600000E-01    2.1957604E+01    1.2783233E+01
    1.3000000E-01    2.1988046E+01    1.2888116E+01
    1.3400000E-01    2.2018491E+01    1.2991645E+01
    1.3800000E-01    2.2048938E+01    1.3093836E+01
    1.4200000E-01    2.2079389E+01    1.3194705E+01
    1.4600000E-01    2.2109841E+01    1.3294271E+01
    1.5000000E-01    2.2140297E+01    1.3392549E+01
    1.5400000E-01    2.2170755E+01    1.3489554E+01
    1.5800000E-01    2.2201216E+01    1.3585304E+01
    1.6200000E-01    2.2231680E+01    1.3679813E+01
    1.6600000E-01    2.2262146E+01    1.3773097E+01
    1.7000000E-01    2.2292615E+01    1.3865173E+01
    1.7400000E-01    2.2323087E+01    1.3956053E+01
    1.7800000E-01    2.2353561E+01    1.4045755E+01
    1.8200000E-01    2.2384038E+01    1.4134292E+01
    1.8600000E-01    2.2414518E+01    1.4221680E+01
    1.9000000E-01    2.2445001E+01    1.4307932E+01
    1.9400000E-01    2.2475487E+01    1.4393063E+01
    1.9800000E-01    2.2505975E+01    1.4477087E+01
    2.0200000E-01    2.2536466E+01    1.4560017E+01
    2.0600000E-01    2.2566960E+01    1.4641869E+01
    2.1000000E-01    2.2597456E+01    1.4722655E+01
    2.1400000E-01    2.2627955E+01    1.4802388E+01
    2.1800000E-01    2.2658457E+01    1.4881083E+01
    2.2200000E-01    2.2688962E+01    1.4958751E+01
    2.2600000E-01    2.2719470E+01    1.5035407E+01
    2.3000000E-01    2.2749980E+01    1.5111062E+01
    2.3400000E-01    2.2780493E+01    1.5185729E+01
    2.3800000E-01    2.2811009E+01    1.5259422E+01
    2.4200000E-01    2.2841528E+01    1.5332152E+01
    2.4600000E-01    2.2872050E+01    1.5403931E+01
    2.5000000E-01    2.2902574E+01    1.5474771E+01
    2.5400000E-01    2.2933101E+01    1.5544685E+01
    2.5800000E-01    2.2963631E+01    1.5613683E+01
    2.6200000E-01    2.2994164E+01    1.5681778E+01
    2.6600000E-01    2.3024700E+01    1.5748981E+01
    2.7000000E-01    2.3055238E+01    1.5815304E+01
    2.7400000E-01    2.3085779E+01    1.5880757E+01
    2.7800000E-01    2.3116323E+01    1.5945351E+01
    2.8200000E-01    2.3146870E+01    1.6009098E+01
    2.8600000E-01    2.3177420E+01    1.6072008E+01
    2.9000000E-01    2.3207972E+01    1.6134092E+01
    2.9400000E-01    2.3238528E+01    1.6195360E+01
    2.9800000E-01    2.3269086E+01    1.6255823E+01
    3.0200000E-01    2.3299647E+01    1.6315490E+01
    3.0600000E-01    2.3330211E+01    1.6374373E+01
    3.1000000E-01    2.3360777E+01    1.6432480E+01
    3.1400000E-01    2.3391347E+01    1.6489823E+01
    3.1800000E-01    2.3421919E+01    1.6546410E+01
    3.2200000E-01    2.3452494E+01    1.6602251E+01
    3.2600000E-01    2.3483072E+01    1.6657356E+01
    3.3000000E-01    2.3513652E+01    1.6711734E+01
    3.3400000E-01    2.3544236E+01    1.6765394E+01
    3.3800000E-01    2.3574822E+01    1.6818347E+01
    3.4200000E-01    2.3605411E+01    1.6870599E+01
    3.4600000E-01    2.3636003E+01    1.6922162E+01
    3.5000000E-01    2.3666598E+01    1.6973042E+01
    3.5400000E-01    2.3697196E+01    1.7023250E+01
    3.5800000E-01    2.3727796E+01    1.7072794E+01
    3.6200000E-01    2.3758400E+01    1.7121681E+01
    3.6600000E-01    2.3789006E+01    1.7169922E+01
    3.7000000E-01    2.3819615E+01    1.7217523E+01
    3.7400000E-01    2.3850226E+01    1.7264493E+01
    3.7800000E-01    2.3880841E+01    1.7310841E+01
    3.8200000E-01    2.3911458E+01    1.7356574E+01
    3.8600000E-01    2.3942078E+01    1.7401699E+01
    3.9000000E-01    2.3972701E+01    1.7446226E+01
    3.9400000E-01    2.4003327E+01    1.7490162E+01
    3.9800000E-01    2.4033955E+01    1.7533513E+01
    4.0200000E-01    2.4064587E+01    1.7576288E+01
    4.0600000E-01    2.4095221E+01    1.7618494E+01
    4.1000000E-01    2.4125858E+01    1.7660139E+01
    4.1400000E-01    2.4156497E+01    1.7701230E+01
    4.1800000E-01    2.4187140E+01    1.7741773E+01
    4.2200000E-01    2.4217785E+01    1.7781776E+01
    4.2600000E-01    2.4248433E+01    1.7821246E+01
    4.3000000E-01    2.4279084E+01    1.7860189E+01
    4.3400000E-01    2.4309737E+01    1.7898613E+01
    4.3800000E-01    2.4340394E+01    1.7936524E+01
    4.4200000E-01    2.4371053E+01    1.7973930E+01
    4.4600000E-01    2.4401715E+01    1.8010835E+01
    4.5000000E-01    2.4432379E+01    1.8047247E+01
    4.5400000E-01    2.4463046E+01    1.8083173E+01
    4.5800000E-01    2.4493717E+01    1.8118618E+01
    4.6200000E-01    2.4524389E+01    1.8153589E+01
    4.6600000E-01    2.4555065E+01    1.8188091E+01
    4.7000000E-01    2.4585743E+01    1.8222132E+01
    4.7400000E-01    2.4616424E+01    1.8255716E+01
    4.7800000E-01    2.4647108E+01    1.8288851E+01
    4.8200000E-01    2.4677794E+01    1.8321541E+01
    4.8600000E-01    2.4708483E+01    1.8353792E+01
    4.9000000E-01    2.4739175E+01    1.8385611E+01
    4.9400000E-01    2.4769869E+01    1.8417003E+01
    4.9800000E-01    2.4800566E+01    1.8447972E+01
    5.0200000E-01    2.4831266E+01    1.8478526E+01
    5.0600000E-01    2.4861968E+01    1.8508669E+01
    5.1000000E-01    2.4892673E+01    1.8538407E+01
    5.1400000E-01    2.4923381E+01    1.8567744E+01
    5.1800000E-01    2.4954091E+01    1.8596687E+01
    5.2200000E-01    2.4984804E+01    1.8625239E+01
    5.2600000E-01    2.5015520E+01    1.8653408E+01
    5.3000000E-01    2.5046238E+01    1.8681196E+01
    5.3400000E-01    2.5076959E+01    1.8708610E+01
    5.3800000E-01    2.5107682E+01    1.8735654E+01
    5.4200000E-01    2.5138408E+01    1.8762333E+01
    5.4600000E-01    2.5169137E+01    1.8788652E+01
    5.5000000E-01    2.5199868E+01    1.8814615E+01
    5.5400000E-01    2.5230601E+01    1.8840228E+01
    5.5800000E-01    2.5261338E+01    1.8865494E+01
    5.6200000E-01    2.5292076E+01    1.8890419E+01
    5.6600000E-01    2.5322818E+01    1.8915006E+01
    5.7000000E-01    2.5353561E+01    1.8939261E+01
    5.7400000E-01    2.5384308E+01    1.8963187E+01
    5.7800000E-01    2.5415056E+01    1.8986790E+01
    5.8200000E-01    2.5445808E+01    1.9010072E+01
    5.8600000E-01    2.5476561E+01    1.9033039E+01
    5.9000000E-01    2.5507318E+01    1.9055694E+01
    5.9400000E-01    2.5538076E+01    1.9078041E+01
    5.9800000E-01    2.5568837E+01    1.9100086E+01
    6.0200000E-01    2.5599601E+01    1.9121831E+01
    6.0600000E-01    2.5630367E+01    1.9143281E+01
    6.1000000E-01    2.5661135E+01    1.9164439E+01
    6.1400000E-01    2.5691906E+01    1.9185309E+01
    6.1800000E-01    2.5722679E+01    1.9205896E+01
    6.2200000E-01    2.5753454E+01    1.9226202E+01
    6.2600000E-01    2.5784232E+01    1.9246232E+01
    6.3000000E-01    2.5815012E+01    1.9265989E+01
    6.3400000E-01    2.5845795E+01    1.9285477E+01
    6.3800000E-01    2.5876580E+01    1.9304700E+01
    6.4200000E-01    2.5907367E+01    1.9323660E+01
    6.4600000E-01    2.5938156E+01    1.9342362E+01
    6.5000000E-01    2.5968948E+01    1.9360808E+01
    6.5400000E-01    2.5999742E+01    1.9379003E+01
    6.5800000E-01    2.6030538E+01    1.9396949E+01
    6.6200000E-01    2.6061336E+01    1.9414650E+01
    6.6600000E-01    2.6092137E+01    1.9432108E+01
    6.7000000E-01    2.6122939E+01    1.9449329E+01
    6.7400000E-01    2.6153744E+01    1.9466313E+01
    6.7800000E-01    2.6184551E+01    1.9483065E+01
    6.8200000E-01    2.6215361E+01    1.9499588E+01
    6.8600000E-01    2.6246172E+01    1.9515885E+01
    6.9000000E-01    2.6276986E+01    1.9531958E+01
    6.9400000E-01    2.6307801E+01    1.9547811E+01
    6.9800000E-01    2.6338619E+01    1.9563446E+01
    7.0200000E-01    2.6369439E+01    1.9578867E+01
    7.0600000E-01    2.6400260E+01    1.9594077E+01
    7.1000000E-01    2.6431084E+01    1.9609077E+01
    7.1400000E-01    2.6461910E+01    1.9623872E+01
    7.1800000E-01    2.6492738E+01    1.9638463E+01
    7.2200000E-01    2.6523567E+01    1.9652854E+01
    7.2600000E-01    2.6554399E+01    1.9667047E+01
    7.3000000E-01    2.6585233E+01    1.9681045E+01
    7.3400000E-01    2.6616068E+01    1.9694850E+01
    7.3800000E-01    2.6646906E+01    1.9708465E+01
    7.4200000E-01    2.6677745E+01    1.9721892E+01
    7.4600000E-01    2.6708586E+01    1.9735135E+01
    7.5000000E-01    2.6739429E+01    1.9748195E+01
    7.5400000E-01    2.6770274E+01    1.9761075E+01
    7.5800000E-01    2.6801121E+01    1.9773777E+01
    7.6200000E-01    2.6831969E+01    1.9786304E+01
    7.6600000E-01    2.6862820E+01    1.9798658E+01
    7.7000000E-01    2.6893671E+01    1.9810842E+01
    7.7400000E-01    2.6924525E+01    1.9822857E+01
    7.7800000E-01    2.6955380E+01    1.9834707E+01
    7.8200000E-01    2.6986237E+01    1.9846392E+01
    7.8600000E-01    2.7017096E+01    1.9857916E+01
    7.9000000E-01    2.7047956E+01    1.9869280E+01
    7.9400000E-01    2.7078818E+01    1.9880488E+01
    7.9800000E-01    2.7109682E+01    1.9891540E+01
    8.0200000E-01    2.7140547E+01    1.9902439E+01
    8.0600000E-01    2.7171413E+01    1.9913187E+01
    8.1000000E-01    2.7202281E+01    1.9923786E+01
    8.1400000E-01    2.7233151E+01    1.9934238E+01
    8.1800000E-01    2.7264022E+01    1.9944545E+01
    8.2200000E-01    2.7294894E+01    1.9954709E+01
    8.2600000E-01    2.7325768E+01    1.9964732E+01
    8.3000000E-01    2.7356643E+01    1.9974616E+01
    8.3400000E-01    2.7387520E+01    1.9984363E+01
    8.3800000E-01    2.7418398E+01    1.9993974E+01
    8.4200000E-01    2.7449277E+01    2.0003452E+01
    8.4600000E-01    2.7480158E+01    2.0012798E+01
    8.5000000E-01    2.7511040E+01    2.0022014E+01
    8.5400000E-01    2.7541923E+01    2.0031102E+01
    8.5800000E-01    2.7572807E+01    2.0040063E+01
    8.6200000E-01    2.7603693E+01    2.0048900E+01
    8.6600000E-01    2.7634579E+01    2.0057613E+01
    8.7000000E-01    2.7665467E+01    2.0066205E+01
    8.7400000E-01    2.7696356E+01    2.0074678E+01
    8.7800000E-01    2.7727246E+01    2.0083032E+01
    8.8200000E-01    2.7758137E+01    2.0091270E+01
    8.8600000E-01    2.7789029E+01    2.0099393E+01
    8.9000000E-01    2.7819922E+01    2.0107402E+01
    8.9400000E-01    2.7850816E+01    2.0115300E+01
    8.9800000E-01    2.7881711E+01    2.0123088E+01
    9.0200000E-01    2.7912607E+01    2.0130766E+01
    9.0600000E-01    2.7943503E+01    2.0138338E+01
    9.1000000E-01    2.7974401E+01    2.0145804E+01
    9.1400000E-01    2.8005299E+01    2.0153165E+01
    9.1800000E-01    2.8036198E+01    2.0160423E+01
    9.2200000E-01    2.8067098E+01    2.0167580E+01
    9.2600000E-01    2.8097999E+01    2.0174637E+01
    9.3000000E-01    2.8128900E+01    2.0181594E+01
    9.3400000E-01    2.8159802E+01    2.0188455E+01
    9.3800000E-01    2.8190704E+01    2.0195219E+01
    9.4200000E-01    2.8221608E+01    2.0201889E+01
    9.4600000E-01    2.8252511E+01    2.0208465E+01
    9.5000000E-01    2.8283416E+01    2.0214949E+01
    9.5400000E-01    2.8314320E+01    2.0221342E+01
    9.5800000E-01    2.8345225E+01    2.0227646E+01
    9.6200000E-01    2.8376131E+01    2.0233861E+01
    9.6600000E-01    2.8407037E+01    2.0239988E+01
    9.7000000E-01    2.8437944E+01    2.0246030E+01
    9.7400000E-01    2.8468850E+01    2.0251987E+01
    9.7800000E-01    2.8499757E+01    2.0257860E+01
    9.8200000E-01    2.8530665E+01    2.0263651E+01
    9.8600000E-01    2.8561572E+01    2.0269360E+01
    9.9000000E-01    2.8592480E+01    2.0274990E+01
    9.9400000E-01    2.8623388E+01    2.0280540E+01
    9.9800000E-01    2.8654296E+01    2.0286011E+01
    1.0020000E+00    2.8685204E+01    2.0291406E+01
    1.0060000E+00    2.8716112E+01    2.0296726E+01
    1.0100000E+00    2.8747020E+01    2.0301970E+01
    1.0140000E+00    2.8777928E+01    2.0307140E+01
    1.0180000E+00    2.8808836E+01    2.0312238E+01
    1.0220000E+00    2.8839744E+01    2.0317264E+01
    1.0260000E+00    2.8870652E+01    2.0322219E+01
    1.0300000E+00    2.8901560E+01    2.0327104E+01
    1.0340000E+00    2.8932467E+01    2.0331920E+01
    1.0380000E+00    2.8963374E+01    2.0336669E+01
    1.0420000E+00    2.8994281E+01    2.0341350E+01
    1.0460000E+00    2.9025187E+01    2.0345966E+01
    1.0500000E+00    2.9056094E+01    2.0350516E+01
    1.0540000E+00    2.9086999E+01    2.0355002E+01
    1.0580000E+00    2.9117905E+01    2.0359425E+01
    1.0620000E+00    2.9148809E+01    2.0363786E+01
    1.0660000E+00    2.9179714E+01    2.0368084E+01
    1.0700000E+00    2.9210617E+01    2.0372323E+01
    1.0740000E+00    2.9241520E+01    2.0376501E+01
    1.0780000E+00    2.9272423E+01    2.0380620E+01
    1.0820000E+00    2.9303324E+01    2.0384682E+01
    1.0860000E+00    2.9334225E+01    2.0388685E+01
    1.0900000E+00    2.9365125E+01    2.0392633E+01
    1.0940000E+00    2.9396025E+01    2.0396524E+01
    1.0980000E+00    2.9426923E+01    2.0400360E+01
    1.1020000E+00    2.9457821E+01    2.0404143E+01
    1.1060000E+00    2.9488717E+01    2.0407871E+01
    1.1100000E+00    2.9519613E+01    2.0411547E+01
    1.1140000E+00    2.9550507E+01    2.0415171E+01
    1.1180000E+00    2.9581401E+01    2.0418744E+01
    1.1220000E+00    2.9612293E+01    2.0422266E+01
    1.1260000E+00    2.9643184E+01    2.0425738E+01
    1.1300000E+00    2.9674074E+01    2.0429162E+01
    1.1340000E+00    2.9704962E+01    2.0432536E+01
    1.1380000E+00    2.9735850E+01    2.0435863E+01
    1.1420000E+00    2.9766735E+01    2.0439143E+01
    1.1460000E+00    2.9797620E+01    2.0442376E+01
    1.1500000E+00    2.9828503E+01    2.0445564E+01
    1.1540000E+00    2.9859384E+01    2.0448707E+01
    1.1580000E+00    2.9890264E+01    2.0451805E+01
    1.1620000E+00    2.9921143E+01    2.0454859E+01
    1.1660000E+00    2.9952019E+01    2.0457869E+01
    1.1700000E+00    2.9982894E+01    2.0460838E+01
    1.1740000E+00    3.0013767E+01    2.0463764E+01
    1.1780000E+00    3.0044639E+01    2.0466649E+01
    1.1820000E+00    3.0075508E+01    2.0469492E+01
    1.1860000E+00    3.0106376E+01    2.0472296E+01
    1.1900000E+00    3.0137241E+01    2.0475060E+01
    1.1940000E+00    3.0168105E+01    2.0477784E+01
    1.1980000E+00    3.0198967E+01    2.0480470E+01
    1.2020000E+00    3.0229826E+01    2.0483118E+01
    1.2060000E+00    3.0260683E+01    2.0485729E+01
    1.2100000E+00    3.0291539E+01    2.0488302E+01
    1.2140000E+00    3.0322391E+01    2.0490839E+01
    1.2180000E+00    3.0353242E+01    2.0493340E+01
    1.2220000E+00    3.0384090E+01    2.0495806E+01
    1.2260000E+00    3.0414936E+01    2.0498236E+01
    1.2300000E+00    3.0445779E+01    2.0500633E+01
    1.2340000E+00    3.0476619E+01    2.0502995E+01
    1.2380000E+00    3.0507458E+01    2.0505324E+01
    1.2420000E+00    3.0538293E+01    2.0507619E+01
    1.2460000E+00    3.0569126E+01    2.0509883E+01
    1.2500000E+00    3.0599956E+01    2.0512114E+01
    1.2540000E+00    3.0630783E+01    2.0514313E+01
    1.2580000E+00    3.0661607E+01    2.0516482E+01
    1.2620000E+00    3.0692428E+01    2.0518619E+01
    1.2660000E+00    3.0723247E+01    2.0520727E+01
    1.2700000E+00    3.0754062E+01    2.0522804E+01
    1.2740000E+00    3.0784874E+01    2.0524852E+01
    1.2780000E+00    3.0815684E+01    2.0526872E+01
    1.2820000E+00    3.0846489E+01    2.0528862E+01
    1.2860000E+00    3.0877292E+01    2.0530824E+01
    1.2900000E+00    3.0908091E+01    2.0532759E+01
    1.2940000E+00    3.0938887E+01    2.0534666E+01
    1.2980000E+00    3.0969679E+01    2.0536547E+01
    1.3020000E+00    3.1000468E+01    2.0538400E+01
    1.3060000E+00    3.1031254E+01    2.0540228E+01
    1.3100000E+00    3.1062035E+01    2.0542029E+01
    1.3140000E+00    3.1092813E+01    2.0543805E+01
    1.3180000E+00    3.1123588E+01    2.0545556E+01
    1.3220000E+00    3.1154358E+01    2.0547282E+01
    1.3260000E+00    3.1185125E+01    2.0548984E+01
    1.3300000E+00    3.1215887E+01    2.0550662E+01
    1.3340000E+00    3.1246646E+01    2.0552316E+01
    1.3380000E+00    3.1277400E+01    2.0553947E+01
    1.3420000E+00    3.1308151E+01    2.0555554E+01
    1.3460000E+00    3.1338897E+01    2.0557139E+01
    1.3500000E+00    3.1369639E+01    2.0558702E+01
    1.3540000E+00    3.1400376E+01    2.0560243E+01
    1.3580000E+00    3.1431110E+01    2.0561762E+01
    1.3620000E+00    3.1461838E+01    2.0563259E+01
    1.3660000E+00    3.1492563E+01    2.0564735E+01
    1.3700000E+00    3.1523282E+01    2.0566191E+01
    1.3740000E+00    3.1553997E+01    2.0567626E+01
    1.3780000E+00    3.1584707E+01    2.0569041E+01
    1.3820000E+00    3.1615413E+01    2.0570436E+01
    1.3860000E+00    3.1646114E+01    2.0571811E+01
    1.3900000E+00    3.1676809E+01    2.0573167E+01
    1.3940000E+00    3.1707500E+01    2.0574504E+01
    1.3980000E+00    3.1738186E+01    2.0575822E+01
    1.4020000E+00    3.1768866E+01    2.0577121E+01
    1.4060000E+00    3.1799541E+01    2.0578403E+01
    1.4100000E+00    3.1830211E+01    2.0579666E+01
    1.4140000E+00    3.1860876E+01    2.0580912E+01
    1.4180000E+00    3.1891535E+01    2.0582140E+01
    1.4220000E+00    3.1922189E+01    2.0583351E+01
    1.4260000E+00    3.1952837E+01    2.0584545E+01
    1.4300000E+00    3.1983480E+01    2.0585722E+01
    1.4340000E+00    3.2014117E+01    2.0586882E+01
    1.4380000E+00    3.2044748E+01    2.0588027E+01
    1.4420000E+00    3.2075373E+01    2.0589155E+01
    1.4460000E+00    3.2105993E+01    2.0590268E+01
    1.4500000E+00    3.2136606E+01    2.0591365E+01
    1.4540000E+00    3.2167213E+01    2.0592447E+01
    1.4580000E+00    3.2197815E+01    2.0593514E+01
    1.4620000E+00    3.2228409E+01    2.0594566E+01
    1.4660000E+00    3.2258998E+01    2.0595603E+01
    1.4700000E+00    3.2289580E+01    2.0596626E+01
    1.4740000E+00    3.2320156E+01    2.0597635E+01
    1.4780000E+00    3.2350726E+01    2.0598629E+01
    1.4820000E+00    3.2381288E+01    2.0599610E+01
    1.4860000E+00    3.2411845E+01    2.0600577E+01
    1.4900000E+00    3.2442394E+01    2.0601531E+01
    1.4940000E+00    3.2472936E+01    2.0602471E+01
    1.4980000E+00    3.2503472E+01    2.0603398E+01
    1.5020000E+00    3.2534001E+01    2.0604313E+01
    1.5060000E+00    3.2564522E+01    2.0605215E+01
    1.5100000E+00    3.2595037E+01    2.0606104E+01
    1.5140000E+00    3.2625544E+01    2.0606981E+01
    1.5180000E+00    3.2656044E+01    2.0607846E+01
    1.5220000E+00    3.2686536E+01    2.0608700E+01
    1.5260000E+00    3.2717021E+01    2.0609541E+01
    1.5300000E+00    3.2747499E+01    2.0610371E+01
    1.5340000E+00    3.2777969E+01    2.0611189E+01
    1.5380000E+00    3.2808431E+01    2.0611996E+01
    1.5420000E+00    3.2838885E+01    2.0612792E+01
    1.5460000E+00    3.2869332E+01    2.0613577E+01
    1.5500000E+00    3.2899770E+01    2.0614351E+01
    1.5540000E+00    3.2930201E+01    2.0615115E+01
    1.5580000E+00    3.2960623E+01    2.0615868E+01
    1.5620000E+00    3.2991038E+01    2.0616611E+01
    1.5660000E+00    3.3021443E+01    2.0617344E+01
    1.5700000E+00    3.3051841E+01    2.0618067E+01
    1.5740000E+00    3.3082230E+01    2.0618780E+01
    1.5780000E+00    3.3112611E+01    2.0619483E+01
    1.5820000E+00    3.3142983E+01    2.0620177E+01
    1.5860000E+00    3.3173346E+01    2.0620861E+01
    1.5900000E+00    3.3203700E+01    2.0621536E+01
    1.5940000E+00    3.3234046E+01    2.0622202E+01
    1.5980000E+00    3.3264382E+01    2.0622859E+01
    1.6020000E+00    3.3294709E+01    2.0623507E+01
    1.6060000E+00    3.3325028E+01    2.0624146E+01
    1.6100000E+00    3.3355337E+01    2.0624777E+01
    1.6140000E+00    3.3385636E+01    2.0625399E+01
    1.6180000E+00    3.3415927E+01    2.0626013E+01
    1.6220000E+00    3.3446207E+01    2.0626618E+01
    1.6260000E+00    3.3476478E+01    2.0627216E+01
    1.6300000E+00    3.3506740E+01    2.0627805E+01
    1.6340000E+00    3.3536991E+01    2.0628386E+01
    1.6380000E+00    3.3567233E+01    2.0628960E+01
    1.6420000E+00    3.3597465E+01    2.0629526E+01
    1.6460000E+00    3.3627687E+01    2.0630085E+01
    1.6500000E+00    3.3657898E+01    2.0630636E+01
    1.6540000E+00    3.3688099E+01    2.0631180E+01
    1.6580000E+00    3.3718290E+01    2.0631716E+01
    1.6620000E+00    3.3748471E+01    2.0632246E+01
    1.6660000E+00    3.3778641E+01    2.0632768E+01
    1.6700000E+00    3.3808800E+01    2.0633284E+01
    1.6740000E+00    3.3838949E+01    2.0633792E+01
    1.6780000E+00    3.3869086E+01    2.0634294E+01
    1.6820000E+00    3.3899213E+01    2.0634790E+01
    1.6860000E+00    3.3929329E+01    2.0635279E+01
    1.6900000E+00    3.3959434E+01    2.0635761E+01
    1.6940000E+00    3.3989527E+01    2.0636238E+01
    1.6980000E+00    3.4019609E+01    2.0636708E+01
    1.7020000E+00    3.4049680E+01    2.0637171E+01
    1.7060000E+00    3.4079739E+01    2.0637629E+01
    1.7100000E+00    3.4109787E+01    2.0638081E+01
    1.7140000E+00    3.4139823E+01    2.0638527E+01
    1.7180000E+00    3.4169847E+01    2.0638968E+01
    1.7220000E+00    3.4199859E+01    2.0639402E+01
    1.7260000E+00    3.4229859E+01    2.0639831E+01
    1.7300000E+00    3.4259847E+01    2.0640255E+01
    1.7340000E+00    3.4289823E+01    2.0640673E+01
    1.7380000E+00    3.4319787E+01    2.0641086E+01
    1.7420000E+00    3.4349738E+01    2.0641493E+01
    1.7460000E+00    3.4379677E+01    2.0641895E+01
    1.7500000E+00    3.4409603E+01    2.0642292E+01
    1.7540000E+00    3.4439516E+01    2.0642684E+01
    1.7580000E+00    3.4469417E+01    2.0643072E+01
    1.7620000E+00    3.4499304E+01    2.0643454E+01
    1.7660000E+00    3.4529179E+01    2.0643831E+01
    1.7700000E+00    3.4559040E+01    2.0644204E+01
    1.7740000E+00    3.4588888E+01    2.0644572E+01
    1.7780000E+00    3.4618723E+01    2.0644935E+01
    1.7820000E+00    3.4648544E+01    2.0645294E+01
    1.7860000E+00    3.4678352E+01    2.0645648E+01
    1.7900000E+00    3.4708146E+01    2.0645998E+01
    1.7940000E+00    3.4737926E+01    2.0646344E+01
    1.7980000E+00    3.4767693E+01    2.0646685E+01
    1.8020000E+00    3.4797445E+01    2.0647022E+01
    1.8060000E+00    3.4827184E+01    2.0647355E+01
    1.8100000E+00    3.4856908E+01    2.0647684E+01
    1.8140000E+00    3.4886617E+01    2.0648008E+01
    1.8180000E+00    3.4916313E+01    2.0648329E+01
    1.8220000E+00    3.4945994E+01    2.0648646E+01
    1.8260000E+00    3.4975660E+01    2.0648959E+01
    1.8300000E+00    3.5005311E+01    2.0649268E+01
    1.8340000E+00    3.5034948E+01    2.0649574E+01
    1.8380000E+00    3.5064569E+01    2.0649876E+01
    1.8420000E+00    3.5094175E+01    2.0650174E+01
    1.8460000E+00    3.5123767E+01    2.0650469E+01
    1.8500000E+00    3.5153342E+01    2.0650760E+01
    1.8540000E+00    3.5182903E+01    2.0651047E+01
    1.8580000E+00    3.5212448E+01    2.0651331E+01
    1.8620000E+00    3.5241977E+01    2.0651612E+01
    1.8660000E+00    3.5271490E+01    2.0651890E+01
    1.8700000E+00    3.5300988E+01    2.0652164E+01
    1.8740000E+00    3.5330469E+01    2.0652435E+01
    1.8780000E+00    3.5359935E+01    2.0652703E+01
    1.8820000E+00    3.5389384E+01    2.0652967E+01
    1.8860000E+00    3.5418816E+01    2.0653229E+01
    1.8900000E+00    3.5448233E+01    2.0653488E+01
    1.8940000E+00    3.5477632E+01    2.0653743E+01
    1.8980000E+00    3.5507015E+01    2.0653996E+01
    1.9020000E+00    3.5536381E+01    2.0654246E+01
    1.9060000E+00    3.5565730E+01    2.0654492E+01
    1.9100000E+00    3.5595062E+01    2.0654737E+01
    1.9140000E+00    3.5624377E+01    2.0654978E+01
    1.9180000E+00    3.5653675E+01    2.0655216E+01
    1.9220000E+00    3.5682955E+01    2.0655452E+01
    1.9260000E+00    3.5712217E+01    2.0655685E+01
    1.9300000E+00    3.5741462E+01    2.0655916E+01
    1.9340000E+00    3.5770689E+01    2.0656144E+01
    1.9380000E+00    3.5799898E+01    2.0656369E+01
    1.9420000E+00    3.5829090E+01    2.0656592E+01
    1.9460000E+00    3.5858262E+01    2.0656813E+01
    1.9500000E+00    3.5887417E+01    2.0657031E+01
    1.9540000E+00    3.5916553E+01    2.0657246E+01
    1.9580000E+00    3.5945671E+01    2.0657460E+01
    1.9620000E+00    3.5974770E+01    2.0657671E+01
    1.9660000E+00    3.6003850E+01    2.0657879E+01
    1.9700000E+00    3.6032912E+01    2.0658086E+01
    1.9740000E+00    3.6061954E+01    2.0658290E+01
    1.9780000E+00    3.6090977E+01    2.0658492E+01
    1.9820000E+00    3.6119981E+01    2.0658692E+01
    1.9860000E+00    3.6148965E+01    2.0658889E+01
    1.9900000E+00    3.6177930E+01    2.0659085E+01
    1.9940000E+00    3.6206875E+01    2.0659278E+01
    1.9980000E+00    3.6235801E+01    2.0659470E+01
    2.0020000E+00    3.6264706E+01    2.0659659E+01
    2.0060000E+00    3.6293591E+01    2.0659847E+01
    2.0100000E+00    3.6322457E+01    2.0660033E+01
    2.0140000E+00    3.6351302E+01    2.0660216E+01
    2.0180000E+00    3.6380126E+01    2.0660398E+01
    2.0220000E+00    3.6408930E+01    2.0660578E+01
    2.0260000E+00    3.6437713E+01    2.0660756E+01
    2.0300000E+00    3.6466475E+01    2.0660932E+01
    2.0340000E+00    3.6495217E+01    2.0661107E+01
    2.0380000E+00    3.6523937E+01    2.0661279E+01
    2.0420000E+00    3.6552636E+01    2.0661450E+01
    2.0460000E+00    3.6581314E+01    2.0661620E+01
    2.0500000E+00    3.6609970E+01    2.0661787E+01
    2.0540000E+00    3.6638604E+01    2.0661953E+01
    2.0580000E+00    3.6667217E+01    2.0662117E+01
    2.0620000E+00    3.6695808E+01    2.0662280E+01
    2.0660000E+00    3.6724377E+01    2.0662441E+01
    2.0700000E+00    3.6752923E+01    2.0662601E+01
    2.0740000E+00    3.6781448E+01    2.0662759E+01
    2.0780000E+00    3.6809949E+01    2.0662915E+01
    2.0820000E+00    3.6838429E+01    2.0663070E+01
    2.0860000E+00    3.6866885E+01    2.0663224E+01
    2.0900000E+00    3.6895319E+01    2.0663376E+01
    2.0940000E+00    3.6923730E+01    2.0663526E+01
    2.0980000E+00    3.6952117E+01    2.0663675E+01
    2.1020000E+00    3.6980482E+01    2.0663823E+01
    2.1060000E+00    3.7008823E+01    2.0663970E+01
    2.1100000E+00    3.7037140E+01    2.0664115E+01
    2.1140000E+00    3.7065434E+01    2.0664258E+01
    2.1180000E+00    3.7093704E+01    2.0664401E+01
    2.1220000E+00    3.7121950E+01    2.0664542E+01
    2.1260000E+00    3.7150172E+01    2.0664682E+01
    2.1300000E+00    3.7178369E+01    2.0664820E+01
    2.1340000E+00    3.7206543E+01    2.0664958E+01
    2.1380000E+00    3.7234691E+01    2.0665094E+01
    2.1420000E+00    3.7262815E+01    2.0665229E+01
    2.1460000E+00    3.7290915E+01    2.0665362E+01
    2.1500000E+00    3.7318989E+01    2.0665495E+01
    2.1540000E+00    3.7347038E+01    2.0665626E+01
    2.1580000E+00    3.7375062E+01    2.0665756E+01
    2.1620000E+00    3.7403061E+01    2.0665885E+01
    2.1660000E+00    3.7431034E+01    2.0666013E+01
    2.1700000E+00    3.7458981E+01    2.0666140E+01
    2.1740000E+00    3.7486903E+01    2.0666266E+01
    2.1780000E+00    3.7514798E+01    2.0666391E+01
    2.1820000E+00    3.7542668E+01    2.0666514E+01
    2.1860000E+00    3.7570511E+01    2.0666637E+01
    2.1900000E+00    3.7598328E+01    2.0666759E+01
    2.1940000E+00    3.7626119E+01    2.0666879E+01
    2.1980000E+00    3.7653882E+01    2.0666999E+01
    2.2020000E+00    3.7681619E+01    2.0667118E+01
    2.2060000E+00    3.7709329E+01    2.0667235E+01
    2.2100000E+00    3.7737012E+01    2.0667352E+01
    2.2140000E+00    3.7764668E+01    2.0667468E+01
    2.2180000E+00    3.7792296E+01    2.0667583E+01
    2.2220000E+00    3.7819896E+01    2.0667697E+01
    2.2260000E+00    3.7847469E+01    2.0667810E+01
    2.2300000E+00    3.7875014E+01    2.0667922E+01
    2.2340000E+00    3.7902531E+01    2.0668033E+01
    2.2380000E+00    3.7930020E+01    2.0668144E+01
    2.2420000E+00    3.7957480E+01    2.0668253E+01
    2.2460000E+00    3.7984912E+01    2.0668362E+01
    2.2500000E+00    3.8012315E+01    2.0668470E+01
    2.2540000E+00    3.8039690E+01    2.0668577E+01
    2.2580000E+00    3.8067036E+01    2.0668683E+01
    2.2620000E+00    3.8094352E+01    2.0668788E+01
    2.2660000E+00    3.8121640E+01    2.0668893E+01
    2.2700000E+00    3.8148898E+01    2.0668997E+01
    2.2740000E+00    3.8176126E+01    2.0669100E+01
    2.2780000E+00    3.8203325E+01    2.0669202E+01
    2.2820000E+00    3.8230494E+01    2.0669304E+01
    2.2860000E+00    3.8257633E+01    2.0669405E+01
    2.2900000E+00    3.8284742E+01    2.0669505E+01
    2.2940000E+00    3.8311820E+01    2.0669605E+01
    2.2980000E+00    3.8338868E+01    2.0669703E+01
    2.3020000E+00    3.8365886E+01    2.0669801E+01
    2.3060000E+00    3.8392873E+01    2.0669899E+01
    2.3100000E+00    3.8419828E+01    2.0669995E+01
    2.3140000E+00    3.8446753E+01    2.0670091E+01
    2.3180000E+00    3.8473647E+01    2.0670186E+01
    2.3220000E+00    3.8500509E+01    2.0670281E+01
    2.3260000E+00    3.8527339E+01    2.0670375E+01
    2.3300000E+00    3.8554138E+01    2.0670468E+01
    2.3340000E+00    3.8580905E+01    2.0670561E+01
    2.3380000E+00    3.8607640E+01    2.0670653E+01
    2.3420000E+00    3.8634343E+01    2.0670745E+01
    2.3460000E+00    3.8661014E+01    2.0670836E+01
    2.3500000E+00    3.8687652E+01    2.0670926E+01
    2.3540000E+00    3.8714257E+01    2.0671016E+01
    2.3580000E+00    3.8740830E+01    2.0671105E+01
    2.3620000E+00    3.8767369E+01    2.0671193E+01
    2.3660000E+00    3.8793876E+01    2.0671281E+01
    2.3700000E+00    3.8820349E+01    2.0671368E+01
    2.3740000E+00    3.8846789E+01    2.0671455E+01
    2.3780000E+00    3.8873195E+01    2.0671541E+01
    2.3820000E+00    3.8899567E+01    2.0671627E+01
    2.3860000E+00    3.8925905E+01    2.0671712E+01
    2.3900000E+00    3.8952210E+01    2.0671797E+01
    2.3940000E+00    3.8978480E+01    2.0671881E+01
    2.3980000E+00    3.9004716E+01    2.0671965E+01
    2.4020000E+00    3.9030917E+01    2.0672048E+01
    2.4060000E+00    3.9057083E+01    2.0672130E+01
    2.4100000E+00    3.9083215E+01    2.0672212E+01
    2.4140000E+00    3.9109311E+01    2.0672294E+01
    2.4180000E+00    3.9135372E+01    2.0672375E+01
    2.4220000E+00    3.9161398E+01    2.0672456E+01
    2.4260000E+00    3.9187388E+01    2.0672536E+01
    2.4300000E+00    3.9213343E+01    2.0672615E+01
    2.4340000E+00    3.9239261E+01    2.0672695E+01
    2.4380000E+00    3.9265144E+01    2.0672773E+01
    2.4420000E+00    3.9290991E+01    2.0672852E+01
    2.4460000E+00    3.9316801E+01    2.0672929E+01
    2.4500000E+00    3.9342574E+01    2.0673007E+01
    2.4540000E+00    3.9368311E+01    2.0673084E+01
    2.4580000E+00    3.9394011E+01    2.0673160E+01
    2.4620000E+00    3.9419674E+01    2.0673236E+01
    2.4660000E+00    3.9445299E+01    2.0673312E+01
    2.4700000E+00    3.9470888E+01    2.0673387E+01
    2.4740000E+00    3.9496439E+01    2.0673462E+01
    2.4780000E+00    3.9521952E+01    2.0673536E+01
    2.4820000E+00    3.9547427E+01    2.0673610E+01
    2.4860000E+00    3.9572864E+01    2.0673684E+01
    2.4900000E+00    3.9598263E+01    2.0673757E+01
    2.4940000E+00    3.9623624E+01    2.0673829E+01
    2.4980000E+00    3.9648946E+01    2.0673902E+01
    2.5020000E+00    3.9674229E+01    2.0673974E+01
    2.5060000E+00    3.9699474E+01    2.0674045E+01
    2.5100000E+00    3.9724680E+01    2.0674117E+01
    2.5140000E+00    3.9749846E+01    2.0674187E+01
    2.5180000E+00    3.9774973E+01    2.0674258E+01
    2.5220000E+00    3.9800060E+01    2.0674328E+01
    2.5260000E+00    3.9825108E+01    2.0674398E+01
    2.5300000E+00    3.9850116E+01    2.0674467E+01
    2.5340000E+00    3.9875083E+01    2.0674536E+01
    2.5380000E+00    3.9900011E+01    2.0674604E+01
    2.5420000E+00    3.9924898E+01    2.0674673E+01
    2.5460000E+00    3.9949745E+01    2.0674741E+01
    2.5500000E+00    3.9974551E+01    2.0674808E+01
    2.5540000E+00    3.9999316E+01    2.0674875E+01
    2.5580000E+00    4.0024040E+01    2.0674942E+01
    2.5620000E+00    4.0048722E+01    2.0675009E+01
    2.5660000E+00    4.0073364E+01    2.0675075E+01
    2.5700000E+00    4.0097963E+01    2.0675141E+01
    2.5740000E+00    4.0122521E+01    2.0675207E+01
    2.5780000E+00    4.0147037E+01    2.0675272E+01
    2.5820000E+00    4.0171511E+01    2.0675337E+01
    2.5860000E+00    4.0195943E+01    2.0675401E+01
    2.5900000E+00    4.0220332E+01    2.0675466E+01
    2.5940000E+00    4.0244679E+01    2.0675530E+01
    2.5980000E+00    4.0268983E+01    2.0675593E+01
    2.6020000E+00    4.0293244E+01    2.0675657E+01
    2.6060000E+00    4.0317461E+01    2.0675720E+01
    2.6100000E+00    4.0341636E+01    2.0675782E+01
    2.6140000E+00    4.0365767E+01    2.0675845E+01
    2.6180000E+00    4.0389854E+01    2.0675907E+01
    2.6220000E+00    4.0413898E+01    2.0675969E+01
    2.6260000E+00    4.0437897E+01    2.0676031E+01
    2.6300000E+00    4.0461853E+01    2.0676092E+01
    2.6340000E+00    4.0485764E+01    2.0676153E+01
    2.6380000E+00    4.0509631E+01    2.0676213E+01
    2.6420000E+00    4.0533453E+01    2.0676274E+01
    2.6460000E+00    4.0557230E+01    2.0676334E+01
    2.6500000E+00    4.0580962E+01    2.0676394E+01
    2.6540000E+00    4.0604649E+01    2.0676454E+01
    2.6580000E+00    4.0628290E+01    2.0676513E+01
    2.6620000E+00    4.0651886E+01    2.0676572E+01
    2.6660000E+00    4.0675436E+01    2.0676631E+01
    2.6700000E+00    4.0698941E+01    2.0676689E+01
    2.6740000E+00    4.0722399E+01    2.0676747E+01
    2.6780000E+00    4.0745811E+01    2.0676805E+01
    2.6820000E+00    4.0769177E+01    2.0676863E+01
    2.6860000E+00    4.0792496E+01    2.0676920E+01
    2.6900000E+00    4.0815768E+01    2.0676978E+01
    2.6940000E+00    4.0838994E+01    2.0677035E+01
    2.6980000E+00    4.0862172E+01    2.0677091E+01
    2.7020000E+00    4.0885303E+01    2.0677148E+01
    2.7060000E+00    4.0908387E+01    2.0677204E+01
    2.7100000E+00    4.0931423E+01    2.0677260E+01
    2.7140000E+00    4.0954411E+01    2.0677315E+01
    2.7180000E+00    4.0977351E+01    2.0677371E+01
    2.7220000E+00    4.1000243E+01    2.0677426E+01
    2.7260000E+00    4.1023087E+01    2.0677481E+01
    2.7300000E+00    4.1045882E+01    2.0677536E+01
    2.7340000E+00    4.1068628E+01    2.0677590E+01
    2.7380000E+00    4.1091326E+01    2.0677644E+01
    2.7420000E+00    4.1113975E+01    2.0677698E+01
    2.7460000E+00    4.1136574E+01    2.0677752E+01
    2.7500000E+00    4.1159124E+01    2.0677806E+01
    2.7540000E+00    4.1181625E+01    2.0677859E+01
    2.7580000E+00    4.1204075E+01    2.0677912E+01
    2.7620000E+00    4.1226476E+01    2.0677965E+01
    2.7660000E+00    4.1248827E+01    2.0678017E+01
    2.7700000E+00    4.1271128E+01    2.0678070E+01
    2.7740000E+00    4.1293378E+01    2.0678122E+01
    2.7780000E+00    4.1315578E+01    2.0678174E+01
    2.7820000E+00    4.1337727E+01    2.0678225E+01
    2.7860000E+00    4.1359824E+01    2.0678277E+01
    2.7900000E+00    4.1381871E+01    2.0678328E+01
    2.7940000E+00    4.1403867E+01    2.0678379E+01
    2.7980000E+00    4.1425811E+01    2.0678430E+01
    2.8020000E+00    4.1447703E+01    2.0678481E+01
    2.8060000E+00    4.1469544E+01    2.0678531E+01
    2.8100000E+00    4.1491332E+01    2.0678581E+01
    2.8140000E+00    4.1513069E+01    2.0678631E+01
    2.8180000E+00    4.1534753E+01    2.0678681E+01
    2.8220000E+00    4.1556384E+01    2.0678730E+01
    2.8260000E+00    4.1577963E+01    2.0678779E+01
    2.8300000E+00    4.1599489E+01    2.0678829E+01
    2.8340000E+00    4.1620962E+01    2.0678877E+01
    2.8380000E+00    4.1642382E+01    2.0678926E+01
    2.8420000E+00    4.1663748E+01    2.0678975E+01
    2.8460000E+00    4.1685061E+01    2.0679023E+01
    2.8500000E+00    4.1706320E+01    2.0679071E+01
    2.8540000E+00    4.1727526E+01    2.0679119E+01
    2.8580000E+00    4.1748677E+01    2.0679166E+01
    2.8620000E+00    4.1769774E+01    2.0679214E+01
    2.8660000E+00    4.1790816E+01    2.0679261E+01
    2.8700000E+00    4.1811804E+01    2.0679308E+01
    2.8740000E+00    4.1832737E+01    2.0679355E+01
    2.8780000E+00    4.1853615E+01    2.0679401E+01
    2.8820000E+00    4.1874438E+01    2.0679448E+01
    2.8860000E+00    4.1895206E+01    2.0679494E+01
    2.8900000E+00    4.1915918E+01    2.0679540E+01
    2.8940000E+00    4.1936575E+01    2.0679586E+01
    2.8980000E+00    4.1957176E+01    2.0679632E+01
    2.9020000E+00    4.1977721E+01    2.0679677E+01
    2.9060000E+00    4.1998209E+01    2.0679722E+01
    2.9100000E+00    4.2018642E+01    2.0679767E+01
    2.9140000E+00    4.2039018E+01    2.0679812E+01
    2.9180000E+00    4.2059337E+01    2.0679857E+01
    2.9220000E+00    4.2079599E+01    2.0679901E+01
    2.9260000E+00    4.2099805E+01    2.0679946E+01
    2.9300000E+00    4.2119953E+01    2.0679990E+01
    2.9340000E+00    4.2140044E+01    2.0680034E+01
    2.9380000E+00    4.2160077E+01    2.0680077E+01
    2.9420000E+00    4.2180053E+01    2.0680121E+01
    2.9460000E+00    4.2199970E+01    2.0680164E+01
    2.9500000E+00    4.2219830E+01    2.0680207E+01
    2.9540000E+00    4.2239632E+01    2.0680250E+01
    2.9580000E+00    4.2259375E+01    2.0680293E+01
    2.9620000E+00    4.2279059E+01    2.0680336E+01
    2.9660000E+00    4.2298685E+01    2.0680378E+01
    2.9700000E+00    4.2318252E+01    2.0680420E+01
    2.9740000E+00    4.2337760E+01    2.0680462E+01
    2.9780000E+00    4.2357209E+01    2.0680504E+01
    2.9820000E+00    4.2376598E+01    2.0680546E+01
    2.9860000E+00    4.2395928E+01    2.0680587E+01
    2.9900000E+00    4.2415198E+01    2.0680628E+01
    2.9940000E+00    4.2434408E+01    2.0680670E+01
    2.9980000E+00    4.2453558E+01    2.0680710E+01
    3.0020000E+00    4.2472648E+01    2.0680751E+01
    3.0060000E+00    4.2491677E+01    2.0680792E+01
    3.0100000E+00    4.2510646E+01    2.0680832E+01
    3.0140000E+00    4.2529554E+01    2.0680872E+01
    3.0180000E+00    4.2548401E+01    2.0680912E+01
    3.0220000E+00    4.2567188E+01    2.0680952E+01
    3.0260000E+00    4.2585912E+01    2.0680992E+01
    3.0300000E+00    4.2604576E+01    2.0681031E+01
    3.0340000E+00    4.2623178E+01    2.0681071E+01
    3.0380000E+00    4.2641718E+01    2.0681110E+01
    3.0420000E+00    4.2660196E+01    2.0681149E+01
    3.0460000E+00    4.2678612E+01    2.0681188E+01
    3.0500000E+00    4.2696966E+01    2.0681226E+01
    3.0540000E+00    4.2715258E+01    2.0681265E+01
    3.0580000E+00    4.2733487E+01    2.0681303E+01
    3.0620000E+00    4.2751653E+01    2.0681341E+01
    3.0660000E+00    4.2769756E+01    2.0681379E+01
    3.0700000E+00    4.2787796E+01    2.0681417E+01
    3.0740000E+00    4.2805774E+01    2.0681454E+01
    3.0780000E+00    4.2823687E+01    2.0681492E+01
    3.0820000E+00    4.2841537E+01    2.0681529E+01
    3.0860000E+00    4.2859324E+01    2.0681566E+01
    3.0900000E+00    4.2877046E+01    2.0681603E+01
    3.0940000E+00    4.2894705E+01    2.0681639E+01
    3.0980000E+00    4.2912299E+01    2.0681676E+01
    3.1020000E+00    4.2929829E+01    2.0681712E+01
    3.1060000E+00    4.2947295E+01    2.0681748E+01
    3.1100000E+00    4.2964695E+01    2.0681784E+01
    3.1140000E+00    4.2982031E+01    2.0681820E+01
    3.1180000E+00    4.2999302E+01    2.0681856E+01
    3.1220000E+00    4.3016508E+01    2.0681891E+01
    3.1260000E+00    4.3033648E+01    2.0681927E+01
    3.1300000E+00    4.3050723E+01    2.0681962E+01
    3.1340000E+00    4.3067733E+01    2.0681997E+01
    3.1380000E+00    4.3084676E+01    2.0682032E+01
    3.1420000E+00    4.3101554E+01    2.0682066E+01
    3.1460000E+00    4.3118366E+01    2.0682101E+01
    3.1500000E+00    4.3135111E+01    2.0682135E+01
    3.1540000E+00    4.3151790E+01    2.0682169E+01
    3.1580000E+00    4.3168402E+01    2.0682203E+01
    3.1620000E+00    4.3184947E+01    2.0682237E+01
    3.1660000E+00    4.3201426E+01    2.0682270E+01
    3.1700000E+00    4.3217838E+01    2.0682304E+01
    3.1740000E+00    4.3234182E+01    2.0682337E+01
    3.1780000E+00    4.3250459E+01    2.0682370E+01
    3.1820000E+00    4.3266669E+01    2.0682403E+01
    3.1860000E+00    4.3282811E+01    2.0682436E+01
    3.1900000E+00    4.3298885E+01    2.0682469E+01
    3.1940000E+00    4.3314891E+01    2.0682501E+01
    3.1980000E+00    4.3330829E+01    2.0682533E+01
    3.2020000E+00    4.3346699E+01    2.0682566E+01
    3.2060000E+00    4.3362500E+01    2.0682597E+01
    3.2100000E+00    4.3378233E+01    2.0682629E+01
    3.2140000E+00    4.3393897E+01    2.0682661E+01
    3.2180000E+00    4.3409492E+01    2.0682692E+01
    3.2220000E+00    4.3425018E+01    2.0682724E+01
    3.2260000E+00    4.3440475E+01    2.0682755E+01
    3.2300000E+00    4.3455863E+01    2.0682786E+01
    3.2340000E+00    4.3471181E+01    2.0682816E+01
    3.2380000E+00    4.3486430E+01    2.0682847E+01
    3.2420000E+00    4.3501608E+01    2.0682878E+01
    3.2460000E+00    4.3516717E+01    2.0682908E+01
    3.2500000E+00    4.3531756E+01    2.0682938E+01
    3.2540000E+00    4.3546725E+01    2.0682968E+01
    3.2580000E+00    4.3561623E+01    2.0682998E+01
    3.2620000E+00    4.3576451E+01    2.0683027E+01
    3.2660000E+00    4.3591208E+01    2.0683057E+01
    3.2700000E+00    4.3605895E+01    2.0683086E+01
    3.2740000E+00    4.3620510E+01    2.0683115E+01
    3.2780000E+00    4.3635055E+01    2.0683144E+01
    3.2820000E+00    4.3649528E+01    2.0683173E+01
    3.2860000E+00    4.3663930E+01    2.0683202E+01
    3.2900000E+00    4.3678260E+01    2.0683230E+01
    3.2940000E+00    4.3692519E+01    2.0683259E+01
    3.2980000E+00    4.3706706E+01    2.0683287E+01
    3.3020000E+00    4.3720821E+01    2.0683315E+01
    3.3060000E+00    4.3734864E+01    2.0683343E+01
    3.3100000E+00    4.3748835E+01    2.0683370E+01
    3.3140000E+00    4.3762734E+01    2.0683398E+01
    3.3180000E+00    4.3776560E+01    2.0683425E+01
    3.3220000E+00    4.3790313E+01    2.0683452E+01
    3.3260000E+00    4.3803994E+01    2.0683479E+01
    3.3300000E+00    4.3817602E+01    2.0683506E+01
    3.3340000E+00    4.3831137E+01    2.0683533E+01
    3.3380000E+00    4.3844599E+01    2.0683559E+01
    3.3420000E+00    4.3857987E+01    2.0683586E+01
    3.3460000E+00    4.3871302E+01    2.0683612E+01
    3.3500000E+00    4.3884544E+01    2.0683638E+01
    3.3540000E+00    4.3897712E+01    2.0683664E+01
    3.3580000E+00    4.3910806E+01    2.0683690E+01
    3.3620000E+00    4.3923826E+01    2.0683715E+01
    3.3660000E+00    4.3936772E+01    2.0683741E+01
    3.3700000E+00    4.3949644E+01    2.0683766E+01
    3.3740000E+00    4.3962441E+01    2.0683791E+01
    3.3780000E+00    4.3975164E+01    2.0683816E+01
    3.3820000E+00    4.3987813E+01    2.0683840E+01
    3.3860000E+00    4.4000386E+01    2.0683865E+01
    3.3900000E+00    4.4012885E+01    2.0683890E+01
    3.3940000E+00    4.4025309E+01    2.0683914E+01
    3.3980000E+00    4.4037658E+01    2.0683938E+01
    3.4020000E+00    4.4049932E+01    2.0683962E+01
    3.4060000E+00    4.4062130E+01    2.0683986E+01
    3.4100000E+00    4.4074253E+01    2.0684009E+01
    3.4140000E+00    4.4086300E+01    2.0684033E+01
    3.4180000E+00    4.4098271E+01    2.0684056E+01
    3.4220000E+00    4.4110167E+01    2.0684079E+01
    3.4260000E+00    4.4121987E+01    2.0684102E+01
    3.4300000E+00    4.4133731E+01    2.0684125E+01
    3.4340000E+00    4.4145398E+01    2.0684148E+01
    3.4380000E+00    4.4156989E+01    2.0684170E+01
    3.4420000E+00    4.4168504E+01    2.0684192E+01
    3.4460000E+00    4.4179942E+01    2.0684215E+01
    3.4500000E+00    4.4191303E+01    2.0684237E+01
    3.4540000E+00    4.4202588E+01    2.0684258E+01
    3.4580000E+00    4.4213796E+01    2.0684280E+01
    3.4620000E+00    4.4224927E+01    2.0684302E+01
    3.4660000E+00    4.4235980E+01    2.0684323E+01
    3.4700000E+00    4.4246957E+01    2.0684344E+01
    3.4740000E+00    4.4257856E+01    2.0684365E+01
    3.4780000E+00    4.4268677E+01    2.0684386E+01
    3.4820000E+00    4.4279421E+01    2.0684407E+01
    3.4860000E+00    4.4290088E+01    2.0684427E+01
    3.4900000E+00    4.4300676E+01    2.0684448E+01
    3.4940000E+00    4.4311187E+01    2.0684468E+01
    3.4980000E+00    4.4321619E+01    2.0684488E+01
    3.5020000E+00    4.4331973E+01    2.0684508E+01
    3.5060000E+00    4.4342250E+01    2.0684528E+01
    3.5100000E+00    4.4352447E+01    2.0684548E+01
    3.5140000E+00    4.4362567E+01    2.0684567E+01
    3.5180000E+00    4.4372608E+01    2.0684586E+01
    3.5220000E+00    4.4382570E+01    2.0684605E+01
    3.5260000E+00    4.4392453E+01    2.0684624E+01
    3.5300000E+00    4.4402257E+01    2.0684643E+01
    3.5340000E+00    4.4411983E+01    2.0684662E+01
    3.5380000E+00    4.4421629E+01    2.0684680E+01
    3.5420000E+00    4.4431197E+01    2.0684699E+01
    3.5460000E+00    4.4440685E+01    2.0684717E+01
    3.5500000E+00    4.4450093E+01    2.0684735E+01
    3.5540000E+00    4.4459422E+01    2.0684753E+01
    3.5580000E+00    4.4468672E+01    2.0684770E+01
    3.5620000E+00    4.4477842E+01    2.0684788E+01
    3.5660000E+00    4.4486932E+01    2.0684805E+01
    3.5700000E+00    4.4495942E+01    2.0684822E+01
    3.5740000E+00    4.4504872E+01    2.0684839E+01
    3.5780000E+00    4.4513722E+01    2.0684856E+01
    3.5820000E+00    4.4522492E+01    2.0684873E+01
    3.5860000E+00    4.4531182E+01    2.0684890E+01
    3.5900000E+00    4.4539791E+01    2.0684906E+01
    3.5940000E+00    4.4548320E+01    2.0684922E+01
    3.5980000E+00    4.4556769E+01    2.0684938E+01
    3.6020000E+00    4.4565137E+01    2.0684954E+01
    3.6060000E+00    4.4573424E+01    2.0684970E+01
    3.6100000E+00    4.4581630E+01    2.0684986E+01
    3.6140000E+00    4.4589756E+01    2.0685001E+01
    3.6180000E+00    4.4597801E+01    2.0685016E+01
    3.6220000E+00    4.4605764E+01    2.0685032E+01
    3.6260000E+00    4.4613647E+01    2.0685047E+01
    3.6300000E+00    4.4621448E+01    2.0685061E+01
    3.6340000E+00    4.4629168E+01    2.0685076E+01
    3.6380000E+00    4.4636806E+01    2.0685090E+01
    3.6420000E+00    4.4644363E+01    2.0685105E+01
    3.6460000E+00    4.4651839E+01    2.0685119E+01
    3.6500000E+00    4.4659233E+01    2.0685133E+01
    3.6540000E+00    4.4666545E+01    2.0685147E+01
    3.6580000E+00    4.4673775E+01    2.0685161E+01
    3.6620000E+00    4.4680924E+01    2.0685174E+01
    3.6660000E+00    4.4687991E+01    2.0685187E+01
    3.6700000E+00    4.4694975E+01    2.0685201E+01
    3.6740000E+00    4.4701878E+01    2.0685214E+01
    3.6780000E+00    4.4708698E+01    2.0685227E+01
    3.6820000E+00    4.4715436E+01    2.0685239E+01
    3.6860000E+00    4.4722092E+01    2.0685252E+01
    3.6900000E+00    4.4728666E+01    2.0685264E+01
    3.6940000E+00    4.4735157E+01    2.0685277E+01
    3.6980000E+00    4.4741565E+01    2.0685289E+01
    3.7020000E+00    4.4747891E+01    2.0685301E+01
    3.7060000E+00    4.4754135E+01    2.0685312E+01
    3.7100000E+00    4.4760295E+01    2.0685324E+01
    3.7140000E+00    4.4766373E+01    2.0685336E+01
    3.7180000E+00    4.4772368E+01    2.0685347E+01
    3.7220000E+00    4.4778280E+01    2.0685358E+01
    3.7260000E+00    4.4784109E+01    2.0685369E+01
    3.7300000E+00    4.4789855E+01    2.0685380E+01
    3.7340000E+00    4.4795518E+01    2.0685391E+01
    3.7380000E+00    4.4801098E+01    2.0685401E+01
    3.7420000E+00    4.4806594E+01    2.0685411E+01
    3.7460000E+00    4.4812007E+01    2.0685422E+01
    3.7500000E+00    4.4817337E+01    2.0685432E+01
    3.7540000E+00    4.4822584E+01    2.0685441E+01
    3.7580000E+00    4.4827747E+01    2.0685451E+01
    3.7620000E+00    4.4832826E+01    2.0685461E+01
    3.7660000E+00    4.4837822E+01    2.0685470E+01
    3.7700000E+00    4.4842734E+01    2.0685479E+01
    3.7740000E+00    4.4847563E+01    2.0685488E+01
    3.7780000E+00    4.4852308E+01    2.0685497E+01
    3.7820000E+00    4.4856969E+01    2.0685506E+01
    3.7860000E+00    4.4861546E+01    2.0685515E+01
    3.7900000E+00    4.4866040E+01    2.0685523E+01
    3.7940000E+00    4.4870449E+01    2.0685531E+01
    3.7980000E+00    4.4874774E+01    2.0685540E+01
    3.8020000E+00    4.4879016E+01    2.0685548E+01
    3.8060000E+00    4.4883173E+01    2.0685555E+01
    3.8100000E+00    4.4887246E+01    2.0685563E+01
    3.8140000E+00    4.4891235E+01    2.0685570E+01
    3.8180000E+00    4.4895140E+01    2.0685578E+01
    3.8220000E+00    4.4898961E+01    2.0685585E+01
    3.8260000E+00    4.4902697E+01    2.0685592E+01
    3.8300000E+00    4.4906349E+01    2.0685599E+01
    3.8340000E+00    4.4909917E+01    2.0685605E+01
    3.8380000E+00    4.4913400E+01    2.0685612E+01
    3.8420000E+00    4.4916799E+01    2.0685618E+01
    3.8460000E+00    4.4920113E+01    2.0685625E+01
    3.8500000E+00    4.4923343E+01    2.0685631E+01
    3.8540000E+00    4.4926488E+01    2.0685636E+01
    3.8580000E+00    4.4929548E+01    2.0685642E+01
    3.8620000E+00    4.4932524E+01    2.0685648E+01
    3.8660000E+00    4.4935416E+01    2.0685653E+01
    3.8700000E+00    4.4938222E+01    2.0685658E+01
    3.8740000E+00    4.4940944E+01    2.0685664E+01
    3.8780000E+00    4.4943581E+01    2.0685668E+01
    3.8820000E+00    4.4946133E+01    2.0685673E+01
    3.8860000E+00    4.4948601E+01    2.0685678E+01
    3.8900000E+00    4.4950984E+01    2.0685682E+01
    3.8940000E+00    4.4953281E+01    2.0685687E+01
    3.8980000E+00    4.4955494E+01    2.0685691E+01
    3.9020000E+00    4.4957622E+01    2.0685695E+01
    3.9060000E+00    4.4959665E+01    2.0685699E+01
    3.9100000E+00    4.4961623E+01    2.0685702E+01
    3.9140000E+00    4.4963497E+01    2.0685706E+01
    3.9180000E+00    4.4965285E+01    2.0685709E+01
    3.9220000E+00    4.4966988E+01    2.0685712E+01
    3.9260000E+00    4.4968606E+01    2.0685715E+01
    3.9300000E+00    4.4970139E+01    2.0685718E+01
    3.9340000E+00    4.4971587E+01    2.0685721E+01
    3.9380000E+00    4.4972950E+01    2.0685723E+01
    3.9420000E+00    4.4974227E+01    2.0685726E+01
    3.9460000E+00    4.4975420E+01    2.0685728E+01
    3.9500000E+00    4.4976528E+01    2.0685730E+01
    3.9540000E+00    4.4977550E+01    2.0685732E+01
    3.9580000E+00    4.4978487E+01    2.0685734E+01
    3.9620000E+00    4.4979339E+01    2.0685735E+01
    3.9660000E+00    4.4980106E+01    2.0685737E+01
    3.9700000E+00    4.4980788E+01    2.0685738E+01
    3.9740000E+00    4.4981384E+01    2.0685739E+01
    3.9780000E+00    4.4981895E+01    2.0685740E+01
    3.9820000E+00    4.4982321E+01    2.0685741E+01
    3.9860000E+00    4.4982662E+01    2.0685742E+01
    3.9900000E+00    4.4982918E+01    2.0685742E+01
    3.9940000E+00    4.4983088E+01    2.0685742E+01
    3.9980000E+00    4.4983174E+01    2.0685743E+01
