# Time          1.0000E+01
# Units: Permil
    Distance        SO4--            SO164--         
    2.0000000E-03    2.1030012E+01    8.7527357E+00
    6.0000000E-03    2.1090165E+01    8.9002892E+00
    1.0000000E-02    2.1150506E+01    9.0461428E+00
    1.4000000E-02    2.1211036E+01    9.1903149E+00
    1.8000000E-02    2.1271754E+01    9.3328238E+00
    2.2000000E-02    2.1332660E+01    9.4736875E+00
    2.6000000E-02    2.1393756E+01    9.6129240E+00
    3.0000000E-02    2.1455040E+01    9.7505510E+00
    3.4000000E-02    2.1516513E+01    9.8865860E+00
    3.8000000E-02    2.1578175E+01    1.0021046E+01
    4.2000000E-02    2.1640027E+01    1.0153949E+01
    4.6000000E-02    2.1702068E+01    1.0285311E+01
    5.0000000E-02    2.1764298E+01    1.0415149E+01
    5.4000000E-02    2.1826717E+01    1.0543481E+01
    5.8000000E-02    2.1889326E+01    1.0670321E+01
    6.2000000E-02    2.1952124E+01    1.0795687E+01
    6.6000000E-02    2.2015112E+01    1.0919595E+01
    7.0000000E-02    2.2078290E+01    1.1042060E+01
    7.4000000E-02    2.2141657E+01    1.1163098E+01
    7.8000000E-02    2.2205215E+01    1.1282726E+01
    8.2000000E-02    2.2268962E+01    1.1400958E+01
    8.6000000E-02    2.2332898E+01    1.1517809E+01
    9.0000000E-02    2.2397025E+01    1.1633295E+01
    9.4000000E-02    2.2461342E+01    1.1747431E+01
    9.8000000E-02    2.2525849E+01    1.1860231E+01
    1.0200000E-01    2.2590545E+01    1.1971711E+01
    1.0600000E-01    2.2655432E+01    1.2081884E+01
    1.1000000E-01    2.2720509E+01    1.2190765E+01
    1.1400000E-01    2.2785776E+01    1.2298368E+01
    1.1800000E-01    2.2851233E+01    1.2404707E+01
    1.2200000E-01    2.2916880E+01    1.2509797E+01
    1.2600000E-01    2.2982717E+01    1.2613650E+01
    1.3000000E-01    2.3048744E+01    1.2716280E+01
    1.3400000E-01    2.3114961E+01    1.2817702E+01
    1.3800000E-01    2.3181368E+01    1.2917927E+01
    1.4200000E-01    2.3247966E+01    1.3016970E+01
    1.4600000E-01    2.3314753E+01    1.3114843E+01
    1.5000000E-01    2.3381731E+01    1.3211560E+01
    1.5400000E-01    2.3448898E+01    1.3307132E+01
    1.5800000E-01    2.3516255E+01    1.3401573E+01
    1.6200000E-01    2.3583803E+01    1.3494895E+01
    1.6600000E-01    2.3651540E+01    1.3587111E+01
    1.7000000E-01    2.3719467E+01    1.3678232E+01
    1.7400000E-01    2.3787584E+01    1.3768272E+01
    1.7800000E-01    2.3855890E+01    1.3857241E+01
    1.8200000E-01    2.3924387E+01    1.3945151E+01
    1.8600000E-01    2.3993072E+01    1.4032015E+01
    1.9000000E-01    2.4061948E+01    1.4117845E+01
    1.9400000E-01    2.4131013E+01    1.4202650E+01
    1.9800000E-01    2.4200267E+01    1.4286444E+01
    2.0200000E-01    2.4269711E+01    1.4369236E+01
    2.0600000E-01    2.4339344E+01    1.4451039E+01
    2.1000000E-01    2.4409167E+01    1.4531862E+01
    2.1400000E-01    2.4479178E+01    1.4611718E+01
    2.1800000E-01    2.4549378E+01    1.4690617E+01
    2.2200000E-01    2.4619768E+01    1.4768569E+01
    2.2600000E-01    2.4690346E+01    1.4845586E+01
    2.3000000E-01    2.4761113E+01    1.4921677E+01
    2.3400000E-01    2.4832069E+01    1.4996852E+01
    2.3800000E-01    2.4903213E+01    1.5071123E+01
    2.4200000E-01    2.4974545E+01    1.5144499E+01
    2.4600000E-01    2.5046066E+01    1.5216990E+01
    2.5000000E-01    2.5117775E+01    1.5288606E+01
    2.5400000E-01    2.5189672E+01    1.5359357E+01
    2.5800000E-01    2.5261757E+01    1.5429253E+01
    2.6200000E-01    2.5334030E+01    1.5498302E+01
    2.6600000E-01    2.5406491E+01    1.5566516E+01
    2.7000000E-01    2.5479139E+01    1.5633902E+01
    2.7400000E-01    2.5551974E+01    1.5700471E+01
    2.7800000E-01    2.5624997E+01    1.5766231E+01
    2.8200000E-01    2.5698207E+01    1.5831191E+01
    2.8600000E-01    2.5771604E+01    1.5895361E+01
    2.9000000E-01    2.5845187E+01    1.5958750E+01
    2.9400000E-01    2.5918957E+01    1.6021366E+01
    2.9800000E-01    2.5992914E+01    1.6083218E+01
    3.0200000E-01    2.6067057E+01    1.6144314E+01
    3.0600000E-01    2.6141386E+01    1.6204664E+01
    3.1000000E-01    2.6215901E+01    1.6264275E+01
    3.1400000E-01    2.6290602E+01    1.6323156E+01
    3.1800000E-01    2.6365488E+01    1.6381316E+01
    3.2200000E-01    2.6440560E+01    1.6438762E+01
    3.2600000E-01    2.6515817E+01    1.6495502E+01
    3.3000000E-01    2.6591259E+01    1.6551544E+01
    3.3400000E-01    2.6666886E+01    1.6606897E+01
    3.3800000E-01    2.6742697E+01    1.6661568E+01
    3.4200000E-01    2.6818693E+01    1.6715566E+01
    3.4600000E-01    2.6894874E+01    1.6768896E+01
    3.5000000E-01    2.6971238E+01    1.6821568E+01
    3.5400000E-01    2.7047786E+01    1.6873589E+01
    3.5800000E-01    2.7124518E+01    1.6924966E+01
    3.6200000E-01    2.7201433E+01    1.6975706E+01
    3.6600000E-01    2.7278531E+01    1.7025817E+01
    3.7000000E-01    2.7355813E+01    1.7075306E+01
    3.7400000E-01    2.7433277E+01    1.7124180E+01
    3.7800000E-01    2.7510923E+01    1.7172446E+01
    3.8200000E-01    2.7588752E+01    1.7220111E+01
    3.8600000E-01    2.7666763E+01    1.7267182E+01
    3.9000000E-01    2.7744956E+01    1.7313666E+01
    3.9400000E-01    2.7823330E+01    1.7359569E+01
    3.9800000E-01    2.7901885E+01    1.7404899E+01
    4.0200000E-01    2.7980622E+01    1.7449661E+01
    4.0600000E-01    2.8059540E+01    1.7493862E+01
    4.1000000E-01    2.8138638E+01    1.7537510E+01
    4.1400000E-01    2.8217916E+01    1.7580609E+01
    4.1800000E-01    2.8297374E+01    1.7623167E+01
    4.2200000E-01    2.8377013E+01    1.7665190E+01
    4.2600000E-01    2.8456830E+01    1.7706684E+01
    4.3000000E-01    2.8536827E+01    1.7747654E+01
    4.3400000E-01    2.8617003E+01    1.7788108E+01
    4.3800000E-01    2.8697358E+01    1.7828051E+01
    4.4200000E-01    2.8777891E+01    1.7867489E+01
    4.4600000E-01    2.8858603E+01    1.7906427E+01
    4.5000000E-01    2.8939492E+01    1.7944873E+01
    4.5400000E-01    2.9020559E+01    1.7982831E+01
    4.5800000E-01    2.9101804E+01    1.8020307E+01
    4.6200000E-01    2.9183225E+01    1.8057306E+01
    4.6600000E-01    2.9264823E+01    1.8093835E+01
    4.7000000E-01    2.9346598E+01    1.8129899E+01
    4.7400000E-01    2.9428548E+01    1.8165503E+01
    4.7800000E-01    2.9510675E+01    1.8200652E+01
    4.8200000E-01    2.9592977E+01    1.8235352E+01
    4.8600000E-01    2.9675455E+01    1.8269609E+01
    4.9000000E-01    2.9758108E+01    1.8303427E+01
    4.9400000E-01    2.9840935E+01    1.8336811E+01
    4.9800000E-01    2.9923936E+01    1.8369767E+01
    5.0200000E-01    3.0007112E+01    1.8402300E+01
    5.0600000E-01    3.0090462E+01    1.8434414E+01
    5.1000000E-01    3.0173984E+01    1.8466115E+01
    5.1400000E-01    3.0257680E+01    1.8497407E+01
    5.1800000E-01    3.0341549E+01    1.8528296E+01
    5.2200000E-01    3.0425590E+01    1.8558785E+01
    5.2600000E-01    3.0509804E+01    1.8588881E+01
    5.3000000E-01    3.0594189E+01    1.8618586E+01
    5.3400000E-01    3.0678746E+01    1.8647907E+01
    5.3800000E-01    3.0763474E+01    1.8676848E+01
    5.4200000E-01    3.0848373E+01    1.8705412E+01
    5.4600000E-01    3.0933442E+01    1.8733605E+01
    5.5000000E-01    3.1018682E+01    1.8761432E+01
    5.5400000E-01    3.1104091E+01    1.8788895E+01
    5.5800000E-01    3.1189670E+01    1.8816001E+01
    5.6200000E-01    3.1275418E+01    1.8842752E+01
    5.6600000E-01    3.1361335E+01    1.8869154E+01
    5.7000000E-01    3.1447421E+01    1.8895210E+01
    5.7400000E-01    3.1533674E+01    1.8920924E+01
    5.7800000E-01    3.1620096E+01    1.8946301E+01
    5.8200000E-01    3.1706685E+01    1.8971345E+01
    5.8600000E-01    3.1793441E+01    1.8996060E+01
    5.9000000E-01    3.1880363E+01    1.9020449E+01
    5.9400000E-01    3.1967453E+01    1.9044517E+01
    5.9800000E-01    3.2054708E+01    1.9068268E+01
    6.0200000E-01    3.2142129E+01    1.9091704E+01
    6.0600000E-01    3.2229715E+01    1.9114831E+01
    6.1000000E-01    3.2317466E+01    1.9137652E+01
    6.1400000E-01    3.2405382E+01    1.9160170E+01
    6.1800000E-01    3.2493462E+01    1.9182389E+01
    6.2200000E-01    3.2581706E+01    1.9204314E+01
    6.2600000E-01    3.2670114E+01    1.9225946E+01
    6.3000000E-01    3.2758685E+01    1.9247291E+01
    6.3400000E-01    3.2847418E+01    1.9268351E+01
    6.3800000E-01    3.2936315E+01    1.9289130E+01
    6.4200000E-01    3.3025373E+01    1.9309632E+01
    6.4600000E-01    3.3114592E+01    1.9329859E+01
    6.5000000E-01    3.3203974E+01    1.9349815E+01
    6.5400000E-01    3.3293516E+01    1.9369504E+01
    6.5800000E-01    3.3383219E+01    1.9388929E+01
    6.6200000E-01    3.3473082E+01    1.9408092E+01
    6.6600000E-01    3.3563104E+01    1.9426998E+01
    6.7000000E-01    3.3653287E+01    1.9445649E+01
    6.7400000E-01    3.3743628E+01    1.9464049E+01
    6.7800000E-01    3.3834128E+01    1.9482200E+01
    6.8200000E-01    3.3924787E+01    1.9500106E+01
    6.8600000E-01    3.4015603E+01    1.9517769E+01
    6.9000000E-01    3.4106577E+01    1.9535193E+01
    6.9400000E-01    3.4197708E+01    1.9552381E+01
    6.9800000E-01    3.4288996E+01    1.9569336E+01
    7.0200000E-01    3.4380441E+01    1.9586060E+01
    7.0600000E-01    3.4472041E+01    1.9602556E+01
    7.1000000E-01    3.4563797E+01    1.9618828E+01
    7.1400000E-01    3.4655709E+01    1.9634877E+01
    7.1800000E-01    3.4747775E+01    1.9650707E+01
    7.2200000E-01    3.4839996E+01    1.9666321E+01
    7.2600000E-01    3.4932371E+01    1.9681721E+01
    7.3000000E-01    3.5024900E+01    1.9696910E+01
    7.3400000E-01    3.5117582E+01    1.9711891E+01
    7.3800000E-01    3.5210417E+01    1.9726665E+01
    7.4200000E-01    3.5303405E+01    1.9741237E+01
    7.4600000E-01    3.5396545E+01    1.9755607E+01
    7.5000000E-01    3.5489836E+01    1.9769780E+01
    7.5400000E-01    3.5583279E+01    1.9783757E+01
    7.5800000E-01    3.5676873E+01    1.9797541E+01
    7.6200000E-01    3.5770618E+01    1.9811134E+01
    7.6600000E-01    3.5864513E+01    1.9824538E+01
    7.7000000E-01    3.5958558E+01    1.9837757E+01
    7.7400000E-01    3.6052752E+01    1.9850792E+01
    7.7800000E-01    3.6147096E+01    1.9863646E+01
    7.8200000E-01    3.6241588E+01    1.9876322E+01
    7.8600000E-01    3.6336228E+01    1.9888820E+01
    7.9000000E-01    3.6431016E+01    1.9901144E+01
    7.9400000E-01    3.6525952E+01    1.9913296E+01
    7.9800000E-01    3.6621035E+01    1.9925278E+01
    8.0200000E-01    3.6716264E+01    1.9937092E+01
    8.0600000E-01    3.6811640E+01    1.9948741E+01
    8.1000000E-01    3.6907162E+01    1.9960226E+01
    8.1400000E-01    3.7002829E+01    1.9971550E+01
    8.1800000E-01    3.7098642E+01    1.9982714E+01
    8.2200000E-01    3.7194599E+01    1.9993721E+01
    8.2600000E-01    3.7290700E+01    2.0004573E+01
    8.3000000E-01    3.7386946E+01    2.0015272E+01
    8.3400000E-01    3.7483335E+01    2.0025820E+01
    8.3800000E-01    3.7579867E+01    2.0036218E+01
    8.4200000E-01    3.7676542E+01    2.0046469E+01
    8.4600000E-01    3.7773360E+01    2.0056575E+01
    8.5000000E-01    3.7870319E+01    2.0066537E+01
    8.5400000E-01    3.7967420E+01    2.0076358E+01
    8.5800000E-01    3.8064663E+01    2.0086039E+01
    8.6200000E-01    3.8162046E+01    2.0095581E+01
    8.6600000E-01    3.8259569E+01    2.0104988E+01
    8.7000000E-01    3.8357233E+01    2.0114260E+01
    8.7400000E-01    3.8455036E+01    2.0123400E+01
    8.7800000E-01    3.8552979E+01    2.0132409E+01
    8.8200000E-01    3.8651060E+01    2.0141289E+01
    8.8600000E-01    3.8749280E+01    2.0150041E+01
    8.9000000E-01    3.8847638E+01    2.0158668E+01
    8.9400000E-01    3.8946133E+01    2.0167171E+01
    8.9800000E-01    3.9044766E+01    2.0175551E+01
    9.0200000E-01    3.9143536E+01    2.0183810E+01
    9.0600000E-01    3.9242442E+01    2.0191950E+01
    9.1000000E-01    3.9341485E+01    2.0199973E+01
    9.1400000E-01    3.9440663E+01    2.0207880E+01
    9.1800000E-01    3.9539977E+01    2.0215672E+01
    9.2200000E-01    3.9639425E+01    2.0223351E+01
    9.2600000E-01    3.9739009E+01    2.0230918E+01
    9.3000000E-01    3.9838726E+01    2.0238376E+01
    9.3400000E-01    3.9938577E+01    2.0245725E+01
    9.3800000E-01    4.0038562E+01    2.0252967E+01
    9.4200000E-01    4.0138680E+01    2.0260104E+01
    9.4600000E-01    4.0238930E+01    2.0267137E+01
    9.5000000E-01    4.0339313E+01    2.0274066E+01
    9.5400000E-01    4.0439827E+01    2.0280895E+01
    9.5800000E-01    4.0540474E+01    2.0287623E+01
    9.6200000E-01    4.0641251E+01    2.0294253E+01
    9.6600000E-01    4.0742159E+01    2.0300785E+01
    9.7000000E-01    4.0843197E+01    2.0307221E+01
    9.7400000E-01    4.0944366E+01    2.0313563E+01
    9.7800000E-01    4.1045664E+01    2.0319812E+01
    9.8200000E-01    4.1147091E+01    2.0325968E+01
    9.8600000E-01    4.1248647E+01    2.0332033E+01
    9.9000000E-01    4.1350332E+01    2.0338009E+01
    9.9400000E-01    4.1452145E+01    2.0343897E+01
    9.9800000E-01    4.1554085E+01    2.0349697E+01
    1.0020000E+00    4.1656153E+01    2.0355411E+01
    1.0060000E+00    4.1758348E+01    2.0361041E+01
    1.0100000E+00    4.1860670E+01    2.0366587E+01
    1.0140000E+00    4.1963118E+01    2.0372050E+01
    1.0180000E+00    4.2065691E+01    2.0377432E+01
    1.0220000E+00    4.2168390E+01    2.0382734E+01
    1.0260000E+00    4.2271215E+01    2.0387957E+01
    1.0300000E+00    4.2374164E+01    2.0393102E+01
    1.0340000E+00    4.2477237E+01    2.0398170E+01
    1.0380000E+00    4.2580435E+01    2.0403162E+01
    1.0420000E+00    4.2683756E+01    2.0408080E+01
    1.0460000E+00    4.2787201E+01    2.0412924E+01
    1.0500000E+00    4.2890768E+01    2.0417695E+01
    1.0540000E+00    4.2994458E+01    2.0422394E+01
    1.0580000E+00    4.3098271E+01    2.0427023E+01
    1.0620000E+00    4.3202205E+01    2.0431582E+01
    1.0660000E+00    4.3306260E+01    2.0436072E+01
    1.0700000E+00    4.3410437E+01    2.0440495E+01
    1.0740000E+00    4.3514735E+01    2.0444851E+01
    1.0780000E+00    4.3619153E+01    2.0449141E+01
    1.0820000E+00    4.3723691E+01    2.0453366E+01
    1.0860000E+00    4.3828348E+01    2.0457527E+01
    1.0900000E+00    4.3933126E+01    2.0461626E+01
    1.0940000E+00    4.4038022E+01    2.0465662E+01
    1.0980000E+00    4.4143036E+01    2.0469636E+01
    1.1020000E+00    4.4248169E+01    2.0473551E+01
    1.1060000E+00    4.4353420E+01    2.0477406E+01
    1.1100000E+00    4.4458789E+01    2.0481202E+01
    1.1140000E+00    4.4564275E+01    2.0484940E+01
    1.1180000E+00    4.4669878E+01    2.0488621E+01
    1.1220000E+00    4.4775597E+01    2.0492246E+01
    1.1260000E+00    4.4881432E+01    2.0495816E+01
    1.1300000E+00    4.4987384E+01    2.0499331E+01
    1.1340000E+00    4.5093451E+01    2.0502793E+01
    1.1380000E+00    4.5199633E+01    2.0506201E+01
    1.1420000E+00    4.5305930E+01    2.0509557E+01
    1.1460000E+00    4.5412341E+01    2.0512862E+01
    1.1500000E+00    4.5518866E+01    2.0516115E+01
    1.1540000E+00    4.5625506E+01    2.0519319E+01
    1.1580000E+00    4.5732258E+01    2.0522474E+01
    1.1620000E+00    4.5839124E+01    2.0525580E+01
    1.1660000E+00    4.5946103E+01    2.0528638E+01
    1.1700000E+00    4.6053194E+01    2.0531649E+01
    1.1740000E+00    4.6160398E+01    2.0534613E+01
    1.1780000E+00    4.6267713E+01    2.0537532E+01
    1.1820000E+00    4.6375139E+01    2.0540406E+01
    1.1860000E+00    4.6482677E+01    2.0543235E+01
    1.1900000E+00    4.6590326E+01    2.0546021E+01
    1.1940000E+00    4.6698085E+01    2.0548763E+01
    1.1980000E+00    4.6805954E+01    2.0551463E+01
    1.2020000E+00    4.6913933E+01    2.0554121E+01
    1.2060000E+00    4.7022021E+01    2.0556737E+01
    1.2100000E+00    4.7130219E+01    2.0559313E+01
    1.2140000E+00    4.7238525E+01    2.0561849E+01
    1.2180000E+00    4.7346940E+01    2.0564346E+01
    1.2220000E+00    4.7455463E+01    2.0566804E+01
    1.2260000E+00    4.7564094E+01    2.0569223E+01
    1.2300000E+00    4.7672833E+01    2.0571605E+01
    1.2340000E+00    4.7781679E+01    2.0573950E+01
    1.2380000E+00    4.7890632E+01    2.0576258E+01
    1.2420000E+00    4.7999691E+01    2.0578530E+01
    1.2460000E+00    4.8108857E+01    2.0580766E+01
    1.2500000E+00    4.8218129E+01    2.0582968E+01
    1.2540000E+00    4.8327506E+01    2.0585135E+01
    1.2580000E+00    4.8436989E+01    2.0587269E+01
    1.2620000E+00    4.8546577E+01    2.0589369E+01
    1.2660000E+00    4.8656269E+01    2.0591436E+01
    1.2700000E+00    4.8766066E+01    2.0593470E+01
    1.2740000E+00    4.8875967E+01    2.0595473E+01
    1.2780000E+00    4.8985972E+01    2.0597445E+01
    1.2820000E+00    4.9096080E+01    2.0599385E+01
    1.2860000E+00    4.9206292E+01    2.0601295E+01
    1.2900000E+00    4.9316606E+01    2.0603175E+01
    1.2940000E+00    4.9427023E+01    2.0605026E+01
    1.2980000E+00    4.9537543E+01    2.0606847E+01
    1.3020000E+00    4.9648164E+01    2.0608640E+01
    1.3060000E+00    4.9758887E+01    2.0610405E+01
    1.3100000E+00    4.9869711E+01    2.0612142E+01
    1.3140000E+00    4.9980637E+01    2.0613851E+01
    1.3180000E+00    5.0091663E+01    2.0615534E+01
    1.3220000E+00    5.0202790E+01    2.0617190E+01
    1.3260000E+00    5.0314017E+01    2.0618821E+01
    1.3300000E+00    5.0425343E+01    2.0620425E+01
    1.3340000E+00    5.0536770E+01    2.0622004E+01
    1.3380000E+00    5.0648295E+01    2.0623559E+01
    1.3420000E+00    5.0759920E+01    2.0625089E+01
    1.3460000E+00    5.0871644E+01    2.0626595E+01
    1.3500000E+00    5.0983465E+01    2.0628077E+01
    1.3540000E+00    5.1095385E+01    2.0629535E+01
    1.3580000E+00    5.1207403E+01    2.0630971E+01
    1.3620000E+00    5.1319518E+01    2.0632384E+01
    1.3660000E+00    5.1431731E+01    2.0633775E+01
    1.3700000E+00    5.1544041E+01    2.0635144E+01
    1.3740000E+00    5.1656447E+01    2.0636491E+01
    1.3780000E+00    5.1768950E+01    2.0637818E+01
    1.3820000E+00    5.1881549E+01    2.0639123E+01
    1.3860000E+00    5.1994243E+01    2.0640407E+01
    1.3900000E+00    5.2107033E+01    2.0641672E+01
    1.3940000E+00    5.2219919E+01    2.0642916E+01
    1.3980000E+00    5.2332899E+01    2.0644141E+01
    1.4020000E+00    5.2445975E+01    2.0645347E+01
    1.4060000E+00    5.2559144E+01    2.0646534E+01
    1.4100000E+00    5.2672408E+01    2.0647702E+01
    1.4140000E+00    5.2785766E+01    2.0648851E+01
    1.4180000E+00    5.2899217E+01    2.0649983E+01
    1.4220000E+00    5.3012761E+01    2.0651096E+01
    1.4260000E+00    5.3126399E+01    2.0652192E+01
    1.4300000E+00    5.3240129E+01    2.0653271E+01
    1.4340000E+00    5.3353952E+01    2.0654333E+01
    1.4380000E+00    5.3467867E+01    2.0655379E+01
    1.4420000E+00    5.3581874E+01    2.0656408E+01
    1.4460000E+00    5.3695972E+01    2.0657421E+01
    1.4500000E+00    5.3810162E+01    2.0658417E+01
    1.4540000E+00    5.3924443E+01    2.0659399E+01
    1.4580000E+00    5.4038815E+01    2.0660365E+01
    1.4620000E+00    5.4153277E+01    2.0661315E+01
    1.4660000E+00    5.4267830E+01    2.0662251E+01
    1.4700000E+00    5.4382473E+01    2.0663173E+01
    1.4740000E+00    5.4497205E+01    2.0664079E+01
    1.4780000E+00    5.4612027E+01    2.0664972E+01
    1.4820000E+00    5.4726938E+01    2.0665851E+01
    1.4860000E+00    5.4841938E+01    2.0666716E+01
    1.4900000E+00    5.4957027E+01    2.0667568E+01
    1.4940000E+00    5.5072204E+01    2.0668406E+01
    1.4980000E+00    5.5187469E+01    2.0669231E+01
    1.5020000E+00    5.5302822E+01    2.0670044E+01
    1.5060000E+00    5.5418262E+01    2.0670844E+01
    1.5100000E+00    5.5533790E+01    2.0671631E+01
    1.5140000E+00    5.5649405E+01    2.0672407E+01
    1.5180000E+00    5.5765107E+01    2.0673170E+01
    1.5220000E+00    5.5880895E+01    2.0673922E+01
    1.5260000E+00    5.5996770E+01    2.0674661E+01
    1.5300000E+00    5.6112730E+01    2.0675390E+01
    1.5340000E+00    5.6228776E+01    2.0676107E+01
    1.5380000E+00    5.6344908E+01    2.0676814E+01
    1.5420000E+00    5.6461124E+01    2.0677509E+01
    1.5460000E+00    5.6577426E+01    2.0678194E+01
    1.5500000E+00    5.6693812E+01    2.0678868E+01
    1.5540000E+00    5.6810283E+01    2.0679532E+01
    1.5580000E+00    5.6926837E+01    2.0680186E+01
    1.5620000E+00    5.7043476E+01    2.0680830E+01
    1.5660000E+00    5.7160198E+01    2.0681464E+01
    1.5700000E+00    5.7277003E+01    2.0682088E+01
    1.5740000E+00    5.7393892E+01    2.0682703E+01
    1.5780000E+00    5.7510863E+01    2.0683308E+01
    1.5820000E+00    5.7627917E+01    2.0683905E+01
    1.5860000E+00    5.7745053E+01    2.0684492E+01
    1.5900000E+00    5.7862271E+01    2.0685071E+01
    1.5940000E+00    5.7979570E+01    2.0685641E+01
    1.5980000E+00    5.8096951E+01    2.0686202E+01
    1.6020000E+00    5.8214413E+01    2.0686755E+01
    1.6060000E+00    5.8331957E+01    2.0687299E+01
    1.6100000E+00    5.8449580E+01    2.0687836E+01
    1.6140000E+00    5.8567284E+01    2.0688364E+01
    1.6180000E+00    5.8685069E+01    2.0688885E+01
    1.6220000E+00    5.8802933E+01    2.0689398E+01
    1.6260000E+00    5.8920876E+01    2.0689903E+01
    1.6300000E+00    5.9038899E+01    2.0690401E+01
    1.6340000E+00    5.9157001E+01    2.0690892E+01
    1.6380000E+00    5.9275182E+01    2.0691375E+01
    1.6420000E+00    5.9393441E+01    2.0691851E+01
    1.6460000E+00    5.9511778E+01    2.0692320E+01
    1.6500000E+00    5.9630193E+01    2.0692783E+01
    1.6540000E+00    5.9748686E+01    2.0693239E+01
    1.6580000E+00    5.9867257E+01    2.0693688E+01
    1.6620000E+00    5.9985904E+01    2.0694130E+01
    1.6660000E+00    6.0104629E+01    2.0694566E+01
    1.6700000E+00    6.0223430E+01    2.0694996E+01
    1.6740000E+00    6.0342307E+01    2.0695420E+01
    1.6780000E+00    6.0461260E+01    2.0695838E+01
    1.6820000E+00    6.0580289E+01    2.0696249E+01
    1.6860000E+00    6.0699393E+01    2.0696655E+01
    1.6900000E+00    6.0818573E+01    2.0697055E+01
    1.6940000E+00    6.0937828E+01    2.0697450E+01
    1.6980000E+00    6.1057157E+01    2.0697839E+01
    1.7020000E+00    6.1176561E+01    2.0698222E+01
    1.7060000E+00    6.1296038E+01    2.0698600E+01
    1.7100000E+00    6.1415590E+01    2.0698973E+01
    1.7140000E+00    6.1535215E+01    2.0699340E+01
    1.7180000E+00    6.1654913E+01    2.0699703E+01
    1.7220000E+00    6.1774685E+01    2.0700060E+01
    1.7260000E+00    6.1894529E+01    2.0700413E+01
    1.7300000E+00    6.2014445E+01    2.0700761E+01
    1.7340000E+00    6.2134434E+01    2.0701104E+01
    1.7380000E+00    6.2254494E+01    2.0701442E+01
    1.7420000E+00    6.2374626E+01    2.0701776E+01
    1.7460000E+00    6.2494829E+01    2.0702105E+01
    1.7500000E+00    6.2615103E+01    2.0702430E+01
    1.7540000E+00    6.2735448E+01    2.0702750E+01
    1.7580000E+00    6.2855863E+01    2.0703066E+01
    1.7620000E+00    6.2976348E+01    2.0703378E+01
    1.7660000E+00    6.3096903E+01    2.0703686E+01
    1.7700000E+00    6.3217528E+01    2.0703990E+01
    1.7740000E+00    6.3338222E+01    2.0704290E+01
    1.7780000E+00    6.3458984E+01    2.0704586E+01
    1.7820000E+00    6.3579816E+01    2.0704878E+01
    1.7860000E+00    6.3700715E+01    2.0705166E+01
    1.7900000E+00    6.3821683E+01    2.0705450E+01
    1.7940000E+00    6.3942718E+01    2.0705731E+01
    1.7980000E+00    6.4063821E+01    2.0706009E+01
    1.8020000E+00    6.4184991E+01    2.0706282E+01
    1.8060000E+00    6.4306227E+01    2.0706553E+01
    1.8100000E+00    6.4427530E+01    2.0706820E+01
    1.8140000E+00    6.4548900E+01    2.0707083E+01
    1.8180000E+00    6.4670335E+01    2.0707343E+01
    1.8220000E+00    6.4791835E+01    2.0707601E+01
    1.8260000E+00    6.4913401E+01    2.0707854E+01
    1.8300000E+00    6.5035032E+01    2.0708105E+01
    1.8340000E+00    6.5156728E+01    2.0708353E+01
    1.8380000E+00    6.5278487E+01    2.0708598E+01
    1.8420000E+00    6.5400311E+01    2.0708839E+01
    1.8460000E+00    6.5522199E+01    2.0709078E+01
    1.8500000E+00    6.5644149E+01    2.0709314E+01
    1.8540000E+00    6.5766163E+01    2.0709547E+01
    1.8580000E+00    6.5888239E+01    2.0709778E+01
    1.8620000E+00    6.6010378E+01    2.0710006E+01
    1.8660000E+00    6.6132579E+01    2.0710231E+01
    1.8700000E+00    6.6254841E+01    2.0710453E+01
    1.8740000E+00    6.6377165E+01    2.0710673E+01
    1.8780000E+00    6.6499549E+01    2.0710890E+01
    1.8820000E+00    6.6621995E+01    2.0711105E+01
    1.8860000E+00    6.6744501E+01    2.0711318E+01
    1.8900000E+00    6.6867066E+01    2.0711528E+01
    1.8940000E+00    6.6989692E+01    2.0711735E+01
    1.8980000E+00    6.7112376E+01    2.0711941E+01
    1.9020000E+00    6.7235120E+01    2.0712144E+01
    1.9060000E+00    6.7357922E+01    2.0712345E+01
    1.9100000E+00    6.7480782E+01    2.0712544E+01
    1.9140000E+00    6.7603701E+01    2.0712740E+01
    1.9180000E+00    6.7726676E+01    2.0712935E+01
    1.9220000E+00    6.7849709E+01    2.0713127E+01
    1.9260000E+00    6.7972799E+01    2.0713317E+01
    1.9300000E+00    6.8095945E+01    2.0713505E+01
    1.9340000E+00    6.8219148E+01    2.0713692E+01
    1.9380000E+00    6.8342406E+01    2.0713876E+01
    1.9420000E+00    6.8465719E+01    2.0714059E+01
    1.9460000E+00    6.8589087E+01    2.0714239E+01
    1.9500000E+00    6.8712510E+01    2.0714418E+01
    1.9540000E+00    6.8835987E+01    2.0714595E+01
    1.9580000E+00    6.8959518E+01    2.0714770E+01
    1.9620000E+00    6.9083102E+01    2.0714943E+01
    1.9660000E+00    6.9206740E+01    2.0715115E+01
    1.9700000E+00    6.9330430E+01    2.0715285E+01
    1.9740000E+00    6.9454172E+01    2.0715453E+01
    1.9780000E+00    6.9577966E+01    2.0715620E+01
    1.9820000E+00    6.9701812E+01    2.0715785E+01
    1.9860000E+00    6.9825709E+01    2.0715948E+01
    1.9900000E+00    6.9949656E+01    2.0716110E+01
    1.9940000E+00    7.0073654E+01    2.0716271E+01
    1.9980000E+00    7.0197701E+01    2.0716430E+01
    2.0020000E+00    7.0321798E+01    2.0716587E+01
    2.0060000E+00    7.0445944E+01    2.0716743E+01
    2.0100000E+00    7.0570139E+01    2.0716898E+01
    2.0140000E+00    7.0694382E+01    2.0717051E+01
    2.0180000E+00    7.0818672E+01    2.0717202E+01
    2.0220000E+00    7.0943010E+01    2.0717353E+01
    2.0260000E+00    7.1067395E+01    2.0717502E+01
    2.0300000E+00    7.1191826E+01    2.0717650E+01
    2.0340000E+00    7.1316304E+01    2.0717796E+01
    2.0380000E+00    7.1440827E+01    2.0717941E+01
    2.0420000E+00    7.1565395E+01    2.0718085E+01
    2.0460000E+00    7.1690008E+01    2.0718228E+01
    2.0500000E+00    7.1814665E+01    2.0718369E+01
    2.0540000E+00    7.1939366E+01    2.0718510E+01
    2.0580000E+00    7.2064110E+01    2.0718649E+01
    2.0620000E+00    7.2188897E+01    2.0718787E+01
    2.0660000E+00    7.2313727E+01    2.0718923E+01
    2.0700000E+00    7.2438599E+01    2.0719059E+01
    2.0740000E+00    7.2563512E+01    2.0719194E+01
    2.0780000E+00    7.2688466E+01    2.0719327E+01
    2.0820000E+00    7.2813461E+01    2.0719460E+01
    2.0860000E+00    7.2938496E+01    2.0719591E+01
    2.0900000E+00    7.3063570E+01    2.0719722E+01
    2.0940000E+00    7.3188684E+01    2.0719851E+01
    2.0980000E+00    7.3313836E+01    2.0719979E+01
    2.1020000E+00    7.3439027E+01    2.0720107E+01
    2.1060000E+00    7.3564254E+01    2.0720233E+01
    2.1100000E+00    7.3689520E+01    2.0720359E+01
    2.1140000E+00    7.3814821E+01    2.0720483E+01
    2.1180000E+00    7.3940159E+01    2.0720607E+01
    2.1220000E+00    7.4065533E+01    2.0720729E+01
    2.1260000E+00    7.4190941E+01    2.0720851E+01
    2.1300000E+00    7.4316384E+01    2.0720972E+01
    2.1340000E+00    7.4441861E+01    2.0721092E+01
    2.1380000E+00    7.4567372E+01    2.0721211E+01
    2.1420000E+00    7.4692916E+01    2.0721330E+01
    2.1460000E+00    7.4818492E+01    2.0721447E+01
    2.1500000E+00    7.4944100E+01    2.0721564E+01
    2.1540000E+00    7.5069739E+01    2.0721680E+01
    2.1580000E+00    7.5195410E+01    2.0721795E+01
    2.1620000E+00    7.5321110E+01    2.0721909E+01
    2.1660000E+00    7.5446840E+01    2.0722023E+01
    2.1700000E+00    7.5572599E+01    2.0722136E+01
    2.1740000E+00    7.5698387E+01    2.0722248E+01
    2.1780000E+00    7.5824203E+01    2.0722359E+01
    2.1820000E+00    7.5950046E+01    2.0722469E+01
    2.1860000E+00    7.6075917E+01    2.0722579E+01
    2.1900000E+00    7.6201813E+01    2.0722688E+01
    2.1940000E+00    7.6327735E+01    2.0722797E+01
    2.1980000E+00    7.6453682E+01    2.0722905E+01
    2.2020000E+00    7.6579654E+01    2.0723012E+01
    2.2060000E+00    7.6705650E+01    2.0723118E+01
    2.2100000E+00    7.6831668E+01    2.0723224E+01
    2.2140000E+00    7.6957710E+01    2.0723329E+01
    2.2180000E+00    7.7083773E+01    2.0723433E+01
    2.2220000E+00    7.7209859E+01    2.0723537E+01
    2.2260000E+00    7.7335964E+01    2.0723640E+01
    2.2300000E+00    7.7462090E+01    2.0723743E+01
    2.2340000E+00    7.7588236E+01    2.0723845E+01
    2.2380000E+00    7.7714400E+01    2.0723946E+01
    2.2420000E+00    7.7840583E+01    2.0724047E+01
    2.2460000E+00    7.7966784E+01    2.0724147E+01
    2.2500000E+00    7.8093001E+01    2.0724247E+01
    2.2540000E+00    7.8219235E+01    2.0724346E+01
    2.2580000E+00    7.8345484E+01    2.0724444E+01
    2.2620000E+00    7.8471748E+01    2.0724542E+01
    2.2660000E+00    7.8598027E+01    2.0724639E+01
    2.2700000E+00    7.8724319E+01    2.0724736E+01
    2.2740000E+00    7.8850625E+01    2.0724833E+01
    2.2780000E+00    7.8976942E+01    2.0724928E+01
    2.2820000E+00    7.9103271E+01    2.0725023E+01
    2.2860000E+00    7.9229611E+01    2.0725118E+01
    2.2900000E+00    7.9355961E+01    2.0725212E+01
    2.2940000E+00    7.9482321E+01    2.0725306E+01
    2.2980000E+00    7.9608689E+01    2.0725399E+01
    2.3020000E+00    7.9735065E+01    2.0725492E+01
    2.3060000E+00    7.9861449E+01    2.0725584E+01
    2.3100000E+00    7.9987839E+01    2.0725676E+01
    2.3140000E+00    8.0114235E+01    2.0725767E+01
    2.3180000E+00    8.0240636E+01    2.0725858E+01
    2.3220000E+00    8.0367041E+01    2.0725948E+01
    2.3260000E+00    8.0493450E+01    2.0726038E+01
    2.3300000E+00    8.0619862E+01    2.0726127E+01
    2.3340000E+00    8.0746276E+01    2.0726216E+01
    2.3380000E+00    8.0872692E+01    2.0726305E+01
    2.3420000E+00    8.0999107E+01    2.0726393E+01
    2.3460000E+00    8.1125523E+01    2.0726480E+01
    2.3500000E+00    8.1251937E+01    2.0726567E+01
    2.3540000E+00    8.1378350E+01    2.0726654E+01
    2.3580000E+00    8.1504760E+01    2.0726740E+01
    2.3620000E+00    8.1631167E+01    2.0726826E+01
    2.3660000E+00    8.1757569E+01    2.0726912E+01
    2.3700000E+00    8.1883967E+01    2.0726997E+01
    2.3740000E+00    8.2010358E+01    2.0727081E+01
    2.3780000E+00    8.2136743E+01    2.0727166E+01
    2.3820000E+00    8.2263120E+01    2.0727249E+01
    2.3860000E+00    8.2389489E+01    2.0727333E+01
    2.3900000E+00    8.2515849E+01    2.0727416E+01
    2.3940000E+00    8.2642199E+01    2.0727499E+01
    2.3980000E+00    8.2768538E+01    2.0727581E+01
    2.4020000E+00    8.2894865E+01    2.0727663E+01
    2.4060000E+00    8.3021179E+01    2.0727744E+01
    2.4100000E+00    8.3147480E+01    2.0727825E+01
    2.4140000E+00    8.3273766E+01    2.0727906E+01
    2.4180000E+00    8.3400038E+01    2.0727987E+01
    2.4220000E+00    8.3526293E+01    2.0728067E+01
    2.4260000E+00    8.3652531E+01    2.0728146E+01
    2.4300000E+00    8.3778751E+01    2.0728225E+01
    2.4340000E+00    8.3904952E+01    2.0728304E+01
    2.4380000E+00    8.4031134E+01    2.0728383E+01
    2.4420000E+00    8.4157294E+01    2.0728461E+01
    2.4460000E+00    8.4283433E+01    2.0728539E+01
    2.4500000E+00    8.4409550E+01    2.0728617E+01
    2.4540000E+00    8.4535643E+01    2.0728694E+01
    2.4580000E+00    8.4661711E+01    2.0728771E+01
    2.4620000E+00    8.4787754E+01    2.0728847E+01
    2.4660000E+00    8.4913771E+01    2.0728923E+01
    2.4700000E+00    8.5039760E+01    2.0728999E+01
    2.4740000E+00    8.5165722E+01    2.0729075E+01
    2.4780000E+00    8.5291653E+01    2.0729150E+01
    2.4820000E+00    8.5417555E+01    2.0729225E+01
    2.4860000E+00    8.5543425E+01    2.0729299E+01
    2.4900000E+00    8.5669263E+01    2.0729374E+01
    2.4940000E+00    8.5795067E+01    2.0729447E+01
    2.4980000E+00    8.5920838E+01    2.0729521E+01
    2.5020000E+00    8.6046573E+01    2.0729594E+01
    2.5060000E+00    8.6172271E+01    2.0729667E+01
    2.5100000E+00    8.6297933E+01    2.0729740E+01
    2.5140000E+00    8.6423556E+01    2.0729812E+01
    2.5180000E+00    8.6549139E+01    2.0729884E+01
    2.5220000E+00    8.6674682E+01    2.0729956E+01
    2.5260000E+00    8.6800183E+01    2.0730027E+01
    2.5300000E+00    8.6925642E+01    2.0730099E+01
    2.5340000E+00    8.7051057E+01    2.0730169E+01
    2.5380000E+00    8.7176427E+01    2.0730240E+01
    2.5420000E+00    8.7301751E+01    2.0730310E+01
    2.5460000E+00    8.7427029E+01    2.0730380E+01
    2.5500000E+00    8.7552258E+01    2.0730450E+01
    2.5540000E+00    8.7677438E+01    2.0730519E+01
    2.5580000E+00    8.7802568E+01    2.0730588E+01
    2.5620000E+00    8.7927646E+01    2.0730657E+01
    2.5660000E+00    8.8052672E+01    2.0730726E+01
    2.5700000E+00    8.8177644E+01    2.0730794E+01
    2.5740000E+00    8.8302561E+01    2.0730862E+01
    2.5780000E+00    8.8427423E+01    2.0730929E+01
    2.5820000E+00    8.8552227E+01    2.0730997E+01
    2.5860000E+00    8.8676973E+01    2.0731064E+01
    2.5900000E+00    8.8801659E+01    2.0731131E+01
    2.5940000E+00    8.8926285E+01    2.0731197E+01
    2.5980000E+00    8.9050849E+01    2.0731263E+01
    2.6020000E+00    8.9175350E+01    2.0731329E+01
    2.6060000E+00    8.9299787E+01    2.0731395E+01
    2.6100000E+00    8.9424159E+01    2.0731461E+01
    2.6140000E+00    8.9548464E+01    2.0731526E+01
    2.6180000E+00    8.9672701E+01    2.0731591E+01
    2.6220000E+00    8.9796868E+01    2.0731655E+01
    2.6260000E+00    8.9920966E+01    2.0731720E+01
    2.6300000E+00    9.0044992E+01    2.0731784E+01
    2.6340000E+00    9.0168946E+01    2.0731848E+01
    2.6380000E+00    9.0292825E+01    2.0731911E+01
    2.6420000E+00    9.0416629E+01    2.0731975E+01
    2.6460000E+00    9.0540356E+01    2.0732038E+01
    2.6500000E+00    9.0664006E+01    2.0732101E+01
    2.6540000E+00    9.0787576E+01    2.0732163E+01
    2.6580000E+00    9.0911066E+01    2.0732226E+01
    2.6620000E+00    9.1034475E+01    2.0732288E+01
    2.6660000E+00    9.1157800E+01    2.0732349E+01
    2.6700000E+00    9.1281041E+01    2.0732411E+01
    2.6740000E+00    9.1404196E+01    2.0732472E+01
    2.6780000E+00    9.1527265E+01    2.0732533E+01
    2.6820000E+00    9.1650245E+01    2.0732594E+01
    2.6860000E+00    9.1773135E+01    2.0732655E+01
    2.6900000E+00    9.1895935E+01    2.0732715E+01
    2.6940000E+00    9.2018642E+01    2.0732775E+01
    2.6980000E+00    9.2141255E+01    2.0732835E+01
    2.7020000E+00    9.2263774E+01    2.0732895E+01
    2.7060000E+00    9.2386196E+01    2.0732954E+01
    2.7100000E+00    9.2508520E+01    2.0733013E+01
    2.7140000E+00    9.2630745E+01    2.0733072E+01
    2.7180000E+00    9.2752869E+01    2.0733130E+01
    2.7220000E+00    9.2874891E+01    2.0733189E+01
    2.7260000E+00    9.2996810E+01    2.0733247E+01
    2.7300000E+00    9.3118624E+01    2.0733305E+01
    2.7340000E+00    9.3240332E+01    2.0733363E+01
    2.7380000E+00    9.3361932E+01    2.0733420E+01
    2.7420000E+00    9.3483422E+01    2.0733477E+01
    2.7460000E+00    9.3604803E+01    2.0733534E+01
    2.7500000E+00    9.3726071E+01    2.0733591E+01
    2.7540000E+00    9.3847226E+01    2.0733647E+01
    2.7580000E+00    9.3968265E+01    2.0733704E+01
    2.7620000E+00    9.4089188E+01    2.0733760E+01
    2.7660000E+00    9.4209994E+01    2.0733815E+01
    2.7700000E+00    9.4330680E+01    2.0733871E+01
    2.7740000E+00    9.4451245E+01    2.0733926E+01
    2.7780000E+00    9.4571687E+01    2.0733981E+01
    2.7820000E+00    9.4692006E+01    2.0734036E+01
    2.7860000E+00    9.4812199E+01    2.0734091E+01
    2.7900000E+00    9.4932265E+01    2.0734145E+01
    2.7940000E+00    9.5052203E+01    2.0734199E+01
    2.7980000E+00    9.5172010E+01    2.0734253E+01
    2.8020000E+00    9.5291686E+01    2.0734307E+01
    2.8060000E+00    9.5411229E+01    2.0734361E+01
    2.8100000E+00    9.5530637E+01    2.0734414E+01
    2.8140000E+00    9.5649909E+01    2.0734467E+01
    2.8180000E+00    9.5769043E+01    2.0734520E+01
    2.8220000E+00    9.5888037E+01    2.0734572E+01
    2.8260000E+00    9.6006891E+01    2.0734625E+01
    2.8300000E+00    9.6125602E+01    2.0734677E+01
    2.8340000E+00    9.6244169E+01    2.0734729E+01
    2.8380000E+00    9.6362590E+01    2.0734781E+01
    2.8420000E+00    9.6480863E+01    2.0734832E+01
    2.8460000E+00    9.6598987E+01    2.0734884E+01
    2.8500000E+00    9.6716961E+01    2.0734935E+01
    2.8540000E+00    9.6834783E+01    2.0734985E+01
    2.8580000E+00    9.6952450E+01    2.0735036E+01
    2.8620000E+00    9.7069962E+01    2.0735087E+01
    2.8660000E+00    9.7187316E+01    2.0735137E+01
    2.8700000E+00    9.7304512E+01    2.0735187E+01
    2.8740000E+00    9.7421547E+01    2.0735236E+01
    2.8780000E+00    9.7538420E+01    2.0735286E+01
    2.8820000E+00    9.7655129E+01    2.0735335E+01
    2.8860000E+00    9.7771672E+01    2.0735385E+01
    2.8900000E+00    9.7888048E+01    2.0735433E+01
    2.8940000E+00    9.8004255E+01    2.0735482E+01
    2.8980000E+00    9.8120291E+01    2.0735531E+01
    2.9020000E+00    9.8236155E+01    2.0735579E+01
    2.9060000E+00    9.8351844E+01    2.0735627E+01
    2.9100000E+00    9.8467358E+01    2.0735675E+01
    2.9140000E+00    9.8582694E+01    2.0735723E+01
    2.9180000E+00    9.8697851E+01    2.0735770E+01
    2.9220000E+00    9.8812826E+01    2.0735817E+01
    2.9260000E+00    9.8927619E+01    2.0735864E+01
    2.9300000E+00    9.9042227E+01    2.0735911E+01
    2.9340000E+00    9.9156649E+01    2.0735958E+01
    2.9380000E+00    9.9270882E+01    2.0736004E+01
    2.9420000E+00    9.9384926E+01    2.0736050E+01
    2.9460000E+00    9.9498778E+01    2.0736096E+01
    2.9500000E+00    9.9612437E+01    2.0736142E+01
    2.9540000E+00    9.9725900E+01    2.0736188E+01
    2.9580000E+00    9.9839166E+01    2.0736233E+01
    2.9620000E+00    9.9952234E+01    2.0736278E+01
    2.9660000E+00    1.0006510E+02    2.0736323E+01
    2.9700000E+00    1.0017776E+02    2.0736368E+01
    2.9740000E+00    1.0029022E+02    2.0736412E+01
    2.9780000E+00    1.0040248E+02    2.0736457E+01
    2.9820000E+00    1.0051452E+02    2.0736501E+01
    2.9860000E+00    1.0062636E+02    2.0736545E+01
    2.9900000E+00    1.0073798E+02    2.0736589E+01
    2.9940000E+00    1.0084939E+02    2.0736632E+01
    2.9980000E+00    1.0096059E+02    2.0736675E+01
    3.0020000E+00    1.0107157E+02    2.0736719E+01
    3.0060000E+00    1.0118233E+02    2.0736762E+01
    3.0100000E+00    1.0129287E+02    2.0736804E+01
    3.0140000E+00    1.0140318E+02    2.0736847E+01
    3.0180000E+00    1.0151327E+02    2.0736889E+01
    3.0220000E+00    1.0162314E+02    2.0736931E+01
    3.0260000E+00    1.0173277E+02    2.0736973E+01
    3.0300000E+00    1.0184218E+02    2.0737015E+01
    3.0340000E+00    1.0195135E+02    2.0737057E+01
    3.0380000E+00    1.0206029E+02    2.0737098E+01
    3.0420000E+00    1.0216899E+02    2.0737139E+01
    3.0460000E+00    1.0227746E+02    2.0737180E+01
    3.0500000E+00    1.0238568E+02    2.0737221E+01
    3.0540000E+00    1.0249367E+02    2.0737261E+01
    3.0580000E+00    1.0260141E+02    2.0737302E+01
    3.0620000E+00    1.0270890E+02    2.0737342E+01
    3.0660000E+00    1.0281615E+02    2.0737382E+01
    3.0700000E+00    1.0292314E+02    2.0737422E+01
    3.0740000E+00    1.0302989E+02    2.0737461E+01
    3.0780000E+00    1.0313638E+02    2.0737501E+01
    3.0820000E+00    1.0324262E+02    2.0737540E+01
    3.0860000E+00    1.0334860E+02    2.0737579E+01
    3.0900000E+00    1.0345432E+02    2.0737618E+01
    3.0940000E+00    1.0355977E+02    2.0737656E+01
    3.0980000E+00    1.0366497E+02    2.0737695E+01
    3.1020000E+00    1.0376990E+02    2.0737733E+01
    3.1060000E+00    1.0387456E+02    2.0737771E+01
    3.1100000E+00    1.0397896E+02    2.0737809E+01
    3.1140000E+00    1.0408308E+02    2.0737846E+01
    3.1180000E+00    1.0418693E+02    2.0737884E+01
    3.1220000E+00    1.0429051E+02    2.0737921E+01
    3.1260000E+00    1.0439380E+02    2.0737958E+01
    3.1300000E+00    1.0449682E+02    2.0737995E+01
    3.1340000E+00    1.0459956E+02    2.0738032E+01
    3.1380000E+00    1.0470202E+02    2.0738068E+01
    3.1420000E+00    1.0480419E+02    2.0738105E+01
    3.1460000E+00    1.0490607E+02    2.0738141E+01
    3.1500000E+00    1.0500766E+02    2.0738177E+01
    3.1540000E+00    1.0510897E+02    2.0738213E+01
    3.1580000E+00    1.0520998E+02    2.0738248E+01
    3.1620000E+00    1.0531069E+02    2.0738284E+01
    3.1660000E+00    1.0541111E+02    2.0738319E+01
    3.1700000E+00    1.0551123E+02    2.0738354E+01
    3.1740000E+00    1.0561104E+02    2.0738389E+01
    3.1780000E+00    1.0571056E+02    2.0738423E+01
    3.1820000E+00    1.0580977E+02    2.0738458E+01
    3.1860000E+00    1.0590867E+02    2.0738492E+01
    3.1900000E+00    1.0600726E+02    2.0738526E+01
    3.1940000E+00    1.0610555E+02    2.0738560E+01
    3.1980000E+00    1.0620351E+02    2.0738594E+01
    3.2020000E+00    1.0630117E+02    2.0738627E+01
    3.2060000E+00    1.0639850E+02    2.0738661E+01
    3.2100000E+00    1.0649552E+02    2.0738694E+01
    3.2140000E+00    1.0659222E+02    2.0738727E+01
    3.2180000E+00    1.0668859E+02    2.0738760E+01
    3.2220000E+00    1.0678463E+02    2.0738792E+01
    3.2260000E+00    1.0688035E+02    2.0738825E+01
    3.2300000E+00    1.0697574E+02    2.0738857E+01
    3.2340000E+00    1.0707080E+02    2.0738889E+01
    3.2380000E+00    1.0716553E+02    2.0738921E+01
    3.2420000E+00    1.0725992E+02    2.0738952E+01
    3.2460000E+00    1.0735397E+02    2.0738984E+01
    3.2500000E+00    1.0744768E+02    2.0739015E+01
    3.2540000E+00    1.0754105E+02    2.0739046E+01
    3.2580000E+00    1.0763408E+02    2.0739077E+01
    3.2620000E+00    1.0772676E+02    2.0739108E+01
    3.2660000E+00    1.0781909E+02    2.0739139E+01
    3.2700000E+00    1.0791107E+02    2.0739169E+01
    3.2740000E+00    1.0800270E+02    2.0739200E+01
    3.2780000E+00    1.0809398E+02    2.0739230E+01
    3.2820000E+00    1.0818490E+02    2.0739259E+01
    3.2860000E+00    1.0827546E+02    2.0739289E+01
    3.2900000E+00    1.0836567E+02    2.0739319E+01
    3.2940000E+00    1.0845551E+02    2.0739348E+01
    3.2980000E+00    1.0854499E+02    2.0739377E+01
    3.3020000E+00    1.0863410E+02    2.0739406E+01
    3.3060000E+00    1.0872284E+02    2.0739435E+01
    3.3100000E+00    1.0881121E+02    2.0739464E+01
    3.3140000E+00    1.0889921E+02    2.0739492E+01
    3.3180000E+00    1.0898684E+02    2.0739520E+01
    3.3220000E+00    1.0907409E+02    2.0739549E+01
    3.3260000E+00    1.0916096E+02    2.0739576E+01
    3.3300000E+00    1.0924745E+02    2.0739604E+01
    3.3340000E+00    1.0933356E+02    2.0739632E+01
    3.3380000E+00    1.0941929E+02    2.0739659E+01
    3.3420000E+00    1.0950462E+02    2.0739686E+01
    3.3460000E+00    1.0958957E+02    2.0739713E+01
    3.3500000E+00    1.0967414E+02    2.0739740E+01
    3.3540000E+00    1.0975830E+02    2.0739767E+01
    3.3580000E+00    1.0984208E+02    2.0739794E+01
    3.3620000E+00    1.0992545E+02    2.0739820E+01
    3.3660000E+00    1.1000843E+02    2.0739846E+01
    3.3700000E+00    1.1009101E+02    2.0739872E+01
    3.3740000E+00    1.1017319E+02    2.0739898E+01
    3.3780000E+00    1.1025496E+02    2.0739923E+01
    3.3820000E+00    1.1033633E+02    2.0739949E+01
    3.3860000E+00    1.1041728E+02    2.0739974E+01
    3.3900000E+00    1.1049783E+02    2.0739999E+01
    3.3940000E+00    1.1057797E+02    2.0740024E+01
    3.3980000E+00    1.1065769E+02    2.0740049E+01
    3.4020000E+00    1.1073699E+02    2.0740074E+01
    3.4060000E+00    1.1081588E+02    2.0740098E+01
    3.4100000E+00    1.1089435E+02    2.0740122E+01
    3.4140000E+00    1.1097239E+02    2.0740146E+01
    3.4180000E+00    1.1105001E+02    2.0740170E+01
    3.4220000E+00    1.1112721E+02    2.0740194E+01
    3.4260000E+00    1.1120398E+02    2.0740218E+01
    3.4300000E+00    1.1128032E+02    2.0740241E+01
    3.4340000E+00    1.1135622E+02    2.0740264E+01
    3.4380000E+00    1.1143170E+02    2.0740287E+01
    3.4420000E+00    1.1150674E+02    2.0740310E+01
    3.4460000E+00    1.1158134E+02    2.0740333E+01
    3.4500000E+00    1.1165550E+02    2.0740355E+01
    3.4540000E+00    1.1172922E+02    2.0740378E+01
    3.4580000E+00    1.1180250E+02    2.0740400E+01
    3.4620000E+00    1.1187533E+02    2.0740422E+01
    3.4660000E+00    1.1194772E+02    2.0740444E+01
    3.4700000E+00    1.1201966E+02    2.0740466E+01
    3.4740000E+00    1.1209115E+02    2.0740487E+01
    3.4780000E+00    1.1216218E+02    2.0740508E+01
    3.4820000E+00    1.1223276E+02    2.0740530E+01
    3.4860000E+00    1.1230289E+02    2.0740551E+01
    3.4900000E+00    1.1237256E+02    2.0740571E+01
    3.4940000E+00    1.1244177E+02    2.0740592E+01
    3.4980000E+00    1.1251051E+02    2.0740613E+01
    3.5020000E+00    1.1257880E+02    2.0740633E+01
    3.5060000E+00    1.1264662E+02    2.0740653E+01
    3.5100000E+00    1.1271397E+02    2.0740673E+01
    3.5140000E+00    1.1278085E+02    2.0740693E+01
    3.5180000E+00    1.1284727E+02    2.0740712E+01
    3.5220000E+00    1.1291321E+02    2.0740732E+01
    3.5260000E+00    1.1297868E+02    2.0740751E+01
    3.5300000E+00    1.1304367E+02    2.0740770E+01
    3.5340000E+00    1.1310818E+02    2.0740789E+01
    3.5380000E+00    1.1317222E+02    2.0740808E+01
    3.5420000E+00    1.1323577E+02    2.0740827E+01
    3.5460000E+00    1.1329885E+02    2.0740845E+01
    3.5500000E+00    1.1336144E+02    2.0740864E+01
    3.5540000E+00    1.1342354E+02    2.0740882E+01
    3.5580000E+00    1.1348515E+02    2.0740900E+01
    3.5620000E+00    1.1354628E+02    2.0740917E+01
    3.5660000E+00    1.1360691E+02    2.0740935E+01
    3.5700000E+00    1.1366706E+02    2.0740953E+01
    3.5740000E+00    1.1372671E+02    2.0740970E+01
    3.5780000E+00    1.1378586E+02    2.0740987E+01
    3.5820000E+00    1.1384451E+02    2.0741004E+01
    3.5860000E+00    1.1390267E+02    2.0741021E+01
    3.5900000E+00    1.1396033E+02    2.0741037E+01
    3.5940000E+00    1.1401748E+02    2.0741054E+01
    3.5980000E+00    1.1407413E+02    2.0741070E+01
    3.6020000E+00    1.1413027E+02    2.0741086E+01
    3.6060000E+00    1.1418591E+02    2.0741102E+01
    3.6100000E+00    1.1424104E+02    2.0741118E+01
    3.6140000E+00    1.1429566E+02    2.0741134E+01
    3.6180000E+00    1.1434976E+02    2.0741149E+01
    3.6220000E+00    1.1440336E+02    2.0741165E+01
    3.6260000E+00    1.1445644E+02    2.0741180E+01
    3.6300000E+00    1.1450900E+02    2.0741195E+01
    3.6340000E+00    1.1456105E+02    2.0741210E+01
    3.6380000E+00    1.1461257E+02    2.0741224E+01
    3.6420000E+00    1.1466358E+02    2.0741239E+01
    3.6460000E+00    1.1471406E+02    2.0741253E+01
    3.6500000E+00    1.1476402E+02    2.0741267E+01
    3.6540000E+00    1.1481346E+02    2.0741281E+01
    3.6580000E+00    1.1486237E+02    2.0741295E+01
    3.6620000E+00    1.1491075E+02    2.0741309E+01
    3.6660000E+00    1.1495860E+02    2.0741322E+01
    3.6700000E+00    1.1500593E+02    2.0741336E+01
    3.6740000E+00    1.1505272E+02    2.0741349E+01
    3.6780000E+00    1.1509898E+02    2.0741362E+01
    3.6820000E+00    1.1514470E+02    2.0741375E+01
    3.6860000E+00    1.1518989E+02    2.0741387E+01
    3.6900000E+00    1.1523454E+02    2.0741400E+01
    3.6940000E+00    1.1527865E+02    2.0741412E+01
    3.6980000E+00    1.1532223E+02    2.0741424E+01
    3.7020000E+00    1.1536526E+02    2.0741436E+01
    3.7060000E+00    1.1540775E+02    2.0741448E+01
    3.7100000E+00    1.1544969E+02    2.0741460E+01
    3.7140000E+00    1.1549110E+02    2.0741472E+01
    3.7180000E+00    1.1553195E+02    2.0741483E+01
    3.7220000E+00    1.1557226E+02    2.0741494E+01
    3.7260000E+00    1.1561203E+02    2.0741505E+01
    3.7300000E+00    1.1565124E+02    2.0741516E+01
    3.7340000E+00    1.1568990E+02    2.0741527E+01
    3.7380000E+00    1.1572801E+02    2.0741537E+01
    3.7420000E+00    1.1576557E+02    2.0741548E+01
    3.7460000E+00    1.1580257E+02    2.0741558E+01
    3.7500000E+00    1.1583902E+02    2.0741568E+01
    3.7540000E+00    1.1587491E+02    2.0741578E+01
    3.7580000E+00    1.1591025E+02    2.0741588E+01
    3.7620000E+00    1.1594503E+02    2.0741598E+01
    3.7660000E+00    1.1597925E+02    2.0741607E+01
    3.7700000E+00    1.1601290E+02    2.0741616E+01
    3.7740000E+00    1.1604600E+02    2.0741625E+01
    3.7780000E+00    1.1607854E+02    2.0741634E+01
    3.7820000E+00    1.1611051E+02    2.0741643E+01
    3.7860000E+00    1.1614192E+02    2.0741652E+01
    3.7900000E+00    1.1617276E+02    2.0741660E+01
    3.7940000E+00    1.1620304E+02    2.0741669E+01
    3.7980000E+00    1.1623275E+02    2.0741677E+01
    3.8020000E+00    1.1626189E+02    2.0741685E+01
    3.8060000E+00    1.1629047E+02    2.0741693E+01
    3.8100000E+00    1.1631847E+02    2.0741700E+01
    3.8140000E+00    1.1634591E+02    2.0741708E+01
    3.8180000E+00    1.1637277E+02    2.0741715E+01
    3.8220000E+00    1.1639907E+02    2.0741722E+01
    3.8260000E+00    1.1642479E+02    2.0741729E+01
    3.8300000E+00    1.1644993E+02    2.0741736E+01
    3.8340000E+00    1.1647450E+02    2.0741743E+01
    3.8380000E+00    1.1649850E+02    2.0741749E+01
    3.8420000E+00    1.1652192E+02    2.0741756E+01
    3.8460000E+00    1.1654477E+02    2.0741762E+01
    3.8500000E+00    1.1656703E+02    2.0741768E+01
    3.8540000E+00    1.1658872E+02    2.0741774E+01
    3.8580000E+00    1.1660984E+02    2.0741780E+01
    3.8620000E+00    1.1663037E+02    2.0741785E+01
    3.8660000E+00    1.1665032E+02    2.0741791E+01
    3.8700000E+00    1.1666969E+02    2.0741796E+01
    3.8740000E+00    1.1668849E+02    2.0741801E+01
    3.8780000E+00    1.1670670E+02    2.0741806E+01
    3.8820000E+00    1.1672433E+02    2.0741811E+01
    3.8860000E+00    1.1674137E+02    2.0741816E+01
    3.8900000E+00    1.1675784E+02    2.0741820E+01
    3.8940000E+00    1.1677372E+02    2.0741824E+01
    3.8980000E+00    1.1678901E+02    2.0741828E+01
    3.9020000E+00    1.1680372E+02    2.0741832E+01
    3.9060000E+00    1.1681785E+02    2.0741836E+01
    3.9100000E+00    1.1683139E+02    2.0741840E+01
    3.9140000E+00    1.1684434E+02    2.0741843E+01
    3.9180000E+00    1.1685671E+02    2.0741847E+01
    3.9220000E+00    1.1686850E+02    2.0741850E+01
    3.9260000E+00    1.1687969E+02    2.0741853E+01
    3.9300000E+00    1.1689030E+02    2.0741856E+01
    3.9340000E+00    1.1690032E+02    2.0741859E+01
    3.9380000E+00    1.1690975E+02    2.0741861E+01
    3.9420000E+00    1.1691860E+02    2.0741864E+01
    3.9460000E+00    1.1692685E+02    2.0741866E+01
    3.9500000E+00    1.1693452E+02    2.0741868E+01
    3.9540000E+00    1.1694160E+02    2.0741870E+01
    3.9580000E+00    1.1694809E+02    2.0741872E+01
    3.9620000E+00    1.1695399E+02    2.0741873E+01
    3.9660000E+00    1.1695930E+02    2.0741875E+01
    3.9700000E+00    1.1696402E+02    2.0741876E+01
    3.9740000E+00    1.1696815E+02    2.0741877E+01
    3.9780000E+00    1.1697170E+02    2.0741878E+01
    3.9820000E+00    1.1697465E+02    2.0741879E+01
    3.9860000E+00    1.1697701E+02    2.0741879E+01
    3.9900000E+00    1.1697878E+02    2.0741880E+01
    3.9940000E+00    1.1697996E+02    2.0741880E+01
    3.9980000E+00    1.1698055E+02    2.0741880E+01
