# Time          7.5000E+01
# Units: Permil
    Distance        SO4--            SO164--         
    2.0000000E-03    2.1017454E+01    8.7554107E+00
    6.0000000E-03    2.1052379E+01    8.9081848E+00
    1.0000000E-02    2.1087347E+01    9.0590894E+00
    1.4000000E-02    2.1122356E+01    9.2081464E+00
    1.8000000E-02    2.1157408E+01    9.3553773E+00
    2.2000000E-02    2.1192502E+01    9.5008035E+00
    2.6000000E-02    2.1227639E+01    9.6444461E+00
    3.0000000E-02    2.1262819E+01    9.7863260E+00
    3.4000000E-02    2.1298041E+01    9.9264639E+00
    3.8000000E-02    2.1333306E+01    1.0064880E+01
    4.2000000E-02    2.1368614E+01    1.0201595E+01
    4.6000000E-02    2.1403965E+01    1.0336628E+01
    5.0000000E-02    2.1439359E+01    1.0470000E+01
    5.4000000E-02    2.1474796E+01    1.0601729E+01
    5.8000000E-02    2.1510277E+01    1.0731835E+01
    6.2000000E-02    2.1545802E+01    1.0860337E+01
    6.6000000E-02    2.1581370E+01    1.0987255E+01
    7.0000000E-02    2.1616982E+01    1.1112606E+01
    7.4000000E-02    2.1652638E+01    1.1236409E+01
    7.8000000E-02    2.1688337E+01    1.1358682E+01
    8.2000000E-02    2.1724081E+01    1.1479444E+01
    8.6000000E-02    2.1759870E+01    1.1598711E+01
    9.0000000E-02    2.1795702E+01    1.1716503E+01
    9.4000000E-02    2.1831579E+01    1.1832836E+01
    9.8000000E-02    2.1867501E+01    1.1947727E+01
    1.0200000E-01    2.1903467E+01    1.2061193E+01
    1.0600000E-01    2.1939478E+01    1.2173252E+01
    1.1000000E-01    2.1975534E+01    1.2283920E+01
    1.1400000E-01    2.2011636E+01    1.2393213E+01
    1.1800000E-01    2.2047782E+01    1.2501148E+01
    1.2200000E-01    2.2083974E+01    1.2607741E+01
    1.2600000E-01    2.2120211E+01    1.2713007E+01
    1.3000000E-01    2.2156493E+01    1.2816963E+01
    1.3400000E-01    2.2192821E+01    1.2919624E+01
    1.3800000E-01    2.2229195E+01    1.3021005E+01
    1.4200000E-01    2.2265615E+01    1.3121121E+01
    1.4600000E-01    2.2302081E+01    1.3219988E+01
    1.5000000E-01    2.2338593E+01    1.3317621E+01
    1.5400000E-01    2.2375151E+01    1.3414033E+01
    1.5800000E-01    2.2411756E+01    1.3509241E+01
    1.6200000E-01    2.2448407E+01    1.3603257E+01
    1.6600000E-01    2.2485105E+01    1.3696096E+01
    1.7000000E-01    2.2521849E+01    1.3787773E+01
    1.7400000E-01    2.2558640E+01    1.3878301E+01
    1.7800000E-01    2.2595478E+01    1.3967693E+01
    1.8200000E-01    2.2632363E+01    1.4055964E+01
    1.8600000E-01    2.2669295E+01    1.4143127E+01
    1.9000000E-01    2.2706275E+01    1.4229194E+01
    1.9400000E-01    2.2743302E+01    1.4314180E+01
    1.9800000E-01    2.2780377E+01    1.4398097E+01
    2.0200000E-01    2.2817499E+01    1.4480958E+01
    2.0600000E-01    2.2854669E+01    1.4562775E+01
    2.1000000E-01    2.2891887E+01    1.4643561E+01
    2.1400000E-01    2.2929152E+01    1.4723329E+01
    2.1800000E-01    2.2966466E+01    1.4802090E+01
    2.2200000E-01    2.3003828E+01    1.4879857E+01
    2.2600000E-01    2.3041239E+01    1.4956642E+01
    2.3000000E-01    2.3078698E+01    1.5032456E+01
    2.3400000E-01    2.3116205E+01    1.5107312E+01
    2.3800000E-01    2.3153762E+01    1.5181220E+01
    2.4200000E-01    2.3191367E+01    1.5254192E+01
    2.4600000E-01    2.3229021E+01    1.5326240E+01
    2.5000000E-01    2.3266724E+01    1.5397374E+01
    2.5400000E-01    2.3304476E+01    1.5467606E+01
    2.5800000E-01    2.3342278E+01    1.5536946E+01
    2.6200000E-01    2.3380129E+01    1.5605406E+01
    2.6600000E-01    2.3418029E+01    1.5672995E+01
    2.7000000E-01    2.3455979E+01    1.5739725E+01
    2.7400000E-01    2.3493979E+01    1.5805606E+01
    2.7800000E-01    2.3532029E+01    1.5870648E+01
    2.8200000E-01    2.3570129E+01    1.5934861E+01
    2.8600000E-01    2.3608278E+01    1.5998256E+01
    2.9000000E-01    2.3646479E+01    1.6060841E+01
    2.9400000E-01    2.3684729E+01    1.6122628E+01
    2.9800000E-01    2.3723030E+01    1.6183626E+01
    3.0200000E-01    2.3761382E+01    1.6243844E+01
    3.0600000E-01    2.3799784E+01    1.6303292E+01
    3.1000000E-01    2.3838237E+01    1.6361979E+01
    3.1400000E-01    2.3876741E+01    1.6419915E+01
    3.1800000E-01    2.3915296E+01    1.6477108E+01
    3.2200000E-01    2.3953902E+01    1.6533569E+01
    3.2600000E-01    2.3992560E+01    1.6589304E+01
    3.3000000E-01    2.4031269E+01    1.6644325E+01
    3.3400000E-01    2.4070030E+01    1.6698638E+01
    3.3800000E-01    2.4108842E+01    1.6752254E+01
    3.4200000E-01    2.4147706E+01    1.6805180E+01
    3.4600000E-01    2.4186622E+01    1.6857424E+01
    3.5000000E-01    2.4225589E+01    1.6908996E+01
    3.5400000E-01    2.4264609E+01    1.6959904E+01
    3.5800000E-01    2.4303682E+01    1.7010155E+01
    3.6200000E-01    2.4342806E+01    1.7059757E+01
    3.6600000E-01    2.4381983E+01    1.7108720E+01
    3.7000000E-01    2.4421213E+01    1.7157049E+01
    3.7400000E-01    2.4460495E+01    1.7204754E+01
    3.7800000E-01    2.4499831E+01    1.7251842E+01
    3.8200000E-01    2.4539219E+01    1.7298321E+01
    3.8600000E-01    2.4578660E+01    1.7344197E+01
    3.9000000E-01    2.4618155E+01    1.7389479E+01
    3.9400000E-01    2.4657702E+01    1.7434174E+01
    3.9800000E-01    2.4697304E+01    1.7478289E+01
    4.0200000E-01    2.4736958E+01    1.7521831E+01
    4.0600000E-01    2.4776667E+01    1.7564807E+01
    4.1000000E-01    2.4816429E+01    1.7607225E+01
    4.1400000E-01    2.4856245E+01    1.7649091E+01
    4.1800000E-01    2.4896115E+01    1.7690411E+01
    4.2200000E-01    2.4936039E+01    1.7731194E+01
    4.2600000E-01    2.4976018E+01    1.7771445E+01
    4.3000000E-01    2.5016051E+01    1.7811171E+01
    4.3400000E-01    2.5056138E+01    1.7850378E+01
    4.3800000E-01    2.5096280E+01    1.7889074E+01
    4.4200000E-01    2.5136477E+01    1.7927264E+01
    4.4600000E-01    2.5176728E+01    1.7964954E+01
    4.5000000E-01    2.5217035E+01    1.8002152E+01
    4.5400000E-01    2.5257396E+01    1.8038862E+01
    4.5800000E-01    2.5297813E+01    1.8075091E+01
    4.6200000E-01    2.5338285E+01    1.8110846E+01
    4.6600000E-01    2.5378812E+01    1.8146131E+01
    4.7000000E-01    2.5419395E+01    1.8180954E+01
    4.7400000E-01    2.5460034E+01    1.8215318E+01
    4.7800000E-01    2.5500728E+01    1.8249232E+01
    4.8200000E-01    2.5541479E+01    1.8282699E+01
    4.8600000E-01    2.5582285E+01    1.8315726E+01
    4.9000000E-01    2.5623148E+01    1.8348317E+01
    4.9400000E-01    2.5664066E+01    1.8380480E+01
    4.9800000E-01    2.5705042E+01    1.8412218E+01
    5.0200000E-01    2.5746073E+01    1.8443538E+01
    5.0600000E-01    2.5787161E+01    1.8474444E+01
    5.1000000E-01    2.5828306E+01    1.8504942E+01
    5.1400000E-01    2.5869508E+01    1.8535036E+01
    5.1800000E-01    2.5910767E+01    1.8564733E+01
    5.2200000E-01    2.5952083E+01    1.8594036E+01
    5.2600000E-01    2.5993455E+01    1.8622951E+01
    5.3000000E-01    2.6034886E+01    1.8651484E+01
    5.3400000E-01    2.6076373E+01    1.8679637E+01
    5.3800000E-01    2.6117919E+01    1.8707417E+01
    5.4200000E-01    2.6159521E+01    1.8734829E+01
    5.4600000E-01    2.6201182E+01    1.8761876E+01
    5.5000000E-01    2.6242901E+01    1.8788563E+01
    5.5400000E-01    2.6284677E+01    1.8814895E+01
    5.5800000E-01    2.6326512E+01    1.8840877E+01
    5.6200000E-01    2.6368405E+01    1.8866513E+01
    5.6600000E-01    2.6410356E+01    1.8891807E+01
    5.7000000E-01    2.6452365E+01    1.8916763E+01
    5.7400000E-01    2.6494434E+01    1.8941387E+01
    5.7800000E-01    2.6536561E+01    1.8965681E+01
    5.8200000E-01    2.6578746E+01    1.8989651E+01
    5.8600000E-01    2.6620991E+01    1.9013301E+01
    5.9000000E-01    2.6663295E+01    1.9036633E+01
    5.9400000E-01    2.6705658E+01    1.9059654E+01
    5.9800000E-01    2.6748080E+01    1.9082366E+01
    6.0200000E-01    2.6790561E+01    1.9104773E+01
    6.0600000E-01    2.6833102E+01    1.9126880E+01
    6.1000000E-01    2.6875703E+01    1.9148691E+01
    6.1400000E-01    2.6918363E+01    1.9170208E+01
    6.1800000E-01    2.6961084E+01    1.9191436E+01
    6.2200000E-01    2.7003864E+01    1.9212378E+01
    6.2600000E-01    2.7046704E+01    1.9233039E+01
    6.3000000E-01    2.7089604E+01    1.9253421E+01
    6.3400000E-01    2.7132565E+01    1.9273529E+01
    6.3800000E-01    2.7175586E+01    1.9293365E+01
    6.4200000E-01    2.7218668E+01    1.9312934E+01
    6.4600000E-01    2.7261811E+01    1.9332239E+01
    6.5000000E-01    2.7305014E+01    1.9351283E+01
    6.5400000E-01    2.7348278E+01    1.9370069E+01
    6.5800000E-01    2.7391603E+01    1.9388602E+01
    6.6200000E-01    2.7434989E+01    1.9406883E+01
    6.6600000E-01    2.7478436E+01    1.9424917E+01
    6.7000000E-01    2.7521945E+01    1.9442706E+01
    6.7400000E-01    2.7565515E+01    1.9460255E+01
    6.7800000E-01    2.7609146E+01    1.9477565E+01
    6.8200000E-01    2.7652840E+01    1.9494640E+01
    6.8600000E-01    2.7696595E+01    1.9511483E+01
    6.9000000E-01    2.7740412E+01    1.9528097E+01
    6.9400000E-01    2.7784291E+01    1.9544485E+01
    6.9800000E-01    2.7828232E+01    1.9560650E+01
    7.0200000E-01    2.7872235E+01    1.9576595E+01
    7.0600000E-01    2.7916301E+01    1.9592323E+01
    7.1000000E-01    2.7960429E+01    1.9607836E+01
    7.1400000E-01    2.8004620E+01    1.9623137E+01
    7.1800000E-01    2.8048873E+01    1.9638229E+01
    7.2200000E-01    2.8093189E+01    1.9653116E+01
    7.2600000E-01    2.8137568E+01    1.9667798E+01
    7.3000000E-01    2.8182011E+01    1.9682280E+01
    7.3400000E-01    2.8226516E+01    1.9696564E+01
    7.3800000E-01    2.8271084E+01    1.9710652E+01
    7.4200000E-01    2.8315716E+01    1.9724547E+01
    7.4600000E-01    2.8360411E+01    1.9738251E+01
    7.5000000E-01    2.8405170E+01    1.9751767E+01
    7.5400000E-01    2.8449993E+01    1.9765098E+01
    7.5800000E-01    2.8494879E+01    1.9778246E+01
    7.6200000E-01    2.8539829E+01    1.9791213E+01
    7.6600000E-01    2.8584843E+01    1.9804001E+01
    7.7000000E-01    2.8629921E+01    1.9816614E+01
    7.7400000E-01    2.8675064E+01    1.9829053E+01
    7.7800000E-01    2.8720271E+01    1.9841320E+01
    7.8200000E-01    2.8765542E+01    1.9853418E+01
    7.8600000E-01    2.8810878E+01    1.9865350E+01
    7.9000000E-01    2.8856278E+01    1.9877116E+01
    7.9400000E-01    2.8901744E+01    1.9888720E+01
    7.9800000E-01    2.8947274E+01    1.9900164E+01
    8.0200000E-01    2.8992869E+01    1.9911450E+01
    8.0600000E-01    2.9038529E+01    1.9922579E+01
    8.1000000E-01    2.9084254E+01    1.9933554E+01
    8.1400000E-01    2.9130045E+01    1.9944377E+01
    8.1800000E-01    2.9175901E+01    1.9955050E+01
    8.2200000E-01    2.9221823E+01    1.9965576E+01
    8.2600000E-01    2.9267810E+01    1.9975955E+01
    8.3000000E-01    2.9313863E+01    1.9986190E+01
    8.3400000E-01    2.9359982E+01    1.9996282E+01
    8.3800000E-01    2.9406167E+01    2.0006235E+01
    8.4200000E-01    2.9452417E+01    2.0016049E+01
    8.4600000E-01    2.9498734E+01    2.0025726E+01
    8.5000000E-01    2.9545117E+01    2.0035269E+01
    8.5400000E-01    2.9591567E+01    2.0044679E+01
    8.5800000E-01    2.9638083E+01    2.0053957E+01
    8.6200000E-01    2.9684666E+01    2.0063106E+01
    8.6600000E-01    2.9731315E+01    2.0072128E+01
    8.7000000E-01    2.9778031E+01    2.0081023E+01
    8.7400000E-01    2.9824814E+01    2.0089794E+01
    8.7800000E-01    2.9871664E+01    2.0098443E+01
    8.8200000E-01    2.9918581E+01    2.0106970E+01
    8.8600000E-01    2.9965565E+01    2.0115378E+01
    8.9000000E-01    3.0012616E+01    2.0123669E+01
    8.9400000E-01    3.0059735E+01    2.0131843E+01
    8.9800000E-01    3.0106921E+01    2.0139903E+01
    9.0200000E-01    3.0154175E+01    2.0147849E+01
    9.0600000E-01    3.0201497E+01    2.0155685E+01
    9.1000000E-01    3.0248886E+01    2.0163410E+01
    9.1400000E-01    3.0296344E+01    2.0171026E+01
    9.1800000E-01    3.0343869E+01    2.0178536E+01
    9.2200000E-01    3.0391463E+01    2.0185940E+01
    9.2600000E-01    3.0439124E+01    2.0193240E+01
    9.3000000E-01    3.0486854E+01    2.0200437E+01
    9.3400000E-01    3.0534652E+01    2.0207532E+01
    9.3800000E-01    3.0582519E+01    2.0214528E+01
    9.4200000E-01    3.0630455E+01    2.0221425E+01
    9.4600000E-01    3.0678459E+01    2.0228225E+01
    9.5000000E-01    3.0726532E+01    2.0234929E+01
    9.5400000E-01    3.0774673E+01    2.0241538E+01
    9.5800000E-01    3.0822884E+01    2.0248054E+01
    9.6200000E-01    3.0871164E+01    2.0254478E+01
    9.6600000E-01    3.0919513E+01    2.0260810E+01
    9.7000000E-01    3.0967931E+01    2.0267054E+01
    9.7400000E-01    3.1016419E+01    2.0273209E+01
    9.7800000E-01    3.1064976E+01    2.0279276E+01
    9.8200000E-01    3.1113602E+01    2.0285258E+01
    9.8600000E-01    3.1162299E+01    2.0291155E+01
    9.9000000E-01    3.1211065E+01    2.0296969E+01
    9.9400000E-01    3.1259901E+01    2.0302700E+01
    9.9800000E-01    3.1308807E+01    2.0308349E+01
    1.0020000E+00    3.1357782E+01    2.0313919E+01
    1.0060000E+00    3.1406828E+01    2.0319409E+01
    1.0100000E+00    3.1455945E+01    2.0324821E+01
    1.0140000E+00    3.1505131E+01    2.0330156E+01
    1.0180000E+00    3.1554388E+01    2.0335416E+01
    1.0220000E+00    3.1603715E+01    2.0340600E+01
    1.0260000E+00    3.1653113E+01    2.0345711E+01
    1.0300000E+00    3.1702582E+01    2.0350749E+01
    1.0340000E+00    3.1752121E+01    2.0355715E+01
    1.0380000E+00    3.1801731E+01    2.0360611E+01
    1.0420000E+00    3.1851412E+01    2.0365436E+01
    1.0460000E+00    3.1901164E+01    2.0370193E+01
    1.0500000E+00    3.1950988E+01    2.0374882E+01
    1.0540000E+00    3.2000882E+01    2.0379504E+01
    1.0580000E+00    3.2050848E+01    2.0384060E+01
    1.0620000E+00    3.2100885E+01    2.0388551E+01
    1.0660000E+00    3.2150993E+01    2.0392977E+01
    1.0700000E+00    3.2201174E+01    2.0397341E+01
    1.0740000E+00    3.2251425E+01    2.0401642E+01
    1.0780000E+00    3.2301749E+01    2.0405881E+01
    1.0820000E+00    3.2352144E+01    2.0410060E+01
    1.0860000E+00    3.2402611E+01    2.0414179E+01
    1.0900000E+00    3.2453150E+01    2.0418239E+01
    1.0940000E+00    3.2503761E+01    2.0422241E+01
    1.0980000E+00    3.2554444E+01    2.0426185E+01
    1.1020000E+00    3.2605200E+01    2.0430073E+01
    1.1060000E+00    3.2656027E+01    2.0433905E+01
    1.1100000E+00    3.2706928E+01    2.0437683E+01
    1.1140000E+00    3.2757900E+01    2.0441406E+01
    1.1180000E+00    3.2808945E+01    2.0445075E+01
    1.1220000E+00    3.2860063E+01    2.0448692E+01
    1.1260000E+00    3.2911253E+01    2.0452257E+01
    1.1300000E+00    3.2962516E+01    2.0455771E+01
    1.1340000E+00    3.3013852E+01    2.0459234E+01
    1.1380000E+00    3.3065261E+01    2.0462648E+01
    1.1420000E+00    3.3116743E+01    2.0466012E+01
    1.1460000E+00    3.3168298E+01    2.0469328E+01
    1.1500000E+00    3.3219926E+01    2.0472597E+01
    1.1540000E+00    3.3271627E+01    2.0475818E+01
    1.1580000E+00    3.3323402E+01    2.0478993E+01
    1.1620000E+00    3.3375250E+01    2.0482122E+01
    1.1660000E+00    3.3427171E+01    2.0485207E+01
    1.1700000E+00    3.3479166E+01    2.0488247E+01
    1.1740000E+00    3.3531235E+01    2.0491243E+01
    1.1780000E+00    3.3583377E+01    2.0494196E+01
    1.1820000E+00    3.3635593E+01    2.0497106E+01
    1.1860000E+00    3.3687883E+01    2.0499975E+01
    1.1900000E+00    3.3740246E+01    2.0502802E+01
    1.1940000E+00    3.3792684E+01    2.0505588E+01
    1.1980000E+00    3.3845195E+01    2.0508335E+01
    1.2020000E+00    3.3897781E+01    2.0511042E+01
    1.2060000E+00    3.3950441E+01    2.0513709E+01
    1.2100000E+00    3.4003175E+01    2.0516339E+01
    1.2140000E+00    3.4055983E+01    2.0518930E+01
    1.2180000E+00    3.4108865E+01    2.0521484E+01
    1.2220000E+00    3.4161822E+01    2.0524001E+01
    1.2260000E+00    3.4214854E+01    2.0526482E+01
    1.2300000E+00    3.4267960E+01    2.0528927E+01
    1.2340000E+00    3.4321140E+01    2.0531337E+01
    1.2380000E+00    3.4374395E+01    2.0533712E+01
    1.2420000E+00    3.4427725E+01    2.0536053E+01
    1.2460000E+00    3.4481130E+01    2.0538361E+01
    1.2500000E+00    3.4534609E+01    2.0540634E+01
    1.2540000E+00    3.4588164E+01    2.0542876E+01
    1.2580000E+00    3.4641793E+01    2.0545084E+01
    1.2620000E+00    3.4695497E+01    2.0547261E+01
    1.2660000E+00    3.4749276E+01    2.0549407E+01
    1.2700000E+00    3.4803131E+01    2.0551521E+01
    1.2740000E+00    3.4857061E+01    2.0553606E+01
    1.2780000E+00    3.4911065E+01    2.0555660E+01
    1.2820000E+00    3.4965145E+01    2.0557684E+01
    1.2860000E+00    3.5019301E+01    2.0559680E+01
    1.2900000E+00    3.5073532E+01    2.0561646E+01
    1.2940000E+00    3.5127838E+01    2.0563585E+01
    1.2980000E+00    3.5182220E+01    2.0565495E+01
    1.3020000E+00    3.5236677E+01    2.0567378E+01
    1.3060000E+00    3.5291210E+01    2.0569233E+01
    1.3100000E+00    3.5345818E+01    2.0571063E+01
    1.3140000E+00    3.5400502E+01    2.0572865E+01
    1.3180000E+00    3.5455262E+01    2.0574642E+01
    1.3220000E+00    3.5510098E+01    2.0576393E+01
    1.3260000E+00    3.5565009E+01    2.0578119E+01
    1.3300000E+00    3.5619996E+01    2.0579821E+01
    1.3340000E+00    3.5675059E+01    2.0581497E+01
    1.3380000E+00    3.5730198E+01    2.0583150E+01
    1.3420000E+00    3.5785413E+01    2.0584779E+01
    1.3460000E+00    3.5840704E+01    2.0586385E+01
    1.3500000E+00    3.5896071E+01    2.0587967E+01
    1.3540000E+00    3.5951515E+01    2.0589527E+01
    1.3580000E+00    3.6007034E+01    2.0591064E+01
    1.3620000E+00    3.6062629E+01    2.0592580E+01
    1.3660000E+00    3.6118301E+01    2.0594073E+01
    1.3700000E+00    3.6174049E+01    2.0595546E+01
    1.3740000E+00    3.6229873E+01    2.0596997E+01
    1.3780000E+00    3.6285773E+01    2.0598427E+01
    1.3820000E+00    3.6341750E+01    2.0599837E+01
    1.3860000E+00    3.6397803E+01    2.0601227E+01
    1.3900000E+00    3.6453933E+01    2.0602597E+01
    1.3940000E+00    3.6510138E+01    2.0603948E+01
    1.3980000E+00    3.6566421E+01    2.0605279E+01
    1.4020000E+00    3.6622780E+01    2.0606591E+01
    1.4060000E+00    3.6679215E+01    2.0607884E+01
    1.4100000E+00    3.6735727E+01    2.0609160E+01
    1.4140000E+00    3.6792315E+01    2.0610416E+01
    1.4180000E+00    3.6848980E+01    2.0611655E+01
    1.4220000E+00    3.6905722E+01    2.0612877E+01
    1.4260000E+00    3.6962540E+01    2.0614081E+01
    1.4300000E+00    3.7019434E+01    2.0615268E+01
    1.4340000E+00    3.7076406E+01    2.0616438E+01
    1.4380000E+00    3.7133454E+01    2.0617592E+01
    1.4420000E+00    3.7190578E+01    2.0618729E+01
    1.4460000E+00    3.7247780E+01    2.0619850E+01
    1.4500000E+00    3.7305058E+01    2.0620955E+01
    1.4540000E+00    3.7362413E+01    2.0622045E+01
    1.4580000E+00    3.7419844E+01    2.0623119E+01
    1.4620000E+00    3.7477353E+01    2.0624178E+01
    1.4660000E+00    3.7534938E+01    2.0625222E+01
    1.4700000E+00    3.7592599E+01    2.0626252E+01
    1.4740000E+00    3.7650338E+01    2.0627267E+01
    1.4780000E+00    3.7708153E+01    2.0628268E+01
    1.4820000E+00    3.7766045E+01    2.0629254E+01
    1.4860000E+00    3.7824014E+01    2.0630227E+01
    1.4900000E+00    3.7882060E+01    2.0631186E+01
    1.4940000E+00    3.7940182E+01    2.0632132E+01
    1.4980000E+00    3.7998381E+01    2.0633065E+01
    1.5020000E+00    3.8056657E+01    2.0633985E+01
    1.5060000E+00    3.8115010E+01    2.0634891E+01
    1.5100000E+00    3.8173439E+01    2.0635786E+01
    1.5140000E+00    3.8231945E+01    2.0636667E+01
    1.5180000E+00    3.8290528E+01    2.0637537E+01
    1.5220000E+00    3.8349188E+01    2.0638394E+01
    1.5260000E+00    3.8407925E+01    2.0639240E+01
    1.5300000E+00    3.8466738E+01    2.0640074E+01
    1.5340000E+00    3.8525628E+01    2.0640896E+01
    1.5380000E+00    3.8584594E+01    2.0641707E+01
    1.5420000E+00    3.8643638E+01    2.0642507E+01
    1.5460000E+00    3.8702758E+01    2.0643296E+01
    1.5500000E+00    3.8761954E+01    2.0644074E+01
    1.5540000E+00    3.8821228E+01    2.0644841E+01
    1.5580000E+00    3.8880577E+01    2.0645598E+01
    1.5620000E+00    3.8940004E+01    2.0646344E+01
    1.5660000E+00    3.8999507E+01    2.0647081E+01
    1.5700000E+00    3.9059087E+01    2.0647807E+01
    1.5740000E+00    3.9118743E+01    2.0648523E+01
    1.5780000E+00    3.9178475E+01    2.0649230E+01
    1.5820000E+00    3.9238284E+01    2.0649927E+01
    1.5860000E+00    3.9298170E+01    2.0650615E+01
    1.5900000E+00    3.9358132E+01    2.0651293E+01
    1.5940000E+00    3.9418170E+01    2.0651962E+01
    1.5980000E+00    3.9478285E+01    2.0652623E+01
    1.6020000E+00    3.9538476E+01    2.0653274E+01
    1.6060000E+00    3.9598743E+01    2.0653917E+01
    1.6100000E+00    3.9659086E+01    2.0654551E+01
    1.6140000E+00    3.9719506E+01    2.0655176E+01
    1.6180000E+00    3.9780001E+01    2.0655793E+01
    1.6220000E+00    3.9840573E+01    2.0656402E+01
    1.6260000E+00    3.9901221E+01    2.0657003E+01
    1.6300000E+00    3.9961945E+01    2.0657596E+01
    1.6340000E+00    4.0022745E+01    2.0658181E+01
    1.6380000E+00    4.0083621E+01    2.0658759E+01
    1.6420000E+00    4.0144572E+01    2.0659329E+01
    1.6460000E+00    4.0205600E+01    2.0659891E+01
    1.6500000E+00    4.0266703E+01    2.0660446E+01
    1.6540000E+00    4.0327882E+01    2.0660994E+01
    1.6580000E+00    4.0389136E+01    2.0661534E+01
    1.6620000E+00    4.0450467E+01    2.0662068E+01
    1.6660000E+00    4.0511872E+01    2.0662595E+01
    1.6700000E+00    4.0573353E+01    2.0663115E+01
    1.6740000E+00    4.0634910E+01    2.0663628E+01
    1.6780000E+00    4.0696542E+01    2.0664134E+01
    1.6820000E+00    4.0758249E+01    2.0664634E+01
    1.6860000E+00    4.0820031E+01    2.0665128E+01
    1.6900000E+00    4.0881888E+01    2.0665615E+01
    1.6940000E+00    4.0943821E+01    2.0666096E+01
    1.6980000E+00    4.1005828E+01    2.0666572E+01
    1.7020000E+00    4.1067910E+01    2.0667041E+01
    1.7060000E+00    4.1130067E+01    2.0667504E+01
    1.7100000E+00    4.1192299E+01    2.0667961E+01
    1.7140000E+00    4.1254606E+01    2.0668413E+01
    1.7180000E+00    4.1316987E+01    2.0668858E+01
    1.7220000E+00    4.1379442E+01    2.0669299E+01
    1.7260000E+00    4.1441972E+01    2.0669734E+01
    1.7300000E+00    4.1504576E+01    2.0670163E+01
    1.7340000E+00    4.1567255E+01    2.0670587E+01
    1.7380000E+00    4.1630007E+01    2.0671006E+01
    1.7420000E+00    4.1692834E+01    2.0671420E+01
    1.7460000E+00    4.1755734E+01    2.0671829E+01
    1.7500000E+00    4.1818708E+01    2.0672233E+01
    1.7540000E+00    4.1881756E+01    2.0672632E+01
    1.7580000E+00    4.1944878E+01    2.0673026E+01
    1.7620000E+00    4.2008073E+01    2.0673415E+01
    1.7660000E+00    4.2071342E+01    2.0673800E+01
    1.7700000E+00    4.2134684E+01    2.0674180E+01
    1.7740000E+00    4.2198099E+01    2.0674555E+01
    1.7780000E+00    4.2261587E+01    2.0674926E+01
    1.7820000E+00    4.2325148E+01    2.0675293E+01
    1.7860000E+00    4.2388782E+01    2.0675655E+01
    1.7900000E+00    4.2452488E+01    2.0676013E+01
    1.7940000E+00    4.2516268E+01    2.0676367E+01
    1.7980000E+00    4.2580119E+01    2.0676717E+01
    1.8020000E+00    4.2644044E+01    2.0677062E+01
    1.8060000E+00    4.2708040E+01    2.0677404E+01
    1.8100000E+00    4.2772108E+01    2.0677742E+01
    1.8140000E+00    4.2836249E+01    2.0678076E+01
    1.8180000E+00    4.2900461E+01    2.0678406E+01
    1.8220000E+00    4.2964745E+01    2.0678732E+01
    1.8260000E+00    4.3029100E+01    2.0679054E+01
    1.8300000E+00    4.3093527E+01    2.0679373E+01
    1.8340000E+00    4.3158025E+01    2.0679689E+01
    1.8380000E+00    4.3222595E+01    2.0680001E+01
    1.8420000E+00    4.3287235E+01    2.0680309E+01
    1.8460000E+00    4.3351946E+01    2.0680614E+01
    1.8500000E+00    4.3416728E+01    2.0680915E+01
    1.8540000E+00    4.3481580E+01    2.0681214E+01
    1.8580000E+00    4.3546503E+01    2.0681509E+01
    1.8620000E+00    4.3611496E+01    2.0681801E+01
    1.8660000E+00    4.3676559E+01    2.0682089E+01
    1.8700000E+00    4.3741692E+01    2.0682375E+01
    1.8740000E+00    4.3806894E+01    2.0682657E+01
    1.8780000E+00    4.3872166E+01    2.0682937E+01
    1.8820000E+00    4.3937508E+01    2.0683213E+01
    1.8860000E+00    4.4002918E+01    2.0683487E+01
    1.8900000E+00    4.4068398E+01    2.0683757E+01
    1.8940000E+00    4.4133947E+01    2.0684025E+01
    1.8980000E+00    4.4199564E+01    2.0684290E+01
    1.9020000E+00    4.4265250E+01    2.0684552E+01
    1.9060000E+00    4.4331004E+01    2.0684812E+01
    1.9100000E+00    4.4396826E+01    2.0685069E+01
    1.9140000E+00    4.4462716E+01    2.0685323E+01
    1.9180000E+00    4.4528674E+01    2.0685575E+01
    1.9220000E+00    4.4594699E+01    2.0685824E+01
    1.9260000E+00    4.4660792E+01    2.0686071E+01
    1.9300000E+00    4.4726952E+01    2.0686315E+01
    1.9340000E+00    4.4793179E+01    2.0686557E+01
    1.9380000E+00    4.4859472E+01    2.0686796E+01
    1.9420000E+00    4.4925832E+01    2.0687033E+01
    1.9460000E+00    4.4992259E+01    2.0687268E+01
    1.9500000E+00    4.5058751E+01    2.0687501E+01
    1.9540000E+00    4.5125310E+01    2.0687731E+01
    1.9580000E+00    4.5191934E+01    2.0687959E+01
    1.9620000E+00    4.5258623E+01    2.0688185E+01
    1.9660000E+00    4.5325378E+01    2.0688408E+01
    1.9700000E+00    4.5392198E+01    2.0688630E+01
    1.9740000E+00    4.5459082E+01    2.0688850E+01
    1.9780000E+00    4.5526031E+01    2.0689067E+01
    1.9820000E+00    4.5593045E+01    2.0689282E+01
    1.9860000E+00    4.5660122E+01    2.0689496E+01
    1.9900000E+00    4.5727263E+01    2.0689707E+01
    1.9940000E+00    4.5794468E+01    2.0689917E+01
    1.9980000E+00    4.5861736E+01    2.0690125E+01
    2.0020000E+00    4.5929068E+01    2.0690331E+01
    2.0060000E+00    4.5996462E+01    2.0690535E+01
    2.0100000E+00    4.6063918E+01    2.0690737E+01
    2.0140000E+00    4.6131437E+01    2.0690937E+01
    2.0180000E+00    4.6199018E+01    2.0691136E+01
    2.0220000E+00    4.6266661E+01    2.0691333E+01
    2.0260000E+00    4.6334366E+01    2.0691528E+01
    2.0300000E+00    4.6402131E+01    2.0691721E+01
    2.0340000E+00    4.6469958E+01    2.0691913E+01
    2.0380000E+00    4.6537845E+01    2.0692104E+01
    2.0420000E+00    4.6605793E+01    2.0692292E+01
    2.0460000E+00    4.6673801E+01    2.0692479E+01
    2.0500000E+00    4.6741869E+01    2.0692665E+01
    2.0540000E+00    4.6809996E+01    2.0692849E+01
    2.0580000E+00    4.6878183E+01    2.0693031E+01
    2.0620000E+00    4.6946428E+01    2.0693212E+01
    2.0660000E+00    4.7014733E+01    2.0693392E+01
    2.0700000E+00    4.7083095E+01    2.0693570E+01
    2.0740000E+00    4.7151516E+01    2.0693747E+01
    2.0780000E+00    4.7219995E+01    2.0693922E+01
    2.0820000E+00    4.7288531E+01    2.0694096E+01
    2.0860000E+00    4.7357124E+01    2.0694268E+01
    2.0900000E+00    4.7425775E+01    2.0694439E+01
    2.0940000E+00    4.7494481E+01    2.0694609E+01
    2.0980000E+00    4.7563244E+01    2.0694778E+01
    2.1020000E+00    4.7632063E+01    2.0694945E+01
    2.1060000E+00    4.7700938E+01    2.0695111E+01
    2.1100000E+00    4.7769867E+01    2.0695276E+01
    2.1140000E+00    4.7838852E+01    2.0695439E+01
    2.1180000E+00    4.7907891E+01    2.0695602E+01
    2.1220000E+00    4.7976984E+01    2.0695763E+01
    2.1260000E+00    4.8046132E+01    2.0695923E+01
    2.1300000E+00    4.8115332E+01    2.0696082E+01
    2.1340000E+00    4.8184586E+01    2.0696239E+01
    2.1380000E+00    4.8253893E+01    2.0696396E+01
    2.1420000E+00    4.8323252E+01    2.0696551E+01
    2.1460000E+00    4.8392664E+01    2.0696705E+01
    2.1500000E+00    4.8462127E+01    2.0696859E+01
    2.1540000E+00    4.8531641E+01    2.0697011E+01
    2.1580000E+00    4.8601207E+01    2.0697162E+01
    2.1620000E+00    4.8670823E+01    2.0697312E+01
    2.1660000E+00    4.8740489E+01    2.0697461E+01
    2.1700000E+00    4.8810205E+01    2.0697609E+01
    2.1740000E+00    4.8879971E+01    2.0697756E+01
    2.1780000E+00    4.8949786E+01    2.0697902E+01
    2.1820000E+00    4.9019649E+01    2.0698047E+01
    2.1860000E+00    4.9089561E+01    2.0698192E+01
    2.1900000E+00    4.9159521E+01    2.0698335E+01
    2.1940000E+00    4.9229528E+01    2.0698477E+01
    2.1980000E+00    4.9299582E+01    2.0698618E+01
    2.2020000E+00    4.9369683E+01    2.0698759E+01
    2.2060000E+00    4.9439831E+01    2.0698898E+01
    2.2100000E+00    4.9510024E+01    2.0699037E+01
    2.2140000E+00    4.9580262E+01    2.0699175E+01
    2.2180000E+00    4.9650546E+01    2.0699312E+01
    2.2220000E+00    4.9720874E+01    2.0699448E+01
    2.2260000E+00    4.9791246E+01    2.0699583E+01
    2.2300000E+00    4.9861662E+01    2.0699718E+01
    2.2340000E+00    4.9932122E+01    2.0699852E+01
    2.2380000E+00    5.0002624E+01    2.0699985E+01
    2.2420000E+00    5.0073168E+01    2.0700117E+01
    2.2460000E+00    5.0143755E+01    2.0700248E+01
    2.2500000E+00    5.0214383E+01    2.0700378E+01
    2.2540000E+00    5.0285052E+01    2.0700508E+01
    2.2580000E+00    5.0355761E+01    2.0700637E+01
    2.2620000E+00    5.0426511E+01    2.0700766E+01
    2.2660000E+00    5.0497300E+01    2.0700893E+01
    2.2700000E+00    5.0568129E+01    2.0701020E+01
    2.2740000E+00    5.0638996E+01    2.0701146E+01
    2.2780000E+00    5.0709901E+01    2.0701271E+01
    2.2820000E+00    5.0780844E+01    2.0701396E+01
    2.2860000E+00    5.0851824E+01    2.0701520E+01
    2.2900000E+00    5.0922841E+01    2.0701644E+01
    2.2940000E+00    5.0993894E+01    2.0701766E+01
    2.2980000E+00    5.1064983E+01    2.0701888E+01
    2.3020000E+00    5.1136107E+01    2.0702010E+01
    2.3060000E+00    5.1207266E+01    2.0702130E+01
    2.3100000E+00    5.1278459E+01    2.0702250E+01
    2.3140000E+00    5.1349686E+01    2.0702370E+01
    2.3180000E+00    5.1420946E+01    2.0702489E+01
    2.3220000E+00    5.1492239E+01    2.0702607E+01
    2.3260000E+00    5.1563563E+01    2.0702724E+01
    2.3300000E+00    5.1634920E+01    2.0702841E+01
    2.3340000E+00    5.1706307E+01    2.0702958E+01
    2.3380000E+00    5.1777725E+01    2.0703074E+01
    2.3420000E+00    5.1849173E+01    2.0703189E+01
    2.3460000E+00    5.1920650E+01    2.0703303E+01
    2.3500000E+00    5.1992156E+01    2.0703417E+01
    2.3540000E+00    5.2063690E+01    2.0703531E+01
    2.3580000E+00    5.2135252E+01    2.0703644E+01
    2.3620000E+00    5.2206842E+01    2.0703756E+01
    2.3660000E+00    5.2278458E+01    2.0703868E+01
    2.3700000E+00    5.2350099E+01    2.0703979E+01
    2.3740000E+00    5.2421767E+01    2.0704090E+01
    2.3780000E+00    5.2493459E+01    2.0704200E+01
    2.3820000E+00    5.2565176E+01    2.0704310E+01
    2.3860000E+00    5.2636916E+01    2.0704419E+01
    2.3900000E+00    5.2708679E+01    2.0704528E+01
    2.3940000E+00    5.2780465E+01    2.0704636E+01
    2.3980000E+00    5.2852273E+01    2.0704744E+01
    2.4020000E+00    5.2924102E+01    2.0704851E+01
    2.4060000E+00    5.2995952E+01    2.0704958E+01
    2.4100000E+00    5.3067822E+01    2.0705064E+01
    2.4140000E+00    5.3139711E+01    2.0705170E+01
    2.4180000E+00    5.3211619E+01    2.0705275E+01
    2.4220000E+00    5.3283545E+01    2.0705380E+01
    2.4260000E+00    5.3355489E+01    2.0705484E+01
    2.4300000E+00    5.3427450E+01    2.0705588E+01
    2.4340000E+00    5.3499427E+01    2.0705691E+01
    2.4380000E+00    5.3571420E+01    2.0705794E+01
    2.4420000E+00    5.3643427E+01    2.0705896E+01
    2.4460000E+00    5.3715449E+01    2.0705998E+01
    2.4500000E+00    5.3787485E+01    2.0706100E+01
    2.4540000E+00    5.3859534E+01    2.0706201E+01
    2.4580000E+00    5.3931595E+01    2.0706302E+01
    2.4620000E+00    5.4003668E+01    2.0706402E+01
    2.4660000E+00    5.4075751E+01    2.0706502E+01
    2.4700000E+00    5.4147845E+01    2.0706601E+01
    2.4740000E+00    5.4219949E+01    2.0706700E+01
    2.4780000E+00    5.4292062E+01    2.0706799E+01
    2.4820000E+00    5.4364183E+01    2.0706897E+01
    2.4860000E+00    5.4436311E+01    2.0706995E+01
    2.4900000E+00    5.4508446E+01    2.0707092E+01
    2.4940000E+00    5.4580588E+01    2.0707189E+01
    2.4980000E+00    5.4652735E+01    2.0707285E+01
    2.5020000E+00    5.4724886E+01    2.0707381E+01
    2.5060000E+00    5.4797042E+01    2.0707477E+01
    2.5100000E+00    5.4869201E+01    2.0707572E+01
    2.5140000E+00    5.4941362E+01    2.0707667E+01
    2.5180000E+00    5.5013525E+01    2.0707762E+01
    2.5220000E+00    5.5085689E+01    2.0707856E+01
    2.5260000E+00    5.5157854E+01    2.0707950E+01
    2.5300000E+00    5.5230018E+01    2.0708043E+01
    2.5340000E+00    5.5302181E+01    2.0708136E+01
    2.5380000E+00    5.5374342E+01    2.0708229E+01
    2.5420000E+00    5.5446501E+01    2.0708321E+01
    2.5460000E+00    5.5518656E+01    2.0708413E+01
    2.5500000E+00    5.5590806E+01    2.0708505E+01
    2.5540000E+00    5.5662952E+01    2.0708596E+01
    2.5580000E+00    5.5735092E+01    2.0708687E+01
    2.5620000E+00    5.5807225E+01    2.0708777E+01
    2.5660000E+00    5.5879351E+01    2.0708868E+01
    2.5700000E+00    5.5951469E+01    2.0708957E+01
    2.5740000E+00    5.6023578E+01    2.0709047E+01
    2.5780000E+00    5.6095677E+01    2.0709136E+01
    2.5820000E+00    5.6167766E+01    2.0709225E+01
    2.5860000E+00    5.6239843E+01    2.0709313E+01
    2.5900000E+00    5.6311908E+01    2.0709401E+01
    2.5940000E+00    5.6383961E+01    2.0709489E+01
    2.5980000E+00    5.6455999E+01    2.0709576E+01
    2.6020000E+00    5.6528023E+01    2.0709663E+01
    2.6060000E+00    5.6600031E+01    2.0709750E+01
    2.6100000E+00    5.6672023E+01    2.0709836E+01
    2.6140000E+00    5.6743997E+01    2.0709922E+01
    2.6180000E+00    5.6815954E+01    2.0710008E+01
    2.6220000E+00    5.6887892E+01    2.0710093E+01
    2.6260000E+00    5.6959810E+01    2.0710179E+01
    2.6300000E+00    5.7031708E+01    2.0710263E+01
    2.6340000E+00    5.7103584E+01    2.0710348E+01
    2.6380000E+00    5.7175438E+01    2.0710432E+01
    2.6420000E+00    5.7247269E+01    2.0710516E+01
    2.6460000E+00    5.7319076E+01    2.0710599E+01
    2.6500000E+00    5.7390857E+01    2.0710682E+01
    2.6540000E+00    5.7462613E+01    2.0710765E+01
    2.6580000E+00    5.7534343E+01    2.0710848E+01
    2.6620000E+00    5.7606044E+01    2.0710930E+01
    2.6660000E+00    5.7677717E+01    2.0711012E+01
    2.6700000E+00    5.7749361E+01    2.0711093E+01
    2.6740000E+00    5.7820974E+01    2.0711175E+01
    2.6780000E+00    5.7892557E+01    2.0711256E+01
    2.6820000E+00    5.7964107E+01    2.0711336E+01
    2.6860000E+00    5.8035624E+01    2.0711417E+01
    2.6900000E+00    5.8107107E+01    2.0711497E+01
    2.6940000E+00    5.8178555E+01    2.0711577E+01
    2.6980000E+00    5.8249967E+01    2.0711656E+01
    2.7020000E+00    5.8321342E+01    2.0711735E+01
    2.7060000E+00    5.8392680E+01    2.0711814E+01
    2.7100000E+00    5.8463978E+01    2.0711893E+01
    2.7140000E+00    5.8535238E+01    2.0711971E+01
    2.7180000E+00    5.8606456E+01    2.0712049E+01
    2.7220000E+00    5.8677633E+01    2.0712127E+01
    2.7260000E+00    5.8748768E+01    2.0712204E+01
    2.7300000E+00    5.8819859E+01    2.0712281E+01
    2.7340000E+00    5.8890905E+01    2.0712358E+01
    2.7380000E+00    5.8961906E+01    2.0712435E+01
    2.7420000E+00    5.9032861E+01    2.0712511E+01
    2.7460000E+00    5.9103768E+01    2.0712587E+01
    2.7500000E+00    5.9174627E+01    2.0712663E+01
    2.7540000E+00    5.9245436E+01    2.0712738E+01
    2.7580000E+00    5.9316195E+01    2.0712814E+01
    2.7620000E+00    5.9386902E+01    2.0712888E+01
    2.7660000E+00    5.9457557E+01    2.0712963E+01
    2.7700000E+00    5.9528158E+01    2.0713037E+01
    2.7740000E+00    5.9598705E+01    2.0713111E+01
    2.7780000E+00    5.9669197E+01    2.0713185E+01
    2.7820000E+00    5.9739632E+01    2.0713259E+01
    2.7860000E+00    5.9810009E+01    2.0713332E+01
    2.7900000E+00    5.9880328E+01    2.0713405E+01
    2.7940000E+00    5.9950587E+01    2.0713477E+01
    2.7980000E+00    6.0020785E+01    2.0713550E+01
    2.8020000E+00    6.0090922E+01    2.0713622E+01
    2.8060000E+00    6.0160996E+01    2.0713694E+01
    2.8100000E+00    6.0231006E+01    2.0713765E+01
    2.8140000E+00    6.0300951E+01    2.0713837E+01
    2.8180000E+00    6.0370831E+01    2.0713908E+01
    2.8220000E+00    6.0440643E+01    2.0713978E+01
    2.8260000E+00    6.0510387E+01    2.0714049E+01
    2.8300000E+00    6.0580062E+01    2.0714119E+01
    2.8340000E+00    6.0649667E+01    2.0714189E+01
    2.8380000E+00    6.0719200E+01    2.0714259E+01
    2.8420000E+00    6.0788661E+01    2.0714328E+01
    2.8460000E+00    6.0858048E+01    2.0714397E+01
    2.8500000E+00    6.0927361E+01    2.0714466E+01
    2.8540000E+00    6.0996598E+01    2.0714535E+01
    2.8580000E+00    6.1065759E+01    2.0714603E+01
    2.8620000E+00    6.1134841E+01    2.0714671E+01
    2.8660000E+00    6.1203844E+01    2.0714739E+01
    2.8700000E+00    6.1272767E+01    2.0714807E+01
    2.8740000E+00    6.1341609E+01    2.0714874E+01
    2.8780000E+00    6.1410369E+01    2.0714941E+01
    2.8820000E+00    6.1479045E+01    2.0715008E+01
    2.8860000E+00    6.1547636E+01    2.0715074E+01
    2.8900000E+00    6.1616142E+01    2.0715141E+01
    2.8940000E+00    6.1684561E+01    2.0715207E+01
    2.8980000E+00    6.1752891E+01    2.0715272E+01
    2.9020000E+00    6.1821133E+01    2.0715338E+01
    2.9060000E+00    6.1889284E+01    2.0715403E+01
    2.9100000E+00    6.1957344E+01    2.0715468E+01
    2.9140000E+00    6.2025311E+01    2.0715533E+01
    2.9180000E+00    6.2093184E+01    2.0715597E+01
    2.9220000E+00    6.2160962E+01    2.0715661E+01
    2.9260000E+00    6.2228644E+01    2.0715725E+01
    2.9300000E+00    6.2296229E+01    2.0715789E+01
    2.9340000E+00    6.2363715E+01    2.0715852E+01
    2.9380000E+00    6.2431102E+01    2.0715916E+01
    2.9420000E+00    6.2498388E+01    2.0715979E+01
    2.9460000E+00    6.2565571E+01    2.0716041E+01
    2.9500000E+00    6.2632652E+01    2.0716104E+01
    2.9540000E+00    6.2699628E+01    2.0716166E+01
    2.9580000E+00    6.2766499E+01    2.0716228E+01
    2.9620000E+00    6.2833263E+01    2.0716289E+01
    2.9660000E+00    6.2899919E+01    2.0716351E+01
    2.9700000E+00    6.2966466E+01    2.0716412E+01
    2.9740000E+00    6.3032903E+01    2.0716473E+01
    2.9780000E+00    6.3099228E+01    2.0716533E+01
    2.9820000E+00    6.3165440E+01    2.0716594E+01
    2.9860000E+00    6.3231538E+01    2.0716654E+01
    2.9900000E+00    6.3297521E+01    2.0716714E+01
    2.9940000E+00    6.3363388E+01    2.0716774E+01
    2.9980000E+00    6.3429137E+01    2.0716833E+01
    3.0020000E+00    6.3494767E+01    2.0716892E+01
    3.0060000E+00    6.3560277E+01    2.0716951E+01
    3.0100000E+00    6.3625666E+01    2.0717010E+01
    3.0140000E+00    6.3690932E+01    2.0717068E+01
    3.0180000E+00    6.3756074E+01    2.0717126E+01
    3.0220000E+00    6.3821092E+01    2.0717184E+01
    3.0260000E+00    6.3885983E+01    2.0717242E+01
    3.0300000E+00    6.3950747E+01    2.0717299E+01
    3.0340000E+00    6.4015382E+01    2.0717356E+01
    3.0380000E+00    6.4079887E+01    2.0717413E+01
    3.0420000E+00    6.4144261E+01    2.0717470E+01
    3.0460000E+00    6.4208502E+01    2.0717526E+01
    3.0500000E+00    6.4272610E+01    2.0717583E+01
    3.0540000E+00    6.4336583E+01    2.0717638E+01
    3.0580000E+00    6.4400419E+01    2.0717694E+01
    3.0620000E+00    6.4464118E+01    2.0717750E+01
    3.0660000E+00    6.4527678E+01    2.0717805E+01
    3.0700000E+00    6.4591099E+01    2.0717860E+01
    3.0740000E+00    6.4654378E+01    2.0717914E+01
    3.0780000E+00    6.4717514E+01    2.0717969E+01
    3.0820000E+00    6.4780507E+01    2.0718023E+01
    3.0860000E+00    6.4843354E+01    2.0718077E+01
    3.0900000E+00    6.4906056E+01    2.0718131E+01
    3.0940000E+00    6.4968609E+01    2.0718184E+01
    3.0980000E+00    6.5031014E+01    2.0718238E+01
    3.1020000E+00    6.5093269E+01    2.0718291E+01
    3.1060000E+00    6.5155372E+01    2.0718343E+01
    3.1100000E+00    6.5217322E+01    2.0718396E+01
    3.1140000E+00    6.5279119E+01    2.0718448E+01
    3.1180000E+00    6.5340760E+01    2.0718500E+01
    3.1220000E+00    6.5402245E+01    2.0718552E+01
    3.1260000E+00    6.5463571E+01    2.0718603E+01
    3.1300000E+00    6.5524739E+01    2.0718655E+01
    3.1340000E+00    6.5585746E+01    2.0718706E+01
    3.1380000E+00    6.5646592E+01    2.0718757E+01
    3.1420000E+00    6.5707274E+01    2.0718807E+01
    3.1460000E+00    6.5767792E+01    2.0718857E+01
    3.1500000E+00    6.5828145E+01    2.0718907E+01
    3.1540000E+00    6.5888331E+01    2.0718957E+01
    3.1580000E+00    6.5948348E+01    2.0719007E+01
    3.1620000E+00    6.6008196E+01    2.0719056E+01
    3.1660000E+00    6.6067874E+01    2.0719105E+01
    3.1700000E+00    6.6127379E+01    2.0719154E+01
    3.1740000E+00    6.6186711E+01    2.0719203E+01
    3.1780000E+00    6.6245868E+01    2.0719251E+01
    3.1820000E+00    6.6304850E+01    2.0719299E+01
    3.1860000E+00    6.6363654E+01    2.0719347E+01
    3.1900000E+00    6.6422279E+01    2.0719395E+01
    3.1940000E+00    6.6480725E+01    2.0719442E+01
    3.1980000E+00    6.6538990E+01    2.0719490E+01
    3.2020000E+00    6.6597072E+01    2.0719537E+01
    3.2060000E+00    6.6654971E+01    2.0719583E+01
    3.2100000E+00    6.6712684E+01    2.0719630E+01
    3.2140000E+00    6.6770211E+01    2.0719676E+01
    3.2180000E+00    6.6827551E+01    2.0719722E+01
    3.2220000E+00    6.6884702E+01    2.0719768E+01
    3.2260000E+00    6.6941662E+01    2.0719813E+01
    3.2300000E+00    6.6998431E+01    2.0719858E+01
    3.2340000E+00    6.7055007E+01    2.0719903E+01
    3.2380000E+00    6.7111389E+01    2.0719948E+01
    3.2420000E+00    6.7167576E+01    2.0719993E+01
    3.2460000E+00    6.7223566E+01    2.0720037E+01
    3.2500000E+00    6.7279358E+01    2.0720081E+01
    3.2540000E+00    6.7334951E+01    2.0720125E+01
    3.2580000E+00    6.7390343E+01    2.0720169E+01
    3.2620000E+00    6.7445533E+01    2.0720212E+01
    3.2660000E+00    6.7500520E+01    2.0720255E+01
    3.2700000E+00    6.7555303E+01    2.0720298E+01
    3.2740000E+00    6.7609880E+01    2.0720341E+01
    3.2780000E+00    6.7664250E+01    2.0720383E+01
    3.2820000E+00    6.7718411E+01    2.0720425E+01
    3.2860000E+00    6.7772363E+01    2.0720467E+01
    3.2900000E+00    6.7826104E+01    2.0720509E+01
    3.2940000E+00    6.7879633E+01    2.0720550E+01
    3.2980000E+00    6.7932948E+01    2.0720591E+01
    3.3020000E+00    6.7986049E+01    2.0720632E+01
    3.3060000E+00    6.8038934E+01    2.0720673E+01
    3.3100000E+00    6.8091601E+01    2.0720714E+01
    3.3140000E+00    6.8144050E+01    2.0720754E+01
    3.3180000E+00    6.8196279E+01    2.0720794E+01
    3.3220000E+00    6.8248287E+01    2.0720834E+01
    3.3260000E+00    6.8300072E+01    2.0720873E+01
    3.3300000E+00    6.8351634E+01    2.0720913E+01
    3.3340000E+00    6.8402970E+01    2.0720952E+01
    3.3380000E+00    6.8454081E+01    2.0720991E+01
    3.3420000E+00    6.8504964E+01    2.0721029E+01
    3.3460000E+00    6.8555619E+01    2.0721067E+01
    3.3500000E+00    6.8606043E+01    2.0721106E+01
    3.3540000E+00    6.8656236E+01    2.0721143E+01
    3.3580000E+00    6.8706197E+01    2.0721181E+01
    3.3620000E+00    6.8755924E+01    2.0721219E+01
    3.3660000E+00    6.8805416E+01    2.0721256E+01
    3.3700000E+00    6.8854671E+01    2.0721293E+01
    3.3740000E+00    6.8903690E+01    2.0721329E+01
    3.3780000E+00    6.8952469E+01    2.0721366E+01
    3.3820000E+00    6.9001009E+01    2.0721402E+01
    3.3860000E+00    6.9049307E+01    2.0721438E+01
    3.3900000E+00    6.9097363E+01    2.0721474E+01
    3.3940000E+00    6.9145175E+01    2.0721509E+01
    3.3980000E+00    6.9192743E+01    2.0721545E+01
    3.4020000E+00    6.9240064E+01    2.0721580E+01
    3.4060000E+00    6.9287138E+01    2.0721615E+01
    3.4100000E+00    6.9333964E+01    2.0721649E+01
    3.4140000E+00    6.9380539E+01    2.0721683E+01
    3.4180000E+00    6.9426864E+01    2.0721718E+01
    3.4220000E+00    6.9472937E+01    2.0721751E+01
    3.4260000E+00    6.9518756E+01    2.0721785E+01
    3.4300000E+00    6.9564321E+01    2.0721818E+01
    3.4340000E+00    6.9609630E+01    2.0721852E+01
    3.4380000E+00    6.9654682E+01    2.0721885E+01
    3.4420000E+00    6.9699476E+01    2.0721917E+01
    3.4460000E+00    6.9744010E+01    2.0721950E+01
    3.4500000E+00    6.9788284E+01    2.0721982E+01
    3.4540000E+00    6.9832297E+01    2.0722014E+01
    3.4580000E+00    6.9876046E+01    2.0722046E+01
    3.4620000E+00    6.9919532E+01    2.0722077E+01
    3.4660000E+00    6.9962753E+01    2.0722108E+01
    3.4700000E+00    7.0005707E+01    2.0722139E+01
    3.4740000E+00    7.0048394E+01    2.0722170E+01
    3.4780000E+00    7.0090812E+01    2.0722201E+01
    3.4820000E+00    7.0132960E+01    2.0722231E+01
    3.4860000E+00    7.0174838E+01    2.0722261E+01
    3.4900000E+00    7.0216443E+01    2.0722291E+01
    3.4940000E+00    7.0257776E+01    2.0722321E+01
    3.4980000E+00    7.0298834E+01    2.0722350E+01
    3.5020000E+00    7.0339617E+01    2.0722379E+01
    3.5060000E+00    7.0380123E+01    2.0722408E+01
    3.5100000E+00    7.0420352E+01    2.0722437E+01
    3.5140000E+00    7.0460302E+01    2.0722465E+01
    3.5180000E+00    7.0499972E+01    2.0722494E+01
    3.5220000E+00    7.0539362E+01    2.0722522E+01
    3.5260000E+00    7.0578469E+01    2.0722549E+01
    3.5300000E+00    7.0617294E+01    2.0722577E+01
    3.5340000E+00    7.0655834E+01    2.0722604E+01
    3.5380000E+00    7.0694090E+01    2.0722631E+01
    3.5420000E+00    7.0732059E+01    2.0722658E+01
    3.5460000E+00    7.0769740E+01    2.0722685E+01
    3.5500000E+00    7.0807134E+01    2.0722711E+01
    3.5540000E+00    7.0844238E+01    2.0722737E+01
    3.5580000E+00    7.0881051E+01    2.0722763E+01
    3.5620000E+00    7.0917573E+01    2.0722789E+01
    3.5660000E+00    7.0953803E+01    2.0722814E+01
    3.5700000E+00    7.0989739E+01    2.0722839E+01
    3.5740000E+00    7.1025381E+01    2.0722864E+01
    3.5780000E+00    7.1060727E+01    2.0722889E+01
    3.5820000E+00    7.1095777E+01    2.0722913E+01
    3.5860000E+00    7.1130529E+01    2.0722938E+01
    3.5900000E+00    7.1164983E+01    2.0722962E+01
    3.5940000E+00    7.1199138E+01    2.0722985E+01
    3.5980000E+00    7.1232992E+01    2.0723009E+01
    3.6020000E+00    7.1266544E+01    2.0723032E+01
    3.6060000E+00    7.1299794E+01    2.0723055E+01
    3.6100000E+00    7.1332741E+01    2.0723078E+01
    3.6140000E+00    7.1365384E+01    2.0723101E+01
    3.6180000E+00    7.1397721E+01    2.0723123E+01
    3.6220000E+00    7.1429753E+01    2.0723145E+01
    3.6260000E+00    7.1461477E+01    2.0723167E+01
    3.6300000E+00    7.1492894E+01    2.0723189E+01
    3.6340000E+00    7.1524001E+01    2.0723210E+01
    3.6380000E+00    7.1554799E+01    2.0723231E+01
    3.6420000E+00    7.1585287E+01    2.0723252E+01
    3.6460000E+00    7.1615462E+01    2.0723273E+01
    3.6500000E+00    7.1645326E+01    2.0723294E+01
    3.6540000E+00    7.1674876E+01    2.0723314E+01
    3.6580000E+00    7.1704112E+01    2.0723334E+01
    3.6620000E+00    7.1733033E+01    2.0723354E+01
    3.6660000E+00    7.1761638E+01    2.0723373E+01
    3.6700000E+00    7.1789927E+01    2.0723393E+01
    3.6740000E+00    7.1817898E+01    2.0723412E+01
    3.6780000E+00    7.1845551E+01    2.0723431E+01
    3.6820000E+00    7.1872885E+01    2.0723449E+01
    3.6860000E+00    7.1899899E+01    2.0723468E+01
    3.6900000E+00    7.1926592E+01    2.0723486E+01
    3.6940000E+00    7.1952963E+01    2.0723504E+01
    3.6980000E+00    7.1979013E+01    2.0723521E+01
    3.7020000E+00    7.2004739E+01    2.0723539E+01
    3.7060000E+00    7.2030142E+01    2.0723556E+01
    3.7100000E+00    7.2055220E+01    2.0723573E+01
    3.7140000E+00    7.2079973E+01    2.0723590E+01
    3.7180000E+00    7.2104399E+01    2.0723606E+01
    3.7220000E+00    7.2128499E+01    2.0723623E+01
    3.7260000E+00    7.2152272E+01    2.0723639E+01
    3.7300000E+00    7.2175716E+01    2.0723654E+01
    3.7340000E+00    7.2198832E+01    2.0723670E+01
    3.7380000E+00    7.2221617E+01    2.0723685E+01
    3.7420000E+00    7.2244073E+01    2.0723701E+01
    3.7460000E+00    7.2266198E+01    2.0723715E+01
    3.7500000E+00    7.2287991E+01    2.0723730E+01
    3.7540000E+00    7.2309452E+01    2.0723745E+01
    3.7580000E+00    7.2330580E+01    2.0723759E+01
    3.7620000E+00    7.2351374E+01    2.0723773E+01
    3.7660000E+00    7.2371835E+01    2.0723786E+01
    3.7700000E+00    7.2391960E+01    2.0723800E+01
    3.7740000E+00    7.2411751E+01    2.0723813E+01
    3.7780000E+00    7.2431205E+01    2.0723826E+01
    3.7820000E+00    7.2450323E+01    2.0723839E+01
    3.7860000E+00    7.2469104E+01    2.0723852E+01
    3.7900000E+00    7.2487547E+01    2.0723864E+01
    3.7940000E+00    7.2505651E+01    2.0723876E+01
    3.7980000E+00    7.2523417E+01    2.0723888E+01
    3.8020000E+00    7.2540844E+01    2.0723900E+01
    3.8060000E+00    7.2557931E+01    2.0723911E+01
    3.8100000E+00    7.2574677E+01    2.0723922E+01
    3.8140000E+00    7.2591082E+01    2.0723933E+01
    3.8180000E+00    7.2607146E+01    2.0723944E+01
    3.8220000E+00    7.2622869E+01    2.0723954E+01
    3.8260000E+00    7.2638248E+01    2.0723964E+01
    3.8300000E+00    7.2653285E+01    2.0723974E+01
    3.8340000E+00    7.2667979E+01    2.0723984E+01
    3.8380000E+00    7.2682329E+01    2.0723994E+01
    3.8420000E+00    7.2696335E+01    2.0724003E+01
    3.8460000E+00    7.2709996E+01    2.0724012E+01
    3.8500000E+00    7.2723313E+01    2.0724021E+01
    3.8540000E+00    7.2736283E+01    2.0724030E+01
    3.8580000E+00    7.2748908E+01    2.0724038E+01
    3.8620000E+00    7.2761187E+01    2.0724046E+01
    3.8660000E+00    7.2773119E+01    2.0724054E+01
    3.8700000E+00    7.2784704E+01    2.0724062E+01
    3.8740000E+00    7.2795942E+01    2.0724069E+01
    3.8780000E+00    7.2806833E+01    2.0724076E+01
    3.8820000E+00    7.2817375E+01    2.0724083E+01
    3.8860000E+00    7.2827569E+01    2.0724090E+01
    3.8900000E+00    7.2837414E+01    2.0724097E+01
    3.8940000E+00    7.2846911E+01    2.0724103E+01
    3.8980000E+00    7.2856058E+01    2.0724109E+01
    3.9020000E+00    7.2864855E+01    2.0724115E+01
    3.9060000E+00    7.2873303E+01    2.0724120E+01
    3.9100000E+00    7.2881401E+01    2.0724126E+01
    3.9140000E+00    7.2889149E+01    2.0724131E+01
    3.9180000E+00    7.2896546E+01    2.0724136E+01
    3.9220000E+00    7.2903592E+01    2.0724140E+01
    3.9260000E+00    7.2910287E+01    2.0724145E+01
    3.9300000E+00    7.2916632E+01    2.0724149E+01
    3.9340000E+00    7.2922624E+01    2.0724153E+01
    3.9380000E+00    7.2928266E+01    2.0724157E+01
    3.9420000E+00    7.2933555E+01    2.0724160E+01
    3.9460000E+00    7.2938493E+01    2.0724163E+01
    3.9500000E+00    7.2943078E+01    2.0724166E+01
    3.9540000E+00    7.2947312E+01    2.0724169E+01
    3.9580000E+00    7.2951193E+01    2.0724172E+01
    3.9620000E+00    7.2954721E+01    2.0724174E+01
    3.9660000E+00    7.2957897E+01    2.0724176E+01
    3.9700000E+00    7.2960721E+01    2.0724178E+01
    3.9740000E+00    7.2963192E+01    2.0724180E+01
    3.9780000E+00    7.2965309E+01    2.0724181E+01
    3.9820000E+00    7.2967074E+01    2.0724182E+01
    3.9860000E+00    7.2968486E+01    2.0724183E+01
    3.9900000E+00    7.2969546E+01    2.0724184E+01
    3.9940000E+00    7.2970252E+01    2.0724184E+01
    3.9980000E+00    7.2970605E+01    2.0724184E+01
