# Time          7.5000E+02
# Units: Bars
    Distance        CO2(g)          
    2.0000000E-03    1.1011590E-01
    6.0000000E-03    1.1542816E-01
    1.0000000E-02    1.2072696E-01
    1.4000000E-02    1.2601233E-01
    1.8000000E-02    1.3128431E-01
    2.2000000E-02    1.3654294E-01
    2.6000000E-02    1.4178824E-01
    3.0000000E-02    1.4702027E-01
    3.4000000E-02    1.5223904E-01
    3.8000000E-02    1.5744460E-01
    4.2000000E-02    1.6263698E-01
    4.6000000E-02    1.6781621E-01
    5.0000000E-02    1.7298234E-01
    5.4000000E-02    1.7813539E-01
    5.8000000E-02    1.8327541E-01
    6.2000000E-02    1.8840242E-01
    6.6000000E-02    1.9351646E-01
    7.0000000E-02    1.9861756E-01
    7.4000000E-02    2.0370577E-01
    7.8000000E-02    2.0878110E-01
    8.2000000E-02    2.1384361E-01
    8.6000000E-02    2.1889331E-01
    9.0000000E-02    2.2393025E-01
    9.4000000E-02    2.2895445E-01
    9.8000000E-02    2.3396596E-01
    1.0200000E-01    2.3896481E-01
    1.0600000E-01    2.4395102E-01
    1.1000000E-01    2.4892464E-01
    1.1400000E-01    2.5388569E-01
    1.1800000E-01    2.5883421E-01
    1.2200000E-01    2.6377024E-01
    1.2600000E-01    2.6869380E-01
    1.3000000E-01    2.7360493E-01
    1.3400000E-01    2.7850365E-01
    1.3800000E-01    2.8339002E-01
    1.4200000E-01    2.8826405E-01
    1.4600000E-01    2.9312578E-01
    1.5000000E-01    2.9797523E-01
    1.5400000E-01    3.0281246E-01
    1.5800000E-01    3.0763748E-01
    1.6200000E-01    3.1245033E-01
    1.6600000E-01    3.1725103E-01
    1.7000000E-01    3.2203963E-01
    1.7400000E-01    3.2681616E-01
    1.7800000E-01    3.3158064E-01
    1.8200000E-01    3.3633310E-01
    1.8600000E-01    3.4107359E-01
    1.9000000E-01    3.4580213E-01
    1.9400000E-01    3.5051875E-01
    1.9800000E-01    3.5522348E-01
    2.0200000E-01    3.5991635E-01
    2.0600000E-01    3.6459741E-01
    2.1000000E-01    3.6926666E-01
    2.1400000E-01    3.7392416E-01
    2.1800000E-01    3.7856993E-01
    2.2200000E-01    3.8320399E-01
    2.2600000E-01    3.8782638E-01
    2.3000000E-01    3.9243714E-01
    2.3400000E-01    3.9703628E-01
    2.3800000E-01    4.0162385E-01
    2.4200000E-01    4.0619987E-01
    2.4600000E-01    4.1076437E-01
    2.5000000E-01    4.1531738E-01
    2.5400000E-01    4.1985894E-01
    2.5800000E-01    4.2438906E-01
    2.6200000E-01    4.2890779E-01
    2.6600000E-01    4.3341515E-01
    2.7000000E-01    4.3791118E-01
    2.7400000E-01    4.4239589E-01
    2.7800000E-01    4.4686932E-01
    2.8200000E-01    4.5133151E-01
    2.8600000E-01    4.5578247E-01
    2.9000000E-01    4.6022224E-01
    2.9400000E-01    4.6465085E-01
    2.9800000E-01    4.6906833E-01
    3.0200000E-01    4.7347470E-01
    3.0600000E-01    4.7787000E-01
    3.1000000E-01    4.8225425E-01
    3.1400000E-01    4.8662749E-01
    3.1800000E-01    4.9098973E-01
    3.2200000E-01    4.9534102E-01
    3.2600000E-01    4.9968137E-01
    3.3000000E-01    5.0401082E-01
    3.3400000E-01    5.0832939E-01
    3.3800000E-01    5.1263712E-01
    3.4200000E-01    5.1693403E-01
    3.4600000E-01    5.2122015E-01
    3.5000000E-01    5.2549551E-01
    3.5400000E-01    5.2976013E-01
    3.5800000E-01    5.3401404E-01
    3.6200000E-01    5.3825728E-01
    3.6600000E-01    5.4248987E-01
    3.7000000E-01    5.4671183E-01
    3.7400000E-01    5.5092319E-01
    3.7800000E-01    5.5512399E-01
    3.8200000E-01    5.5931425E-01
    3.8600000E-01    5.6349399E-01
    3.9000000E-01    5.6766324E-01
    3.9400000E-01    5.7182204E-01
    3.9800000E-01    5.7597040E-01
    4.0200000E-01    5.8010836E-01
    4.0600000E-01    5.8423593E-01
    4.1000000E-01    5.8835316E-01
    4.1400000E-01    5.9246006E-01
    4.1800000E-01    5.9655666E-01
    4.2200000E-01    6.0064299E-01
    4.2600000E-01    6.0471907E-01
    4.3000000E-01    6.0878494E-01
    4.3400000E-01    6.1284061E-01
    4.3800000E-01    6.1688611E-01
    4.4200000E-01    6.2092148E-01
    4.4600000E-01    6.2494673E-01
    4.5000000E-01    6.2896189E-01
    4.5400000E-01    6.3296699E-01
    4.5800000E-01    6.3696205E-01
    4.6200000E-01    6.4094710E-01
    4.6600000E-01    6.4492217E-01
    4.7000000E-01    6.4888727E-01
    4.7400000E-01    6.5284245E-01
    4.7800000E-01    6.5678771E-01
    4.8200000E-01    6.6072309E-01
    4.8600000E-01    6.6464862E-01
    4.9000000E-01    6.6856431E-01
    4.9400000E-01    6.7247019E-01
    4.9800000E-01    6.7636630E-01
    5.0200000E-01    6.8025264E-01
    5.0600000E-01    6.8412926E-01
    5.1000000E-01    6.8799616E-01
    5.1400000E-01    6.9185339E-01
    5.1800000E-01    6.9570095E-01
    5.2200000E-01    6.9953889E-01
    5.2600000E-01    7.0336721E-01
    5.3000000E-01    7.0718595E-01
    5.3400000E-01    7.1099514E-01
    5.3800000E-01    7.1479478E-01
    5.4200000E-01    7.1858492E-01
    5.4600000E-01    7.2236557E-01
    5.5000000E-01    7.2613676E-01
    5.5400000E-01    7.2989851E-01
    5.5800000E-01    7.3365085E-01
    5.6200000E-01    7.3739379E-01
    5.6600000E-01    7.4112737E-01
    5.7000000E-01    7.4485161E-01
    5.7400000E-01    7.4856653E-01
    5.7800000E-01    7.5227215E-01
    5.8200000E-01    7.5596851E-01
    5.8600000E-01    7.5965561E-01
    5.9000000E-01    7.6333349E-01
    5.9400000E-01    7.6700217E-01
    5.9800000E-01    7.7066168E-01
    6.0200000E-01    7.7431202E-01
    6.0600000E-01    7.7795324E-01
    6.1000000E-01    7.8158535E-01
    6.1400000E-01    7.8520837E-01
    6.1800000E-01    7.8882233E-01
    6.2200000E-01    7.9242726E-01
    6.2600000E-01    7.9602316E-01
    6.3000000E-01    7.9961008E-01
    6.3400000E-01    8.0318802E-01
    6.3800000E-01    8.0675701E-01
    6.4200000E-01    8.1031708E-01
    6.4600000E-01    8.1386825E-01
    6.5000000E-01    8.1741053E-01
    6.5400000E-01    8.2094396E-01
    6.5800000E-01    8.2446855E-01
    6.6200000E-01    8.2798433E-01
    6.6600000E-01    8.3149132E-01
    6.7000000E-01    8.3498954E-01
    6.7400000E-01    8.3847901E-01
    6.7800000E-01    8.4195975E-01
    6.8200000E-01    8.4543179E-01
    6.8600000E-01    8.4889516E-01
    6.9000000E-01    8.5234986E-01
    6.9400000E-01    8.5579592E-01
    6.9800000E-01    8.5923337E-01
    7.0200000E-01    8.6266222E-01
    7.0600000E-01    8.6608250E-01
    7.1000000E-01    8.6949423E-01
    7.1400000E-01    8.7289743E-01
    7.1800000E-01    8.7629211E-01
    7.2200000E-01    8.7967832E-01
    7.2600000E-01    8.8305605E-01
    7.3000000E-01    8.8642534E-01
    7.3400000E-01    8.8978621E-01
    7.3800000E-01    8.9313867E-01
    7.4200000E-01    8.9648275E-01
    7.4600000E-01    8.9981847E-01
    7.5000000E-01    9.0314585E-01
    7.5400000E-01    9.0646491E-01
    7.5800000E-01    9.0977568E-01
    7.6200000E-01    9.1307816E-01
    7.6600000E-01    9.1637239E-01
    7.7000000E-01    9.1965838E-01
    7.7400000E-01    9.2293615E-01
    7.7800000E-01    9.2620572E-01
    7.8200000E-01    9.2946713E-01
    7.8600000E-01    9.3272037E-01
    7.9000000E-01    9.3596548E-01
    7.9400000E-01    9.3920248E-01
    7.9800000E-01    9.4243138E-01
    8.0200000E-01    9.4565221E-01
    8.0600000E-01    9.4886498E-01
    8.1000000E-01    9.5206971E-01
    8.1400000E-01    9.5526644E-01
    8.1800000E-01    9.5845516E-01
    8.2200000E-01    9.6163591E-01
    8.2600000E-01    9.6480871E-01
    8.3000000E-01    9.6797357E-01
    8.3400000E-01    9.7113051E-01
    8.3800000E-01    9.7427956E-01
    8.4200000E-01    9.7742073E-01
    8.4600000E-01    9.8055404E-01
    8.5000000E-01    9.8367951E-01
    8.5400000E-01    9.8679716E-01
    8.5800000E-01    9.8990702E-01
    8.6200000E-01    9.9300909E-01
    8.6600000E-01    9.9610340E-01
    8.7000000E-01    9.9918997E-01
    8.7400000E-01    1.0022688E+00
    8.7800000E-01    1.0053399E+00
    8.8200000E-01    1.0084034E+00
    8.8600000E-01    1.0114592E+00
    8.9000000E-01    1.0145073E+00
    8.9400000E-01    1.0175478E+00
    8.9800000E-01    1.0205807E+00
    9.0200000E-01    1.0236060E+00
    9.0600000E-01    1.0266238E+00
    9.1000000E-01    1.0296339E+00
    9.1400000E-01    1.0326366E+00
    9.1800000E-01    1.0356317E+00
    9.2200000E-01    1.0386193E+00
    9.2600000E-01    1.0415995E+00
    9.3000000E-01    1.0445721E+00
    9.3400000E-01    1.0475374E+00
    9.3800000E-01    1.0504952E+00
    9.4200000E-01    1.0534456E+00
    9.4600000E-01    1.0563886E+00
    9.5000000E-01    1.0593242E+00
    9.5400000E-01    1.0622525E+00
    9.5800000E-01    1.0651734E+00
    9.6200000E-01    1.0680871E+00
    9.6600000E-01    1.0709934E+00
    9.7000000E-01    1.0738924E+00
    9.7400000E-01    1.0767842E+00
    9.7800000E-01    1.0796687E+00
    9.8200000E-01    1.0825460E+00
    9.8600000E-01    1.0854161E+00
    9.9000000E-01    1.0882789E+00
    9.9400000E-01    1.0911346E+00
    9.9800000E-01    1.0939832E+00
    1.0020000E+00    1.0968246E+00
    1.0060000E+00    1.0996588E+00
    1.0100000E+00    1.1024860E+00
    1.0140000E+00    1.1053061E+00
    1.0180000E+00    1.1081190E+00
    1.0220000E+00    1.1109250E+00
    1.0260000E+00    1.1137239E+00
    1.0300000E+00    1.1165157E+00
    1.0340000E+00    1.1193006E+00
    1.0380000E+00    1.1220784E+00
    1.0420000E+00    1.1248493E+00
    1.0460000E+00    1.1276133E+00
    1.0500000E+00    1.1303703E+00
    1.0540000E+00    1.1331203E+00
    1.0580000E+00    1.1358635E+00
    1.0620000E+00    1.1385998E+00
    1.0660000E+00    1.1413291E+00
    1.0700000E+00    1.1440517E+00
    1.0740000E+00    1.1467674E+00
    1.0780000E+00    1.1494762E+00
    1.0820000E+00    1.1521783E+00
    1.0860000E+00    1.1548736E+00
    1.0900000E+00    1.1575621E+00
    1.0940000E+00    1.1602438E+00
    1.0980000E+00    1.1629188E+00
    1.1020000E+00    1.1655870E+00
    1.1060000E+00    1.1682486E+00
    1.1100000E+00    1.1709034E+00
    1.1140000E+00    1.1735516E+00
    1.1180000E+00    1.1761931E+00
    1.1220000E+00    1.1788279E+00
    1.1260000E+00    1.1814561E+00
    1.1300000E+00    1.1840777E+00
    1.1340000E+00    1.1866927E+00
    1.1380000E+00    1.1893011E+00
    1.1420000E+00    1.1919030E+00
    1.1460000E+00    1.1944983E+00
    1.1500000E+00    1.1970870E+00
    1.1540000E+00    1.1996692E+00
    1.1580000E+00    1.2022449E+00
    1.1620000E+00    1.2048142E+00
    1.1660000E+00    1.2073769E+00
    1.1700000E+00    1.2099332E+00
    1.1740000E+00    1.2124830E+00
    1.1780000E+00    1.2150264E+00
    1.1820000E+00    1.2175634E+00
    1.1860000E+00    1.2200939E+00
    1.1900000E+00    1.2226181E+00
    1.1940000E+00    1.2251359E+00
    1.1980000E+00    1.2276474E+00
    1.2020000E+00    1.2301525E+00
    1.2060000E+00    1.2326513E+00
    1.2100000E+00    1.2351437E+00
    1.2140000E+00    1.2376299E+00
    1.2180000E+00    1.2401098E+00
    1.2220000E+00    1.2425834E+00
    1.2260000E+00    1.2450508E+00
    1.2300000E+00    1.2475119E+00
    1.2340000E+00    1.2499668E+00
    1.2380000E+00    1.2524155E+00
    1.2420000E+00    1.2548580E+00
    1.2460000E+00    1.2572943E+00
    1.2500000E+00    1.2597244E+00
    1.2540000E+00    1.2621484E+00
    1.2580000E+00    1.2645662E+00
    1.2620000E+00    1.2669779E+00
    1.2660000E+00    1.2693835E+00
    1.2700000E+00    1.2717830E+00
    1.2740000E+00    1.2741765E+00
    1.2780000E+00    1.2765638E+00
    1.2820000E+00    1.2789451E+00
    1.2860000E+00    1.2813204E+00
    1.2900000E+00    1.2836896E+00
    1.2940000E+00    1.2860528E+00
    1.2980000E+00    1.2884100E+00
    1.3020000E+00    1.2907613E+00
    1.3060000E+00    1.2931065E+00
    1.3100000E+00    1.2954458E+00
    1.3140000E+00    1.2977792E+00
    1.3180000E+00    1.3001066E+00
    1.3220000E+00    1.3024281E+00
    1.3260000E+00    1.3047437E+00
    1.3300000E+00    1.3070534E+00
    1.3340000E+00    1.3093573E+00
    1.3380000E+00    1.3116553E+00
    1.3420000E+00    1.3139474E+00
    1.3460000E+00    1.3162337E+00
    1.3500000E+00    1.3185141E+00
    1.3540000E+00    1.3207888E+00
    1.3580000E+00    1.3230576E+00
    1.3620000E+00    1.3253207E+00
    1.3660000E+00    1.3275780E+00
    1.3700000E+00    1.3298295E+00
    1.3740000E+00    1.3320753E+00
    1.3780000E+00    1.3343154E+00
    1.3820000E+00    1.3365497E+00
    1.3860000E+00    1.3387784E+00
    1.3900000E+00    1.3410013E+00
    1.3940000E+00    1.3432186E+00
    1.3980000E+00    1.3454302E+00
    1.4020000E+00    1.3476361E+00
    1.4060000E+00    1.3498365E+00
    1.4100000E+00    1.3520311E+00
    1.4140000E+00    1.3542202E+00
    1.4180000E+00    1.3564036E+00
    1.4220000E+00    1.3585815E+00
    1.4260000E+00    1.3607538E+00
    1.4300000E+00    1.3629205E+00
    1.4340000E+00    1.3650817E+00
    1.4380000E+00    1.3672373E+00
    1.4420000E+00    1.3693874E+00
    1.4460000E+00    1.3715320E+00
    1.4500000E+00    1.3736710E+00
    1.4540000E+00    1.3758046E+00
    1.4580000E+00    1.3779327E+00
    1.4620000E+00    1.3800553E+00
    1.4660000E+00    1.3821725E+00
    1.4700000E+00    1.3842842E+00
    1.4740000E+00    1.3863905E+00
    1.4780000E+00    1.3884914E+00
    1.4820000E+00    1.3905869E+00
    1.4860000E+00    1.3926770E+00
    1.4900000E+00    1.3947617E+00
    1.4940000E+00    1.3968410E+00
    1.4980000E+00    1.3989150E+00
    1.5020000E+00    1.4009836E+00
    1.5060000E+00    1.4030469E+00
    1.5100000E+00    1.4051048E+00
    1.5140000E+00    1.4071575E+00
    1.5180000E+00    1.4092048E+00
    1.5220000E+00    1.4112468E+00
    1.5260000E+00    1.4132836E+00
    1.5300000E+00    1.4153151E+00
    1.5340000E+00    1.4173414E+00
    1.5380000E+00    1.4193624E+00
    1.5420000E+00    1.4213782E+00
    1.5460000E+00    1.4233887E+00
    1.5500000E+00    1.4253941E+00
    1.5540000E+00    1.4273942E+00
    1.5580000E+00    1.4293892E+00
    1.5620000E+00    1.4313790E+00
    1.5660000E+00    1.4333636E+00
    1.5700000E+00    1.4353431E+00
    1.5740000E+00    1.4373174E+00
    1.5780000E+00    1.4392866E+00
    1.5820000E+00    1.4412507E+00
    1.5860000E+00    1.4432097E+00
    1.5900000E+00    1.4451636E+00
    1.5940000E+00    1.4471124E+00
    1.5980000E+00    1.4490561E+00
    1.6020000E+00    1.4509948E+00
    1.6060000E+00    1.4529284E+00
    1.6100000E+00    1.4548569E+00
    1.6140000E+00    1.4567805E+00
    1.6180000E+00    1.4586990E+00
    1.6220000E+00    1.4606125E+00
    1.6260000E+00    1.4625210E+00
    1.6300000E+00    1.4644245E+00
    1.6340000E+00    1.4663230E+00
    1.6380000E+00    1.4682166E+00
    1.6420000E+00    1.4701052E+00
    1.6460000E+00    1.4719889E+00
    1.6500000E+00    1.4738676E+00
    1.6540000E+00    1.4757414E+00
    1.6580000E+00    1.4776103E+00
    1.6620000E+00    1.4794743E+00
    1.6660000E+00    1.4813334E+00
    1.6700000E+00    1.4831876E+00
    1.6740000E+00    1.4850369E+00
    1.6780000E+00    1.4868814E+00
    1.6820000E+00    1.4887210E+00
    1.6860000E+00    1.4905558E+00
    1.6900000E+00    1.4923857E+00
    1.6940000E+00    1.4942109E+00
    1.6980000E+00    1.4960312E+00
    1.7020000E+00    1.4978467E+00
    1.7060000E+00    1.4996574E+00
    1.7100000E+00    1.5014634E+00
    1.7140000E+00    1.5032645E+00
    1.7180000E+00    1.5050609E+00
    1.7220000E+00    1.5068526E+00
    1.7260000E+00    1.5086395E+00
    1.7300000E+00    1.5104217E+00
    1.7340000E+00    1.5121992E+00
    1.7380000E+00    1.5139719E+00
    1.7420000E+00    1.5157400E+00
    1.7460000E+00    1.5175033E+00
    1.7500000E+00    1.5192620E+00
    1.7540000E+00    1.5210160E+00
    1.7580000E+00    1.5227654E+00
    1.7620000E+00    1.5245100E+00
    1.7660000E+00    1.5262501E+00
    1.7700000E+00    1.5279855E+00
    1.7740000E+00    1.5297163E+00
    1.7780000E+00    1.5314425E+00
    1.7820000E+00    1.5331640E+00
    1.7860000E+00    1.5348810E+00
    1.7900000E+00    1.5365934E+00
    1.7940000E+00    1.5383012E+00
    1.7980000E+00    1.5400044E+00
    1.8020000E+00    1.5417031E+00
    1.8060000E+00    1.5433972E+00
    1.8100000E+00    1.5450868E+00
    1.8140000E+00    1.5467719E+00
    1.8180000E+00    1.5484524E+00
    1.8220000E+00    1.5501284E+00
    1.8260000E+00    1.5517999E+00
    1.8300000E+00    1.5534670E+00
    1.8340000E+00    1.5551295E+00
    1.8380000E+00    1.5567876E+00
    1.8420000E+00    1.5584412E+00
    1.8460000E+00    1.5600903E+00
    1.8500000E+00    1.5617350E+00
    1.8540000E+00    1.5633753E+00
    1.8580000E+00    1.5650111E+00
    1.8620000E+00    1.5666425E+00
    1.8660000E+00    1.5682695E+00
    1.8700000E+00    1.5698921E+00
    1.8740000E+00    1.5715103E+00
    1.8780000E+00    1.5731241E+00
    1.8820000E+00    1.5747335E+00
    1.8860000E+00    1.5763385E+00
    1.8900000E+00    1.5779392E+00
    1.8940000E+00    1.5795356E+00
    1.8980000E+00    1.5811276E+00
    1.9020000E+00    1.5827152E+00
    1.9060000E+00    1.5842986E+00
    1.9100000E+00    1.5858776E+00
    1.9140000E+00    1.5874523E+00
    1.9180000E+00    1.5890227E+00
    1.9220000E+00    1.5905888E+00
    1.9260000E+00    1.5921507E+00
    1.9300000E+00    1.5937082E+00
    1.9340000E+00    1.5952615E+00
    1.9380000E+00    1.5968106E+00
    1.9420000E+00    1.5983554E+00
    1.9460000E+00    1.5998959E+00
    1.9500000E+00    1.6014322E+00
    1.9540000E+00    1.6029643E+00
    1.9580000E+00    1.6044922E+00
    1.9620000E+00    1.6060158E+00
    1.9660000E+00    1.6075353E+00
    1.9700000E+00    1.6090506E+00
    1.9740000E+00    1.6105617E+00
    1.9780000E+00    1.6120686E+00
    1.9820000E+00    1.6135713E+00
    1.9860000E+00    1.6150699E+00
    1.9900000E+00    1.6165643E+00
    1.9940000E+00    1.6180546E+00
    1.9980000E+00    1.6195408E+00
    2.0020000E+00    1.6210228E+00
    2.0060000E+00    1.6225007E+00
    2.0100000E+00    1.6239745E+00
    2.0140000E+00    1.6254442E+00
    2.0180000E+00    1.6269098E+00
    2.0220000E+00    1.6283713E+00
    2.0260000E+00    1.6298287E+00
    2.0300000E+00    1.6312821E+00
    2.0340000E+00    1.6327314E+00
    2.0380000E+00    1.6341766E+00
    2.0420000E+00    1.6356178E+00
    2.0460000E+00    1.6370549E+00
    2.0500000E+00    1.6384880E+00
    2.0540000E+00    1.6399171E+00
    2.0580000E+00    1.6413422E+00
    2.0620000E+00    1.6427632E+00
    2.0660000E+00    1.6441803E+00
    2.0700000E+00    1.6455933E+00
    2.0740000E+00    1.6470024E+00
    2.0780000E+00    1.6484074E+00
    2.0820000E+00    1.6498085E+00
    2.0860000E+00    1.6512057E+00
    2.0900000E+00    1.6525989E+00
    2.0940000E+00    1.6539881E+00
    2.0980000E+00    1.6553734E+00
    2.1020000E+00    1.6567547E+00
    2.1060000E+00    1.6581321E+00
    2.1100000E+00    1.6595056E+00
    2.1140000E+00    1.6608752E+00
    2.1180000E+00    1.6622408E+00
    2.1220000E+00    1.6636026E+00
    2.1260000E+00    1.6649605E+00
    2.1300000E+00    1.6663145E+00
    2.1340000E+00    1.6676646E+00
    2.1380000E+00    1.6690108E+00
    2.1420000E+00    1.6703532E+00
    2.1460000E+00    1.6716917E+00
    2.1500000E+00    1.6730263E+00
    2.1540000E+00    1.6743571E+00
    2.1580000E+00    1.6756841E+00
    2.1620000E+00    1.6770073E+00
    2.1660000E+00    1.6783266E+00
    2.1700000E+00    1.6796421E+00
    2.1740000E+00    1.6809538E+00
    2.1780000E+00    1.6822617E+00
    2.1820000E+00    1.6835658E+00
    2.1860000E+00    1.6848661E+00
    2.1900000E+00    1.6861626E+00
    2.1940000E+00    1.6874554E+00
    2.1980000E+00    1.6887443E+00
    2.2020000E+00    1.6900296E+00
    2.2060000E+00    1.6913110E+00
    2.2100000E+00    1.6925887E+00
    2.2140000E+00    1.6938627E+00
    2.2180000E+00    1.6951330E+00
    2.2220000E+00    1.6963995E+00
    2.2260000E+00    1.6976623E+00
    2.2300000E+00    1.6989213E+00
    2.2340000E+00    1.7001767E+00
    2.2380000E+00    1.7014284E+00
    2.2420000E+00    1.7026763E+00
    2.2460000E+00    1.7039206E+00
    2.2500000E+00    1.7051612E+00
    2.2540000E+00    1.7063981E+00
    2.2580000E+00    1.7076313E+00
    2.2620000E+00    1.7088609E+00
    2.2660000E+00    1.7100868E+00
    2.2700000E+00    1.7113091E+00
    2.2740000E+00    1.7125277E+00
    2.2780000E+00    1.7137427E+00
    2.2820000E+00    1.7149541E+00
    2.2860000E+00    1.7161618E+00
    2.2900000E+00    1.7173659E+00
    2.2940000E+00    1.7185664E+00
    2.2980000E+00    1.7197633E+00
    2.3020000E+00    1.7209566E+00
    2.3060000E+00    1.7221463E+00
    2.3100000E+00    1.7233324E+00
    2.3140000E+00    1.7245149E+00
    2.3180000E+00    1.7256939E+00
    2.3220000E+00    1.7268692E+00
    2.3260000E+00    1.7280411E+00
    2.3300000E+00    1.7292093E+00
    2.3340000E+00    1.7303740E+00
    2.3380000E+00    1.7315352E+00
    2.3420000E+00    1.7326928E+00
    2.3460000E+00    1.7338468E+00
    2.3500000E+00    1.7349974E+00
    2.3540000E+00    1.7361444E+00
    2.3580000E+00    1.7372879E+00
    2.3620000E+00    1.7384279E+00
    2.3660000E+00    1.7395644E+00
    2.3700000E+00    1.7406974E+00
    2.3740000E+00    1.7418269E+00
    2.3780000E+00    1.7429529E+00
    2.3820000E+00    1.7440754E+00
    2.3860000E+00    1.7451945E+00
    2.3900000E+00    1.7463101E+00
    2.3940000E+00    1.7474222E+00
    2.3980000E+00    1.7485308E+00
    2.4020000E+00    1.7496361E+00
    2.4060000E+00    1.7507378E+00
    2.4100000E+00    1.7518361E+00
    2.4140000E+00    1.7529310E+00
    2.4180000E+00    1.7540224E+00
    2.4220000E+00    1.7551105E+00
    2.4260000E+00    1.7561951E+00
    2.4300000E+00    1.7572762E+00
    2.4340000E+00    1.7583540E+00
    2.4380000E+00    1.7594284E+00
    2.4420000E+00    1.7604994E+00
    2.4460000E+00    1.7615669E+00
    2.4500000E+00    1.7626311E+00
    2.4540000E+00    1.7636919E+00
    2.4580000E+00    1.7647494E+00
    2.4620000E+00    1.7658034E+00
    2.4660000E+00    1.7668541E+00
    2.4700000E+00    1.7679015E+00
    2.4740000E+00    1.7689455E+00
    2.4780000E+00    1.7699861E+00
    2.4820000E+00    1.7710234E+00
    2.4860000E+00    1.7720573E+00
    2.4900000E+00    1.7730879E+00
    2.4940000E+00    1.7741152E+00
    2.4980000E+00    1.7751392E+00
    2.5020000E+00    1.7761598E+00
    2.5060000E+00    1.7771771E+00
    2.5100000E+00    1.7781911E+00
    2.5140000E+00    1.7792019E+00
    2.5180000E+00    1.7802093E+00
    2.5220000E+00    1.7812134E+00
    2.5260000E+00    1.7822142E+00
    2.5300000E+00    1.7832118E+00
    2.5340000E+00    1.7842060E+00
    2.5380000E+00    1.7851970E+00
    2.5420000E+00    1.7861848E+00
    2.5460000E+00    1.7871692E+00
    2.5500000E+00    1.7881504E+00
    2.5540000E+00    1.7891284E+00
    2.5580000E+00    1.7901031E+00
    2.5620000E+00    1.7910746E+00
    2.5660000E+00    1.7920428E+00
    2.5700000E+00    1.7930078E+00
    2.5740000E+00    1.7939695E+00
    2.5780000E+00    1.7949281E+00
    2.5820000E+00    1.7958834E+00
    2.5860000E+00    1.7968355E+00
    2.5900000E+00    1.7977844E+00
    2.5940000E+00    1.7987301E+00
    2.5980000E+00    1.7996726E+00
    2.6020000E+00    1.8006118E+00
    2.6060000E+00    1.8015479E+00
    2.6100000E+00    1.8024809E+00
    2.6140000E+00    1.8034106E+00
    2.6180000E+00    1.8043371E+00
    2.6220000E+00    1.8052605E+00
    2.6260000E+00    1.8061807E+00
    2.6300000E+00    1.8070978E+00
    2.6340000E+00    1.8080117E+00
    2.6380000E+00    1.8089224E+00
    2.6420000E+00    1.8098300E+00
    2.6460000E+00    1.8107344E+00
    2.6500000E+00    1.8116357E+00
    2.6540000E+00    1.8125339E+00
    2.6580000E+00    1.8134289E+00
    2.6620000E+00    1.8143208E+00
    2.6660000E+00    1.8152096E+00
    2.6700000E+00    1.8160953E+00
    2.6740000E+00    1.8169778E+00
    2.6780000E+00    1.8178572E+00
    2.6820000E+00    1.8187336E+00
    2.6860000E+00    1.8196068E+00
    2.6900000E+00    1.8204769E+00
    2.6940000E+00    1.8213440E+00
    2.6980000E+00    1.8222079E+00
    2.7020000E+00    1.8230688E+00
    2.7060000E+00    1.8239266E+00
    2.7100000E+00    1.8247813E+00
    2.7140000E+00    1.8256329E+00
    2.7180000E+00    1.8264815E+00
    2.7220000E+00    1.8273270E+00
    2.7260000E+00    1.8281694E+00
    2.7300000E+00    1.8290088E+00
    2.7340000E+00    1.8298452E+00
    2.7380000E+00    1.8306785E+00
    2.7420000E+00    1.8315087E+00
    2.7460000E+00    1.8323360E+00
    2.7500000E+00    1.8331601E+00
    2.7540000E+00    1.8339813E+00
    2.7580000E+00    1.8347994E+00
    2.7620000E+00    1.8356145E+00
    2.7660000E+00    1.8364266E+00
    2.7700000E+00    1.8372357E+00
    2.7740000E+00    1.8380417E+00
    2.7780000E+00    1.8388448E+00
    2.7820000E+00    1.8396448E+00
    2.7860000E+00    1.8404419E+00
    2.7900000E+00    1.8412360E+00
    2.7940000E+00    1.8420270E+00
    2.7980000E+00    1.8428151E+00
    2.8020000E+00    1.8436002E+00
    2.8060000E+00    1.8443823E+00
    2.8100000E+00    1.8451615E+00
    2.8140000E+00    1.8459376E+00
    2.8180000E+00    1.8467108E+00
    2.8220000E+00    1.8474811E+00
    2.8260000E+00    1.8482484E+00
    2.8300000E+00    1.8490127E+00
    2.8340000E+00    1.8497740E+00
    2.8380000E+00    1.8505325E+00
    2.8420000E+00    1.8512879E+00
    2.8460000E+00    1.8520405E+00
    2.8500000E+00    1.8527901E+00
    2.8540000E+00    1.8535367E+00
    2.8580000E+00    1.8542805E+00
    2.8620000E+00    1.8550213E+00
    2.8660000E+00    1.8557591E+00
    2.8700000E+00    1.8564941E+00
    2.8740000E+00    1.8572261E+00
    2.8780000E+00    1.8579553E+00
    2.8820000E+00    1.8586815E+00
    2.8860000E+00    1.8594048E+00
    2.8900000E+00    1.8601252E+00
    2.8940000E+00    1.8608427E+00
    2.8980000E+00    1.8615573E+00
    2.9020000E+00    1.8622691E+00
    2.9060000E+00    1.8629779E+00
    2.9100000E+00    1.8636839E+00
    2.9140000E+00    1.8643869E+00
    2.9180000E+00    1.8650871E+00
    2.9220000E+00    1.8657844E+00
    2.9260000E+00    1.8664789E+00
    2.9300000E+00    1.8671705E+00
    2.9340000E+00    1.8678592E+00
    2.9380000E+00    1.8685450E+00
    2.9420000E+00    1.8692280E+00
    2.9460000E+00    1.8699082E+00
    2.9500000E+00    1.8705854E+00
    2.9540000E+00    1.8712599E+00
    2.9580000E+00    1.8719315E+00
    2.9620000E+00    1.8726002E+00
    2.9660000E+00    1.8732661E+00
    2.9700000E+00    1.8739292E+00
    2.9740000E+00    1.8745895E+00
    2.9780000E+00    1.8752469E+00
    2.9820000E+00    1.8759015E+00
    2.9860000E+00    1.8765532E+00
    2.9900000E+00    1.8772022E+00
    2.9940000E+00    1.8778483E+00
    2.9980000E+00    1.8784916E+00
    3.0020000E+00    1.8791321E+00
    3.0060000E+00    1.8797698E+00
    3.0100000E+00    1.8804047E+00
    3.0140000E+00    1.8810368E+00
    3.0180000E+00    1.8816661E+00
    3.0220000E+00    1.8822926E+00
    3.0260000E+00    1.8829163E+00
    3.0300000E+00    1.8835372E+00
    3.0340000E+00    1.8841554E+00
    3.0380000E+00    1.8847707E+00
    3.0420000E+00    1.8853833E+00
    3.0460000E+00    1.8859931E+00
    3.0500000E+00    1.8866001E+00
    3.0540000E+00    1.8872043E+00
    3.0580000E+00    1.8878058E+00
    3.0620000E+00    1.8884045E+00
    3.0660000E+00    1.8890005E+00
    3.0700000E+00    1.8895937E+00
    3.0740000E+00    1.8901841E+00
    3.0780000E+00    1.8907718E+00
    3.0820000E+00    1.8913567E+00
    3.0860000E+00    1.8919389E+00
    3.0900000E+00    1.8925183E+00
    3.0940000E+00    1.8930950E+00
    3.0980000E+00    1.8936689E+00
    3.1020000E+00    1.8942401E+00
    3.1060000E+00    1.8948086E+00
    3.1100000E+00    1.8953744E+00
    3.1140000E+00    1.8959374E+00
    3.1180000E+00    1.8964977E+00
    3.1220000E+00    1.8970552E+00
    3.1260000E+00    1.8976100E+00
    3.1300000E+00    1.8981622E+00
    3.1340000E+00    1.8987116E+00
    3.1380000E+00    1.8992583E+00
    3.1420000E+00    1.8998022E+00
    3.1460000E+00    1.9003435E+00
    3.1500000E+00    1.9008821E+00
    3.1540000E+00    1.9014179E+00
    3.1580000E+00    1.9019511E+00
    3.1620000E+00    1.9024815E+00
    3.1660000E+00    1.9030093E+00
    3.1700000E+00    1.9035344E+00
    3.1740000E+00    1.9040567E+00
    3.1780000E+00    1.9045764E+00
    3.1820000E+00    1.9050934E+00
    3.1860000E+00    1.9056077E+00
    3.1900000E+00    1.9061194E+00
    3.1940000E+00    1.9066283E+00
    3.1980000E+00    1.9071346E+00
    3.2020000E+00    1.9076382E+00
    3.2060000E+00    1.9081392E+00
    3.2100000E+00    1.9086374E+00
    3.2140000E+00    1.9091330E+00
    3.2180000E+00    1.9096260E+00
    3.2220000E+00    1.9101162E+00
    3.2260000E+00    1.9106039E+00
    3.2300000E+00    1.9110888E+00
    3.2340000E+00    1.9115711E+00
    3.2380000E+00    1.9120508E+00
    3.2420000E+00    1.9125277E+00
    3.2460000E+00    1.9130021E+00
    3.2500000E+00    1.9134738E+00
    3.2540000E+00    1.9139429E+00
    3.2580000E+00    1.9144093E+00
    3.2620000E+00    1.9148730E+00
    3.2660000E+00    1.9153342E+00
    3.2700000E+00    1.9157927E+00
    3.2740000E+00    1.9162485E+00
    3.2780000E+00    1.9167018E+00
    3.2820000E+00    1.9171524E+00
    3.2860000E+00    1.9176004E+00
    3.2900000E+00    1.9180457E+00
    3.2940000E+00    1.9184885E+00
    3.2980000E+00    1.9189286E+00
    3.3020000E+00    1.9193661E+00
    3.3060000E+00    1.9198010E+00
    3.3100000E+00    1.9202332E+00
    3.3140000E+00    1.9206629E+00
    3.3180000E+00    1.9210899E+00
    3.3220000E+00    1.9215143E+00
    3.3260000E+00    1.9219362E+00
    3.3300000E+00    1.9223554E+00
    3.3340000E+00    1.9227720E+00
    3.3380000E+00    1.9231860E+00
    3.3420000E+00    1.9235974E+00
    3.3460000E+00    1.9240063E+00
    3.3500000E+00    1.9244125E+00
    3.3540000E+00    1.9248161E+00
    3.3580000E+00    1.9252172E+00
    3.3620000E+00    1.9256156E+00
    3.3660000E+00    1.9260115E+00
    3.3700000E+00    1.9264048E+00
    3.3740000E+00    1.9267955E+00
    3.3780000E+00    1.9271836E+00
    3.3820000E+00    1.9275691E+00
    3.3860000E+00    1.9279521E+00
    3.3900000E+00    1.9283325E+00
    3.3940000E+00    1.9287103E+00
    3.3980000E+00    1.9290855E+00
    3.4020000E+00    1.9294582E+00
    3.4060000E+00    1.9298283E+00
    3.4100000E+00    1.9301958E+00
    3.4140000E+00    1.9305608E+00
    3.4180000E+00    1.9309232E+00
    3.4220000E+00    1.9312830E+00
    3.4260000E+00    1.9316403E+00
    3.4300000E+00    1.9319950E+00
    3.4340000E+00    1.9323472E+00
    3.4380000E+00    1.9326968E+00
    3.4420000E+00    1.9330438E+00
    3.4460000E+00    1.9333883E+00
    3.4500000E+00    1.9337302E+00
    3.4540000E+00    1.9340696E+00
    3.4580000E+00    1.9344065E+00
    3.4620000E+00    1.9347408E+00
    3.4660000E+00    1.9350725E+00
    3.4700000E+00    1.9354018E+00
    3.4740000E+00    1.9357284E+00
    3.4780000E+00    1.9360526E+00
    3.4820000E+00    1.9363742E+00
    3.4860000E+00    1.9366932E+00
    3.4900000E+00    1.9370097E+00
    3.4940000E+00    1.9373237E+00
    3.4980000E+00    1.9376352E+00
    3.5020000E+00    1.9379441E+00
    3.5060000E+00    1.9382505E+00
    3.5100000E+00    1.9385543E+00
    3.5140000E+00    1.9388557E+00
    3.5180000E+00    1.9391545E+00
    3.5220000E+00    1.9394508E+00
    3.5260000E+00    1.9397445E+00
    3.5300000E+00    1.9400358E+00
    3.5340000E+00    1.9403245E+00
    3.5380000E+00    1.9406107E+00
    3.5420000E+00    1.9408944E+00
    3.5460000E+00    1.9411756E+00
    3.5500000E+00    1.9414542E+00
    3.5540000E+00    1.9417304E+00
    3.5580000E+00    1.9420040E+00
    3.5620000E+00    1.9422751E+00
    3.5660000E+00    1.9425437E+00
    3.5700000E+00    1.9428098E+00
    3.5740000E+00    1.9430734E+00
    3.5780000E+00    1.9433345E+00
    3.5820000E+00    1.9435931E+00
    3.5860000E+00    1.9438491E+00
    3.5900000E+00    1.9441027E+00
    3.5940000E+00    1.9443538E+00
    3.5980000E+00    1.9446024E+00
    3.6020000E+00    1.9448484E+00
    3.6060000E+00    1.9450920E+00
    3.6100000E+00    1.9453331E+00
    3.6140000E+00    1.9455717E+00
    3.6180000E+00    1.9458078E+00
    3.6220000E+00    1.9460414E+00
    3.6260000E+00    1.9462725E+00
    3.6300000E+00    1.9465011E+00
    3.6340000E+00    1.9467272E+00
    3.6380000E+00    1.9469509E+00
    3.6420000E+00    1.9471720E+00
    3.6460000E+00    1.9473907E+00
    3.6500000E+00    1.9476068E+00
    3.6540000E+00    1.9478205E+00
    3.6580000E+00    1.9480317E+00
    3.6620000E+00    1.9482404E+00
    3.6660000E+00    1.9484467E+00
    3.6700000E+00    1.9486504E+00
    3.6740000E+00    1.9488517E+00
    3.6780000E+00    1.9490505E+00
    3.6820000E+00    1.9492468E+00
    3.6860000E+00    1.9494407E+00
    3.6900000E+00    1.9496320E+00
    3.6940000E+00    1.9498209E+00
    3.6980000E+00    1.9500073E+00
    3.7020000E+00    1.9501913E+00
    3.7060000E+00    1.9503727E+00
    3.7100000E+00    1.9505517E+00
    3.7140000E+00    1.9507282E+00
    3.7180000E+00    1.9509023E+00
    3.7220000E+00    1.9510739E+00
    3.7260000E+00    1.9512430E+00
    3.7300000E+00    1.9514096E+00
    3.7340000E+00    1.9515738E+00
    3.7380000E+00    1.9517355E+00
    3.7420000E+00    1.9518948E+00
    3.7460000E+00    1.9520515E+00
    3.7500000E+00    1.9522059E+00
    3.7540000E+00    1.9523577E+00
    3.7580000E+00    1.9525071E+00
    3.7620000E+00    1.9526540E+00
    3.7660000E+00    1.9527985E+00
    3.7700000E+00    1.9529405E+00
    3.7740000E+00    1.9530800E+00
    3.7780000E+00    1.9532171E+00
    3.7820000E+00    1.9533517E+00
    3.7860000E+00    1.9534839E+00
    3.7900000E+00    1.9536136E+00
    3.7940000E+00    1.9537408E+00
    3.7980000E+00    1.9538656E+00
    3.8020000E+00    1.9539880E+00
    3.8060000E+00    1.9541078E+00
    3.8100000E+00    1.9542253E+00
    3.8140000E+00    1.9543402E+00
    3.8180000E+00    1.9544527E+00
    3.8220000E+00    1.9545628E+00
    3.8260000E+00    1.9546704E+00
    3.8300000E+00    1.9547756E+00
    3.8340000E+00    1.9548783E+00
    3.8380000E+00    1.9549785E+00
    3.8420000E+00    1.9550763E+00
    3.8460000E+00    1.9551717E+00
    3.8500000E+00    1.9552646E+00
    3.8540000E+00    1.9553550E+00
    3.8580000E+00    1.9554430E+00
    3.8620000E+00    1.9555286E+00
    3.8660000E+00    1.9556117E+00
    3.8700000E+00    1.9556923E+00
    3.8740000E+00    1.9557705E+00
    3.8780000E+00    1.9558463E+00
    3.8820000E+00    1.9559196E+00
    3.8860000E+00    1.9559904E+00
    3.8900000E+00    1.9560589E+00
    3.8940000E+00    1.9561248E+00
    3.8980000E+00    1.9561884E+00
    3.9020000E+00    1.9562494E+00
    3.9060000E+00    1.9563081E+00
    3.9100000E+00    1.9563643E+00
    3.9140000E+00    1.9564180E+00
    3.9180000E+00    1.9564693E+00
    3.9220000E+00    1.9565182E+00
    3.9260000E+00    1.9565646E+00
    3.9300000E+00    1.9566085E+00
    3.9340000E+00    1.9566501E+00
    3.9380000E+00    1.9566891E+00
    3.9420000E+00    1.9567258E+00
    3.9460000E+00    1.9567600E+00
    3.9500000E+00    1.9567917E+00
    3.9540000E+00    1.9568210E+00
    3.9580000E+00    1.9568479E+00
    3.9620000E+00    1.9568723E+00
    3.9660000E+00    1.9568943E+00
    3.9700000E+00    1.9569138E+00
    3.9740000E+00    1.9569309E+00
    3.9780000E+00    1.9569456E+00
    3.9820000E+00    1.9569578E+00
    3.9860000E+00    1.9569675E+00
    3.9900000E+00    1.9569749E+00
    3.9940000E+00    1.9569798E+00
    3.9980000E+00    1.9569822E+00
