# Time          2.5000E+01
# Units: Permil
    Distance        SO4--            SO164--         
    2.0000000E-03    2.2061028E+01    8.8134621E+00
    6.0000000E-03    2.2253290E+01    9.0784399E+00
    1.0000000E-02    2.2445308E+01    9.3377329E+00
    1.4000000E-02    2.2637080E+01    9.5914585E+00
    1.8000000E-02    2.2828600E+01    9.8397316E+00
    2.2000000E-02    2.3019865E+01    1.0082665E+01
    2.6000000E-02    2.3210870E+01    1.0320369E+01
    3.0000000E-02    2.3401613E+01    1.0552953E+01
    3.4000000E-02    2.3592088E+01    1.0780522E+01
    3.8000000E-02    2.3782293E+01    1.1003181E+01
    4.2000000E-02    2.3972223E+01    1.1221032E+01
    4.6000000E-02    2.4161875E+01    1.1434175E+01
    5.0000000E-02    2.4351244E+01    1.1642708E+01
    5.4000000E-02    2.4540329E+01    1.1846727E+01
    5.8000000E-02    2.4729124E+01    1.2046327E+01
    6.2000000E-02    2.4917627E+01    1.2241599E+01
    6.6000000E-02    2.5105834E+01    1.2432636E+01
    7.0000000E-02    2.5293741E+01    1.2619524E+01
    7.4000000E-02    2.5481346E+01    1.2802352E+01
    7.8000000E-02    2.5668644E+01    1.2981205E+01
    8.2000000E-02    2.5855634E+01    1.3156165E+01
    8.6000000E-02    2.6042310E+01    1.3327316E+01
    9.0000000E-02    2.6228671E+01    1.3494737E+01
    9.4000000E-02    2.6414713E+01    1.3658506E+01
    9.8000000E-02    2.6600433E+01    1.3818702E+01
    1.0200000E-01    2.6785829E+01    1.3975399E+01
    1.0600000E-01    2.6970896E+01    1.4128671E+01
    1.1000000E-01    2.7155633E+01    1.4278592E+01
    1.1400000E-01    2.7340036E+01    1.4425231E+01
    1.1800000E-01    2.7524103E+01    1.4568658E+01
    1.2200000E-01    2.7707830E+01    1.4708943E+01
    1.2600000E-01    2.7891216E+01    1.4846150E+01
    1.3000000E-01    2.8074257E+01    1.4980347E+01
    1.3400000E-01    2.8256951E+01    1.5111596E+01
    1.3800000E-01    2.8439296E+01    1.5239961E+01
    1.4200000E-01    2.8621288E+01    1.5365504E+01
    1.4600000E-01    2.8802926E+01    1.5488284E+01
    1.5000000E-01    2.8984207E+01    1.5608360E+01
    1.5400000E-01    2.9165128E+01    1.5725791E+01
    1.5800000E-01    2.9345688E+01    1.5840632E+01
    1.6200000E-01    2.9525884E+01    1.5952940E+01
    1.6600000E-01    2.9705713E+01    1.6062769E+01
    1.7000000E-01    2.9885175E+01    1.6170172E+01
    1.7400000E-01    3.0064266E+01    1.6275201E+01
    1.7800000E-01    3.0242985E+01    1.6377906E+01
    1.8200000E-01    3.0421329E+01    1.6478339E+01
    1.8600000E-01    3.0599297E+01    1.6576548E+01
    1.9000000E-01    3.0776887E+01    1.6672581E+01
    1.9400000E-01    3.0954097E+01    1.6766484E+01
    1.9800000E-01    3.1130925E+01    1.6858305E+01
    2.0200000E-01    3.1307369E+01    1.6948087E+01
    2.0600000E-01    3.1483428E+01    1.7035875E+01
    2.1000000E-01    3.1659100E+01    1.7121713E+01
    2.1400000E-01    3.1834384E+01    1.7205641E+01
    2.1800000E-01    3.2009277E+01    1.7287702E+01
    2.2200000E-01    3.2183779E+01    1.7367937E+01
    2.2600000E-01    3.2357887E+01    1.7446384E+01
    2.3000000E-01    3.2531601E+01    1.7523082E+01
    2.3400000E-01    3.2704919E+01    1.7598071E+01
    2.3800000E-01    3.2877840E+01    1.7671386E+01
    2.4200000E-01    3.3050363E+01    1.7743065E+01
    2.4600000E-01    3.3222486E+01    1.7813142E+01
    2.5000000E-01    3.3394208E+01    1.7881654E+01
    2.5400000E-01    3.3565528E+01    1.7948633E+01
    2.5800000E-01    3.3736445E+01    1.8014114E+01
    2.6200000E-01    3.3906957E+01    1.8078129E+01
    2.6600000E-01    3.4077065E+01    1.8140711E+01
    2.7000000E-01    3.4246767E+01    1.8201890E+01
    2.7400000E-01    3.4416061E+01    1.8261698E+01
    2.7800000E-01    3.4584948E+01    1.8320164E+01
    2.8200000E-01    3.4753426E+01    1.8377318E+01
    2.8600000E-01    3.4921494E+01    1.8433188E+01
    2.9000000E-01    3.5089153E+01    1.8487804E+01
    2.9400000E-01    3.5256401E+01    1.8541191E+01
    2.9800000E-01    3.5423237E+01    1.8593378E+01
    3.0200000E-01    3.5589661E+01    1.8644391E+01
    3.0600000E-01    3.5755672E+01    1.8694256E+01
    3.1000000E-01    3.5921270E+01    1.8742998E+01
    3.1400000E-01    3.6086455E+01    1.8790641E+01
    3.1800000E-01    3.6251225E+01    1.8837210E+01
    3.2200000E-01    3.6415581E+01    1.8882729E+01
    3.2600000E-01    3.6579522E+01    1.8927221E+01
    3.3000000E-01    3.6743048E+01    1.8970708E+01
    3.3400000E-01    3.6906159E+01    1.9013213E+01
    3.3800000E-01    3.7068854E+01    1.9054757E+01
    3.4200000E-01    3.7231133E+01    1.9095363E+01
    3.4600000E-01    3.7392996E+01    1.9135049E+01
    3.5000000E-01    3.7554443E+01    1.9173838E+01
    3.5400000E-01    3.7715474E+01    1.9211749E+01
    3.5800000E-01    3.7876088E+01    1.9248800E+01
    3.6200000E-01    3.8036286E+01    1.9285012E+01
    3.6600000E-01    3.8196068E+01    1.9320403E+01
    3.7000000E-01    3.8355434E+01    1.9354992E+01
    3.7400000E-01    3.8514384E+01    1.9388795E+01
    3.7800000E-01    3.8672918E+01    1.9421831E+01
    3.8200000E-01    3.8831036E+01    1.9454117E+01
    3.8600000E-01    3.8988739E+01    1.9485669E+01
    3.9000000E-01    3.9146026E+01    1.9516504E+01
    3.9400000E-01    3.9302898E+01    1.9546637E+01
    3.9800000E-01    3.9459356E+01    1.9576085E+01
    4.0200000E-01    3.9615399E+01    1.9604862E+01
    4.0600000E-01    3.9771028E+01    1.9632984E+01
    4.1000000E-01    3.9926244E+01    1.9660465E+01
    4.1400000E-01    4.0081047E+01    1.9687320E+01
    4.1800000E-01    4.0235437E+01    1.9713562E+01
    4.2200000E-01    4.0389415E+01    1.9739206E+01
    4.2600000E-01    4.0542981E+01    1.9764264E+01
    4.3000000E-01    4.0696136E+01    1.9788750E+01
    4.3400000E-01    4.0848881E+01    1.9812677E+01
    4.3800000E-01    4.1001216E+01    1.9836056E+01
    4.4200000E-01    4.1153141E+01    1.9858901E+01
    4.4600000E-01    4.1304659E+01    1.9881224E+01
    4.5000000E-01    4.1455768E+01    1.9903035E+01
    4.5400000E-01    4.1606471E+01    1.9924347E+01
    4.5800000E-01    4.1756767E+01    1.9945171E+01
    4.6200000E-01    4.1906658E+01    1.9965518E+01
    4.6600000E-01    4.2056145E+01    1.9985398E+01
    4.7000000E-01    4.2205227E+01    2.0004822E+01
    4.7400000E-01    4.2353907E+01    2.0023800E+01
    4.7800000E-01    4.2502185E+01    2.0042342E+01
    4.8200000E-01    4.2650061E+01    2.0060459E+01
    4.8600000E-01    4.2797538E+01    2.0078159E+01
    4.9000000E-01    4.2944615E+01    2.0095452E+01
    4.9400000E-01    4.3091295E+01    2.0112348E+01
    4.9800000E-01    4.3237577E+01    2.0128854E+01
    5.0200000E-01    4.3383463E+01    2.0144981E+01
    5.0600000E-01    4.3528955E+01    2.0160736E+01
    5.1000000E-01    4.3674052E+01    2.0176128E+01
    5.1400000E-01    4.3818757E+01    2.0191165E+01
    5.1800000E-01    4.3963070E+01    2.0205855E+01
    5.2200000E-01    4.4106993E+01    2.0220206E+01
    5.2600000E-01    4.4250527E+01    2.0234226E+01
    5.3000000E-01    4.4393672E+01    2.0247922E+01
    5.3400000E-01    4.4536431E+01    2.0261301E+01
    5.3800000E-01    4.4678804E+01    2.0274371E+01
    5.4200000E-01    4.4820793E+01    2.0287138E+01
    5.4600000E-01    4.4962399E+01    2.0299610E+01
    5.5000000E-01    4.5103623E+01    2.0311793E+01
    5.5400000E-01    4.5244467E+01    2.0323694E+01
    5.5800000E-01    4.5384932E+01    2.0335318E+01
    5.6200000E-01    4.5525019E+01    2.0346674E+01
    5.6600000E-01    4.5664730E+01    2.0357765E+01
    5.7000000E-01    4.5804066E+01    2.0368599E+01
    5.7400000E-01    4.5943029E+01    2.0379181E+01
    5.7800000E-01    4.6081619E+01    2.0389518E+01
    5.8200000E-01    4.6219840E+01    2.0399613E+01
    5.8600000E-01    4.6357690E+01    2.0409474E+01
    5.9000000E-01    4.6495174E+01    2.0419105E+01
    5.9400000E-01    4.6632291E+01    2.0428512E+01
    5.9800000E-01    4.6769043E+01    2.0437700E+01
    6.0200000E-01    4.6905433E+01    2.0446673E+01
    6.0600000E-01    4.7041461E+01    2.0455436E+01
    6.1000000E-01    4.7177129E+01    2.0463995E+01
    6.1400000E-01    4.7312438E+01    2.0472354E+01
    6.1800000E-01    4.7447391E+01    2.0480518E+01
    6.2200000E-01    4.7581988E+01    2.0488490E+01
    6.2600000E-01    4.7716232E+01    2.0496276E+01
    6.3000000E-01    4.7850123E+01    2.0503879E+01
    6.3400000E-01    4.7983665E+01    2.0511304E+01
    6.3800000E-01    4.8116857E+01    2.0518555E+01
    6.4200000E-01    4.8249702E+01    2.0525635E+01
    6.4600000E-01    4.8382202E+01    2.0532550E+01
    6.5000000E-01    4.8514358E+01    2.0539301E+01
    6.5400000E-01    4.8646172E+01    2.0545894E+01
    6.5800000E-01    4.8777646E+01    2.0552332E+01
    6.6200000E-01    4.8908781E+01    2.0558617E+01
    6.6600000E-01    4.9039579E+01    2.0564755E+01
    6.7000000E-01    4.9170042E+01    2.0570748E+01
    6.7400000E-01    4.9300171E+01    2.0576599E+01
    6.7800000E-01    4.9429969E+01    2.0582312E+01
    6.8200000E-01    4.9559437E+01    2.0587890E+01
    6.8600000E-01    4.9688576E+01    2.0593336E+01
    6.9000000E-01    4.9817389E+01    2.0598652E+01
    6.9400000E-01    4.9945877E+01    2.0603843E+01
    6.9800000E-01    5.0074043E+01    2.0608910E+01
    7.0200000E-01    5.0201887E+01    2.0613857E+01
    7.0600000E-01    5.0329412E+01    2.0618687E+01
    7.1000000E-01    5.0456620E+01    2.0623401E+01
    7.1400000E-01    5.0583512E+01    2.0628004E+01
    7.1800000E-01    5.0710090E+01    2.0632496E+01
    7.2200000E-01    5.0836356E+01    2.0636881E+01
    7.2600000E-01    5.0962312E+01    2.0641162E+01
    7.3000000E-01    5.1087959E+01    2.0645340E+01
    7.3400000E-01    5.1213300E+01    2.0649418E+01
    7.3800000E-01    5.1338337E+01    2.0653398E+01
    7.4200000E-01    5.1463070E+01    2.0657283E+01
    7.4600000E-01    5.1587503E+01    2.0661075E+01
    7.5000000E-01    5.1711637E+01    2.0664775E+01
    7.5400000E-01    5.1835473E+01    2.0668387E+01
    7.5800000E-01    5.1959014E+01    2.0671911E+01
    7.6200000E-01    5.2082262E+01    2.0675351E+01
    7.6600000E-01    5.2205218E+01    2.0678707E+01
    7.7000000E-01    5.2327884E+01    2.0681982E+01
    7.7400000E-01    5.2450263E+01    2.0685178E+01
    7.7800000E-01    5.2572356E+01    2.0688296E+01
    7.8200000E-01    5.2694164E+01    2.0691339E+01
    7.8600000E-01    5.2815691E+01    2.0694308E+01
    7.9000000E-01    5.2936937E+01    2.0697204E+01
    7.9400000E-01    5.3057905E+01    2.0700030E+01
    7.9800000E-01    5.3178597E+01    2.0702787E+01
    8.0200000E-01    5.3299014E+01    2.0705476E+01
    8.0600000E-01    5.3419158E+01    2.0708100E+01
    8.1000000E-01    5.3539032E+01    2.0710660E+01
    8.1400000E-01    5.3658637E+01    2.0713156E+01
    8.1800000E-01    5.3777975E+01    2.0715591E+01
    8.2200000E-01    5.3897048E+01    2.0717967E+01
    8.2600000E-01    5.4015858E+01    2.0720283E+01
    8.3000000E-01    5.4134407E+01    2.0722543E+01
    8.3400000E-01    5.4252696E+01    2.0724746E+01
    8.3800000E-01    5.4370728E+01    2.0726895E+01
    8.4200000E-01    5.4488505E+01    2.0728990E+01
    8.4600000E-01    5.4606028E+01    2.0731034E+01
    8.5000000E-01    5.4723300E+01    2.0733026E+01
    8.5400000E-01    5.4840322E+01    2.0734969E+01
    8.5800000E-01    5.4957096E+01    2.0736863E+01
    8.6200000E-01    5.5073624E+01    2.0738709E+01
    8.6600000E-01    5.5189909E+01    2.0740510E+01
    8.7000000E-01    5.5305951E+01    2.0742264E+01
    8.7400000E-01    5.5421753E+01    2.0743975E+01
    8.7800000E-01    5.5537317E+01    2.0745642E+01
    8.8200000E-01    5.5652644E+01    2.0747267E+01
    8.8600000E-01    5.5767737E+01    2.0748851E+01
    8.9000000E-01    5.5882598E+01    2.0750395E+01
    8.9400000E-01    5.5997228E+01    2.0751899E+01
    8.9800000E-01    5.6111629E+01    2.0753365E+01
    9.0200000E-01    5.6225803E+01    2.0754793E+01
    9.0600000E-01    5.6339752E+01    2.0756184E+01
    9.1000000E-01    5.6453478E+01    2.0757540E+01
    9.1400000E-01    5.6566983E+01    2.0758860E+01
    9.1800000E-01    5.6680269E+01    2.0760146E+01
    9.2200000E-01    5.6793337E+01    2.0761399E+01
    9.2600000E-01    5.6906190E+01    2.0762620E+01
    9.3000000E-01    5.7018829E+01    2.0763808E+01
    9.3400000E-01    5.7131256E+01    2.0764965E+01
    9.3800000E-01    5.7243474E+01    2.0766092E+01
    9.4200000E-01    5.7355483E+01    2.0767189E+01
    9.4600000E-01    5.7467286E+01    2.0768257E+01
    9.5000000E-01    5.7578885E+01    2.0769297E+01
    9.5400000E-01    5.7690281E+01    2.0770309E+01
    9.5800000E-01    5.7801477E+01    2.0771294E+01
    9.6200000E-01    5.7912474E+01    2.0772253E+01
    9.6600000E-01    5.8023273E+01    2.0773186E+01
    9.7000000E-01    5.8133878E+01    2.0774093E+01
    9.7400000E-01    5.8244290E+01    2.0774977E+01
    9.7800000E-01    5.8354510E+01    2.0775836E+01
    9.8200000E-01    5.8464540E+01    2.0776671E+01
    9.8600000E-01    5.8574383E+01    2.0777484E+01
    9.9000000E-01    5.8684040E+01    2.0778274E+01
    9.9400000E-01    5.8793513E+01    2.0779043E+01
    9.9800000E-01    5.8902803E+01    2.0779790E+01
    1.0020000E+00    5.9011913E+01    2.0780516E+01
    1.0060000E+00    5.9120844E+01    2.0781222E+01
    1.0100000E+00    5.9229598E+01    2.0781908E+01
    1.0140000E+00    5.9338177E+01    2.0782574E+01
    1.0180000E+00    5.9446582E+01    2.0783222E+01
    1.0220000E+00    5.9554816E+01    2.0783851E+01
    1.0260000E+00    5.9662881E+01    2.0784462E+01
    1.0300000E+00    5.9770777E+01    2.0785056E+01
    1.0340000E+00    5.9878507E+01    2.0785632E+01
    1.0380000E+00    5.9986072E+01    2.0786191E+01
    1.0420000E+00    6.0093475E+01    2.0786734E+01
    1.0460000E+00    6.0200716E+01    2.0787261E+01
    1.0500000E+00    6.0307799E+01    2.0787772E+01
    1.0540000E+00    6.0414724E+01    2.0788268E+01
    1.0580000E+00    6.0521493E+01    2.0788749E+01
    1.0620000E+00    6.0628108E+01    2.0789215E+01
    1.0660000E+00    6.0734571E+01    2.0789667E+01
    1.0700000E+00    6.0840883E+01    2.0790105E+01
    1.0740000E+00    6.0947046E+01    2.0790530E+01
    1.0780000E+00    6.1053062E+01    2.0790941E+01
    1.0820000E+00    6.1158932E+01    2.0791340E+01
    1.0860000E+00    6.1264659E+01    2.0791726E+01
    1.0900000E+00    6.1370243E+01    2.0792099E+01
    1.0940000E+00    6.1475687E+01    2.0792461E+01
    1.0980000E+00    6.1580993E+01    2.0792810E+01
    1.1020000E+00    6.1686161E+01    2.0793149E+01
    1.1060000E+00    6.1791193E+01    2.0793476E+01
    1.1100000E+00    6.1896092E+01    2.0793792E+01
    1.1140000E+00    6.2000859E+01    2.0794097E+01
    1.1180000E+00    6.2105495E+01    2.0794392E+01
    1.1220000E+00    6.2210002E+01    2.0794677E+01
    1.1260000E+00    6.2314382E+01    2.0794952E+01
    1.1300000E+00    6.2418637E+01    2.0795218E+01
    1.1340000E+00    6.2522767E+01    2.0795473E+01
    1.1380000E+00    6.2626775E+01    2.0795720E+01
    1.1420000E+00    6.2730662E+01    2.0795958E+01
    1.1460000E+00    6.2834430E+01    2.0796187E+01
    1.1500000E+00    6.2938080E+01    2.0796407E+01
    1.1540000E+00    6.3041615E+01    2.0796619E+01
    1.1580000E+00    6.3145035E+01    2.0796823E+01
    1.1620000E+00    6.3248342E+01    2.0797018E+01
    1.1660000E+00    6.3351537E+01    2.0797206E+01
    1.1700000E+00    6.3454623E+01    2.0797387E+01
    1.1740000E+00    6.3557601E+01    2.0797560E+01
    1.1780000E+00    6.3660472E+01    2.0797726E+01
    1.1820000E+00    6.3763237E+01    2.0797885E+01
    1.1860000E+00    6.3865900E+01    2.0798037E+01
    1.1900000E+00    6.3968460E+01    2.0798182E+01
    1.1940000E+00    6.4070919E+01    2.0798321E+01
    1.1980000E+00    6.4173280E+01    2.0798453E+01
    1.2020000E+00    6.4275542E+01    2.0798579E+01
    1.2060000E+00    6.4377709E+01    2.0798699E+01
    1.2100000E+00    6.4479781E+01    2.0798813E+01
    1.2140000E+00    6.4581760E+01    2.0798922E+01
    1.2180000E+00    6.4683648E+01    2.0799025E+01
    1.2220000E+00    6.4785445E+01    2.0799122E+01
    1.2260000E+00    6.4887153E+01    2.0799214E+01
    1.2300000E+00    6.4988775E+01    2.0799301E+01
    1.2340000E+00    6.5090310E+01    2.0799382E+01
    1.2380000E+00    6.5191761E+01    2.0799459E+01
    1.2420000E+00    6.5293129E+01    2.0799531E+01
    1.2460000E+00    6.5394416E+01    2.0799598E+01
    1.2500000E+00    6.5495622E+01    2.0799660E+01
    1.2540000E+00    6.5596750E+01    2.0799719E+01
    1.2580000E+00    6.5697800E+01    2.0799772E+01
    1.2620000E+00    6.5798774E+01    2.0799822E+01
    1.2660000E+00    6.5899674E+01    2.0799867E+01
    1.2700000E+00    6.6000501E+01    2.0799908E+01
    1.2740000E+00    6.6101256E+01    2.0799946E+01
    1.2780000E+00    6.6201941E+01    2.0799979E+01
    1.2820000E+00    6.6302556E+01    2.0800009E+01
    1.2860000E+00    6.6403104E+01    2.0800035E+01
    1.2900000E+00    6.6503585E+01    2.0800058E+01
    1.2940000E+00    6.6604002E+01    2.0800077E+01
    1.2980000E+00    6.6704355E+01    2.0800092E+01
    1.3020000E+00    6.6804645E+01    2.0800105E+01
    1.3060000E+00    6.6904874E+01    2.0800114E+01
    1.3100000E+00    6.7005044E+01    2.0800120E+01
    1.3140000E+00    6.7105155E+01    2.0800123E+01
    1.3180000E+00    6.7205209E+01    2.0800124E+01
    1.3220000E+00    6.7305207E+01    2.0800121E+01
    1.3260000E+00    6.7405150E+01    2.0800116E+01
    1.3300000E+00    6.7505040E+01    2.0800107E+01
    1.3340000E+00    6.7604878E+01    2.0800096E+01
    1.3380000E+00    6.7704665E+01    2.0800083E+01
    1.3420000E+00    6.7804403E+01    2.0800067E+01
    1.3460000E+00    6.7904092E+01    2.0800049E+01
    1.3500000E+00    6.8003735E+01    2.0800028E+01
    1.3540000E+00    6.8103331E+01    2.0800005E+01
    1.3580000E+00    6.8202883E+01    2.0799980E+01
    1.3620000E+00    6.8302391E+01    2.0799952E+01
    1.3660000E+00    6.8401857E+01    2.0799923E+01
    1.3700000E+00    6.8501282E+01    2.0799891E+01
    1.3740000E+00    6.8600667E+01    2.0799857E+01
    1.3780000E+00    6.8700014E+01    2.0799822E+01
    1.3820000E+00    6.8799323E+01    2.0799784E+01
    1.3860000E+00    6.8898595E+01    2.0799745E+01
    1.3900000E+00    6.8997833E+01    2.0799704E+01
    1.3940000E+00    6.9097036E+01    2.0799661E+01
    1.3980000E+00    6.9196207E+01    2.0799616E+01
    1.4020000E+00    6.9295346E+01    2.0799570E+01
    1.4060000E+00    6.9394455E+01    2.0799522E+01
    1.4100000E+00    6.9493534E+01    2.0799473E+01
    1.4140000E+00    6.9592584E+01    2.0799422E+01
    1.4180000E+00    6.9691608E+01    2.0799369E+01
    1.4220000E+00    6.9790605E+01    2.0799316E+01
    1.4260000E+00    6.9889577E+01    2.0799261E+01
    1.4300000E+00    6.9988525E+01    2.0799204E+01
    1.4340000E+00    7.0087451E+01    2.0799146E+01
    1.4380000E+00    7.0186354E+01    2.0799087E+01
    1.4420000E+00    7.0285237E+01    2.0799027E+01
    1.4460000E+00    7.0384100E+01    2.0798966E+01
    1.4500000E+00    7.0482945E+01    2.0798903E+01
    1.4540000E+00    7.0581772E+01    2.0798840E+01
    1.4580000E+00    7.0680582E+01    2.0798775E+01
    1.4620000E+00    7.0779377E+01    2.0798709E+01
    1.4660000E+00    7.0878158E+01    2.0798642E+01
    1.4700000E+00    7.0976925E+01    2.0798575E+01
    1.4740000E+00    7.1075680E+01    2.0798506E+01
    1.4780000E+00    7.1174423E+01    2.0798437E+01
    1.4820000E+00    7.1273155E+01    2.0798366E+01
    1.4860000E+00    7.1371879E+01    2.0798295E+01
    1.4900000E+00    7.1470593E+01    2.0798223E+01
    1.4940000E+00    7.1569300E+01    2.0798150E+01
    1.4980000E+00    7.1668001E+01    2.0798076E+01
    1.5020000E+00    7.1766696E+01    2.0798002E+01
    1.5060000E+00    7.1865386E+01    2.0797927E+01
    1.5100000E+00    7.1964073E+01    2.0797851E+01
    1.5140000E+00    7.2062757E+01    2.0797775E+01
    1.5180000E+00    7.2161439E+01    2.0797698E+01
    1.5220000E+00    7.2260120E+01    2.0797620E+01
    1.5260000E+00    7.2358801E+01    2.0797542E+01
    1.5300000E+00    7.2457483E+01    2.0797463E+01
    1.5340000E+00    7.2556167E+01    2.0797384E+01
    1.5380000E+00    7.2654853E+01    2.0797304E+01
    1.5420000E+00    7.2753543E+01    2.0797223E+01
    1.5460000E+00    7.2852238E+01    2.0797143E+01
    1.5500000E+00    7.2950938E+01    2.0797061E+01
    1.5540000E+00    7.3049644E+01    2.0796979E+01
    1.5580000E+00    7.3148357E+01    2.0796897E+01
    1.5620000E+00    7.3247078E+01    2.0796815E+01
    1.5660000E+00    7.3345808E+01    2.0796732E+01
    1.5700000E+00    7.3444547E+01    2.0796648E+01
    1.5740000E+00    7.3543297E+01    2.0796565E+01
    1.5780000E+00    7.3642058E+01    2.0796481E+01
    1.5820000E+00    7.3740831E+01    2.0796397E+01
    1.5860000E+00    7.3839617E+01    2.0796312E+01
    1.5900000E+00    7.3938417E+01    2.0796227E+01
    1.5940000E+00    7.4037231E+01    2.0796142E+01
    1.5980000E+00    7.4136060E+01    2.0796056E+01
    1.6020000E+00    7.4234906E+01    2.0795971E+01
    1.6060000E+00    7.4333768E+01    2.0795885E+01
    1.6100000E+00    7.4432647E+01    2.0795799E+01
    1.6140000E+00    7.4531546E+01    2.0795713E+01
    1.6180000E+00    7.4630463E+01    2.0795626E+01
    1.6220000E+00    7.4729400E+01    2.0795540E+01
    1.6260000E+00    7.4828357E+01    2.0795453E+01
    1.6300000E+00    7.4927336E+01    2.0795366E+01
    1.6340000E+00    7.5026337E+01    2.0795279E+01
    1.6380000E+00    7.5125360E+01    2.0795192E+01
    1.6420000E+00    7.5224407E+01    2.0795104E+01
    1.6460000E+00    7.5323479E+01    2.0795017E+01
    1.6500000E+00    7.5422575E+01    2.0794929E+01
    1.6540000E+00    7.5521696E+01    2.0794842E+01
    1.6580000E+00    7.5620844E+01    2.0794754E+01
    1.6620000E+00    7.5720019E+01    2.0794667E+01
    1.6660000E+00    7.5819221E+01    2.0794579E+01
    1.6700000E+00    7.5918451E+01    2.0794491E+01
    1.6740000E+00    7.6017711E+01    2.0794403E+01
    1.6780000E+00    7.6117000E+01    2.0794315E+01
    1.6820000E+00    7.6216319E+01    2.0794228E+01
    1.6860000E+00    7.6315668E+01    2.0794140E+01
    1.6900000E+00    7.6415050E+01    2.0794052E+01
    1.6940000E+00    7.6514463E+01    2.0793964E+01
    1.6980000E+00    7.6613909E+01    2.0793876E+01
    1.7020000E+00    7.6713388E+01    2.0793789E+01
    1.7060000E+00    7.6812901E+01    2.0793701E+01
    1.7100000E+00    7.6912449E+01    2.0793613E+01
    1.7140000E+00    7.7012031E+01    2.0793525E+01
    1.7180000E+00    7.7111650E+01    2.0793438E+01
    1.7220000E+00    7.7211304E+01    2.0793350E+01
    1.7260000E+00    7.7310995E+01    2.0793263E+01
    1.7300000E+00    7.7410724E+01    2.0793175E+01
    1.7340000E+00    7.7510490E+01    2.0793088E+01
    1.7380000E+00    7.7610295E+01    2.0793001E+01
    1.7420000E+00    7.7710139E+01    2.0792914E+01
    1.7460000E+00    7.7810022E+01    2.0792827E+01
    1.7500000E+00    7.7909945E+01    2.0792740E+01
    1.7540000E+00    7.8009909E+01    2.0792653E+01
    1.7580000E+00    7.8109913E+01    2.0792567E+01
    1.7620000E+00    7.8209960E+01    2.0792480E+01
    1.7660000E+00    7.8310048E+01    2.0792394E+01
    1.7700000E+00    7.8410179E+01    2.0792307E+01
    1.7740000E+00    7.8510353E+01    2.0792221E+01
    1.7780000E+00    7.8610570E+01    2.0792135E+01
    1.7820000E+00    7.8710831E+01    2.0792049E+01
    1.7860000E+00    7.8811137E+01    2.0791963E+01
    1.7900000E+00    7.8911487E+01    2.0791878E+01
    1.7940000E+00    7.9011883E+01    2.0791792E+01
    1.7980000E+00    7.9112325E+01    2.0791707E+01
    1.8020000E+00    7.9212812E+01    2.0791622E+01
    1.8060000E+00    7.9313347E+01    2.0791537E+01
    1.8100000E+00    7.9413928E+01    2.0791452E+01
    1.8140000E+00    7.9514557E+01    2.0791368E+01
    1.8180000E+00    7.9615233E+01    2.0791283E+01
    1.8220000E+00    7.9715958E+01    2.0791199E+01
    1.8260000E+00    7.9816732E+01    2.0791115E+01
    1.8300000E+00    7.9917554E+01    2.0791031E+01
    1.8340000E+00    8.0018426E+01    2.0790948E+01
    1.8380000E+00    8.0119348E+01    2.0790864E+01
    1.8420000E+00    8.0220320E+01    2.0790781E+01
    1.8460000E+00    8.0321342E+01    2.0790698E+01
    1.8500000E+00    8.0422415E+01    2.0790615E+01
    1.8540000E+00    8.0523540E+01    2.0790532E+01
    1.8580000E+00    8.0624716E+01    2.0790450E+01
    1.8620000E+00    8.0725943E+01    2.0790368E+01
    1.8660000E+00    8.0827223E+01    2.0790286E+01
    1.8700000E+00    8.0928556E+01    2.0790204E+01
    1.8740000E+00    8.1029941E+01    2.0790122E+01
    1.8780000E+00    8.1131379E+01    2.0790041E+01
    1.8820000E+00    8.1232871E+01    2.0789960E+01
    1.8860000E+00    8.1334417E+01    2.0789879E+01
    1.8900000E+00    8.1436016E+01    2.0789798E+01
    1.8940000E+00    8.1537670E+01    2.0789718E+01
    1.8980000E+00    8.1639378E+01    2.0789638E+01
    1.9020000E+00    8.1741141E+01    2.0789558E+01
    1.9060000E+00    8.1842959E+01    2.0789478E+01
    1.9100000E+00    8.1944833E+01    2.0789398E+01
    1.9140000E+00    8.2046762E+01    2.0789319E+01
    1.9180000E+00    8.2148746E+01    2.0789240E+01
    1.9220000E+00    8.2250787E+01    2.0789161E+01
    1.9260000E+00    8.2352884E+01    2.0789082E+01
    1.9300000E+00    8.2455037E+01    2.0789004E+01
    1.9340000E+00    8.2557247E+01    2.0788926E+01
    1.9380000E+00    8.2659514E+01    2.0788848E+01
    1.9420000E+00    8.2761838E+01    2.0788770E+01
    1.9460000E+00    8.2864219E+01    2.0788693E+01
    1.9500000E+00    8.2966657E+01    2.0788616E+01
    1.9540000E+00    8.3069153E+01    2.0788539E+01
    1.9580000E+00    8.3171707E+01    2.0788462E+01
    1.9620000E+00    8.3274318E+01    2.0788386E+01
    1.9660000E+00    8.3376988E+01    2.0788310E+01
    1.9700000E+00    8.3479715E+01    2.0788234E+01
    1.9740000E+00    8.3582501E+01    2.0788158E+01
    1.9780000E+00    8.3685346E+01    2.0788082E+01
    1.9820000E+00    8.3788249E+01    2.0788007E+01
    1.9860000E+00    8.3891210E+01    2.0787932E+01
    1.9900000E+00    8.3994231E+01    2.0787858E+01
    1.9940000E+00    8.4097310E+01    2.0787783E+01
    1.9980000E+00    8.4200448E+01    2.0787709E+01
    2.0020000E+00    8.4303646E+01    2.0787635E+01
    2.0060000E+00    8.4406902E+01    2.0787562E+01
    2.0100000E+00    8.4510218E+01    2.0787488E+01
    2.0140000E+00    8.4613593E+01    2.0787415E+01
    2.0180000E+00    8.4717027E+01    2.0787342E+01
    2.0220000E+00    8.4820521E+01    2.0787269E+01
    2.0260000E+00    8.4924074E+01    2.0787197E+01
    2.0300000E+00    8.5027686E+01    2.0787125E+01
    2.0340000E+00    8.5131358E+01    2.0787053E+01
    2.0380000E+00    8.5235090E+01    2.0786981E+01
    2.0420000E+00    8.5338881E+01    2.0786910E+01
    2.0460000E+00    8.5442732E+01    2.0786839E+01
    2.0500000E+00    8.5546642E+01    2.0786768E+01
    2.0540000E+00    8.5650612E+01    2.0786698E+01
    2.0580000E+00    8.5754641E+01    2.0786627E+01
    2.0620000E+00    8.5858730E+01    2.0786557E+01
    2.0660000E+00    8.5962878E+01    2.0786487E+01
    2.0700000E+00    8.6067085E+01    2.0786418E+01
    2.0740000E+00    8.6171352E+01    2.0786349E+01
    2.0780000E+00    8.6275679E+01    2.0786279E+01
    2.0820000E+00    8.6380064E+01    2.0786211E+01
    2.0860000E+00    8.6484509E+01    2.0786142E+01
    2.0900000E+00    8.6589013E+01    2.0786074E+01
    2.0940000E+00    8.6693576E+01    2.0786006E+01
    2.0980000E+00    8.6798198E+01    2.0785938E+01
    2.1020000E+00    8.6902879E+01    2.0785871E+01
    2.1060000E+00    8.7007619E+01    2.0785803E+01
    2.1100000E+00    8.7112417E+01    2.0785736E+01
    2.1140000E+00    8.7217274E+01    2.0785670E+01
    2.1180000E+00    8.7322190E+01    2.0785603E+01
    2.1220000E+00    8.7427163E+01    2.0785537E+01
    2.1260000E+00    8.7532195E+01    2.0785471E+01
    2.1300000E+00    8.7637285E+01    2.0785405E+01
    2.1340000E+00    8.7742433E+01    2.0785340E+01
    2.1380000E+00    8.7847638E+01    2.0785274E+01
    2.1420000E+00    8.7952902E+01    2.0785209E+01
    2.1460000E+00    8.8058222E+01    2.0785145E+01
    2.1500000E+00    8.8163600E+01    2.0785080E+01
    2.1540000E+00    8.8269034E+01    2.0785016E+01
    2.1580000E+00    8.8374526E+01    2.0784952E+01
    2.1620000E+00    8.8480074E+01    2.0784888E+01
    2.1660000E+00    8.8585678E+01    2.0784825E+01
    2.1700000E+00    8.8691339E+01    2.0784762E+01
    2.1740000E+00    8.8797055E+01    2.0784699E+01
    2.1780000E+00    8.8902827E+01    2.0784636E+01
    2.1820000E+00    8.9008655E+01    2.0784574E+01
    2.1860000E+00    8.9114538E+01    2.0784511E+01
    2.1900000E+00    8.9220476E+01    2.0784450E+01
    2.1940000E+00    8.9326468E+01    2.0784388E+01
    2.1980000E+00    8.9432515E+01    2.0784326E+01
    2.2020000E+00    8.9538616E+01    2.0784265E+01
    2.2060000E+00    8.9644771E+01    2.0784204E+01
    2.2100000E+00    8.9750980E+01    2.0784143E+01
    2.2140000E+00    8.9857242E+01    2.0784083E+01
    2.2180000E+00    8.9963556E+01    2.0784023E+01
    2.2220000E+00    9.0069923E+01    2.0783963E+01
    2.2260000E+00    9.0176343E+01    2.0783903E+01
    2.2300000E+00    9.0282815E+01    2.0783843E+01
    2.2340000E+00    9.0389338E+01    2.0783784E+01
    2.2380000E+00    9.0495912E+01    2.0783725E+01
    2.2420000E+00    9.0602537E+01    2.0783666E+01
    2.2460000E+00    9.0709213E+01    2.0783608E+01
    2.2500000E+00    9.0815939E+01    2.0783550E+01
    2.2540000E+00    9.0922715E+01    2.0783492E+01
    2.2580000E+00    9.1029540E+01    2.0783434E+01
    2.2620000E+00    9.1136415E+01    2.0783376E+01
    2.2660000E+00    9.1243337E+01    2.0783319E+01
    2.2700000E+00    9.1350308E+01    2.0783262E+01
    2.2740000E+00    9.1457327E+01    2.0783205E+01
    2.2780000E+00    9.1564393E+01    2.0783148E+01
    2.2820000E+00    9.1671506E+01    2.0783092E+01
    2.2860000E+00    9.1778666E+01    2.0783036E+01
    2.2900000E+00    9.1885871E+01    2.0782980E+01
    2.2940000E+00    9.1993122E+01    2.0782924E+01
    2.2980000E+00    9.2100418E+01    2.0782869E+01
    2.3020000E+00    9.2207759E+01    2.0782813E+01
    2.3060000E+00    9.2315144E+01    2.0782758E+01
    2.3100000E+00    9.2422572E+01    2.0782704E+01
    2.3140000E+00    9.2530044E+01    2.0782649E+01
    2.3180000E+00    9.2637558E+01    2.0782595E+01
    2.3220000E+00    9.2745114E+01    2.0782541E+01
    2.3260000E+00    9.2852712E+01    2.0782487E+01
    2.3300000E+00    9.2960351E+01    2.0782433E+01
    2.3340000E+00    9.3068030E+01    2.0782380E+01
    2.3380000E+00    9.3175750E+01    2.0782327E+01
    2.3420000E+00    9.3283509E+01    2.0782274E+01
    2.3460000E+00    9.3391306E+01    2.0782221E+01
    2.3500000E+00    9.3499142E+01    2.0782169E+01
    2.3540000E+00    9.3607016E+01    2.0782116E+01
    2.3580000E+00    9.3714926E+01    2.0782064E+01
    2.3620000E+00    9.3822873E+01    2.0782013E+01
    2.3660000E+00    9.3930856E+01    2.0781961E+01
    2.3700000E+00    9.4038875E+01    2.0781910E+01
    2.3740000E+00    9.4146928E+01    2.0781858E+01
    2.3780000E+00    9.4255015E+01    2.0781807E+01
    2.3820000E+00    9.4363135E+01    2.0781757E+01
    2.3860000E+00    9.4471288E+01    2.0781706E+01
    2.3900000E+00    9.4579474E+01    2.0781656E+01
    2.3940000E+00    9.4687690E+01    2.0781606E+01
    2.3980000E+00    9.4795938E+01    2.0781556E+01
    2.4020000E+00    9.4904215E+01    2.0781506E+01
    2.4060000E+00    9.5012522E+01    2.0781457E+01
    2.4100000E+00    9.5120858E+01    2.0781408E+01
    2.4140000E+00    9.5229221E+01    2.0781359E+01
    2.4180000E+00    9.5337612E+01    2.0781310E+01
    2.4220000E+00    9.5446030E+01    2.0781261E+01
    2.4260000E+00    9.5554473E+01    2.0781213E+01
    2.4300000E+00    9.5662941E+01    2.0781165E+01
    2.4340000E+00    9.5771434E+01    2.0781117E+01
    2.4380000E+00    9.5879950E+01    2.0781069E+01
    2.4420000E+00    9.5988489E+01    2.0781022E+01
    2.4460000E+00    9.6097050E+01    2.0780975E+01
    2.4500000E+00    9.6205633E+01    2.0780927E+01
    2.4540000E+00    9.6314236E+01    2.0780881E+01
    2.4580000E+00    9.6422858E+01    2.0780834E+01
    2.4620000E+00    9.6531500E+01    2.0780787E+01
    2.4660000E+00    9.6640159E+01    2.0780741E+01
    2.4700000E+00    9.6748836E+01    2.0780695E+01
    2.4740000E+00    9.6857529E+01    2.0780649E+01
    2.4780000E+00    9.6966238E+01    2.0780603E+01
    2.4820000E+00    9.7074962E+01    2.0780558E+01
    2.4860000E+00    9.7183699E+01    2.0780513E+01
    2.4900000E+00    9.7292449E+01    2.0780468E+01
    2.4940000E+00    9.7401212E+01    2.0780423E+01
    2.4980000E+00    9.7509986E+01    2.0780378E+01
    2.5020000E+00    9.7618770E+01    2.0780334E+01
    2.5060000E+00    9.7727563E+01    2.0780289E+01
    2.5100000E+00    9.7836365E+01    2.0780245E+01
    2.5140000E+00    9.7945175E+01    2.0780202E+01
    2.5180000E+00    9.8053992E+01    2.0780158E+01
    2.5220000E+00    9.8162814E+01    2.0780114E+01
    2.5260000E+00    9.8271641E+01    2.0780071E+01
    2.5300000E+00    9.8380472E+01    2.0780028E+01
    2.5340000E+00    9.8489306E+01    2.0779985E+01
    2.5380000E+00    9.8598142E+01    2.0779942E+01
    2.5420000E+00    9.8706978E+01    2.0779900E+01
    2.5460000E+00    9.8815815E+01    2.0779858E+01
    2.5500000E+00    9.8924651E+01    2.0779815E+01
    2.5540000E+00    9.9033485E+01    2.0779773E+01
    2.5580000E+00    9.9142316E+01    2.0779732E+01
    2.5620000E+00    9.9251143E+01    2.0779690E+01
    2.5660000E+00    9.9359964E+01    2.0779649E+01
    2.5700000E+00    9.9468780E+01    2.0779608E+01
    2.5740000E+00    9.9577589E+01    2.0779567E+01
    2.5780000E+00    9.9686389E+01    2.0779526E+01
    2.5820000E+00    9.9795180E+01    2.0779485E+01
    2.5860000E+00    9.9903961E+01    2.0779445E+01
    2.5900000E+00    1.0001273E+02    2.0779404E+01
    2.5940000E+00    1.0012149E+02    2.0779364E+01
    2.5980000E+00    1.0023023E+02    2.0779324E+01
    2.6020000E+00    1.0033896E+02    2.0779285E+01
    2.6060000E+00    1.0044767E+02    2.0779245E+01
    2.6100000E+00    1.0055637E+02    2.0779206E+01
    2.6140000E+00    1.0066504E+02    2.0779167E+01
    2.6180000E+00    1.0077370E+02    2.0779128E+01
    2.6220000E+00    1.0088234E+02    2.0779089E+01
    2.6260000E+00    1.0099096E+02    2.0779050E+01
    2.6300000E+00    1.0109955E+02    2.0779012E+01
    2.6340000E+00    1.0120812E+02    2.0778973E+01
    2.6380000E+00    1.0131667E+02    2.0778935E+01
    2.6420000E+00    1.0142518E+02    2.0778897E+01
    2.6460000E+00    1.0153368E+02    2.0778860E+01
    2.6500000E+00    1.0164214E+02    2.0778822E+01
    2.6540000E+00    1.0175057E+02    2.0778785E+01
    2.6580000E+00    1.0185897E+02    2.0778747E+01
    2.6620000E+00    1.0196734E+02    2.0778710E+01
    2.6660000E+00    1.0207568E+02    2.0778673E+01
    2.6700000E+00    1.0218398E+02    2.0778637E+01
    2.6740000E+00    1.0229224E+02    2.0778600E+01
    2.6780000E+00    1.0240047E+02    2.0778564E+01
    2.6820000E+00    1.0250866E+02    2.0778527E+01
    2.6860000E+00    1.0261681E+02    2.0778491E+01
    2.6900000E+00    1.0272492E+02    2.0778456E+01
    2.6940000E+00    1.0283298E+02    2.0778420E+01
    2.6980000E+00    1.0294100E+02    2.0778384E+01
    2.7020000E+00    1.0304898E+02    2.0778349E+01
    2.7060000E+00    1.0315691E+02    2.0778314E+01
    2.7100000E+00    1.0326479E+02    2.0778279E+01
    2.7140000E+00    1.0337262E+02    2.0778244E+01
    2.7180000E+00    1.0348040E+02    2.0778209E+01
    2.7220000E+00    1.0358813E+02    2.0778175E+01
    2.7260000E+00    1.0369581E+02    2.0778140E+01
    2.7300000E+00    1.0380343E+02    2.0778106E+01
    2.7340000E+00    1.0391100E+02    2.0778072E+01
    2.7380000E+00    1.0401851E+02    2.0778038E+01
    2.7420000E+00    1.0412596E+02    2.0778004E+01
    2.7460000E+00    1.0423334E+02    2.0777971E+01
    2.7500000E+00    1.0434067E+02    2.0777937E+01
    2.7540000E+00    1.0444794E+02    2.0777904E+01
    2.7580000E+00    1.0455514E+02    2.0777871E+01
    2.7620000E+00    1.0466227E+02    2.0777838E+01
    2.7660000E+00    1.0476934E+02    2.0777805E+01
    2.7700000E+00    1.0487633E+02    2.0777772E+01
    2.7740000E+00    1.0498326E+02    2.0777740E+01
    2.7780000E+00    1.0509012E+02    2.0777708E+01
    2.7820000E+00    1.0519690E+02    2.0777675E+01
    2.7860000E+00    1.0530360E+02    2.0777643E+01
    2.7900000E+00    1.0541023E+02    2.0777612E+01
    2.7940000E+00    1.0551679E+02    2.0777580E+01
    2.7980000E+00    1.0562326E+02    2.0777548E+01
    2.8020000E+00    1.0572965E+02    2.0777517E+01
    2.8060000E+00    1.0583596E+02    2.0777486E+01
    2.8100000E+00    1.0594219E+02    2.0777455E+01
    2.8140000E+00    1.0604833E+02    2.0777424E+01
    2.8180000E+00    1.0615438E+02    2.0777393E+01
    2.8220000E+00    1.0626034E+02    2.0777362E+01
    2.8260000E+00    1.0636622E+02    2.0777332E+01
    2.8300000E+00    1.0647200E+02    2.0777301E+01
    2.8340000E+00    1.0657769E+02    2.0777271E+01
    2.8380000E+00    1.0668328E+02    2.0777241E+01
    2.8420000E+00    1.0678877E+02    2.0777211E+01
    2.8460000E+00    1.0689417E+02    2.0777182E+01
    2.8500000E+00    1.0699947E+02    2.0777152E+01
    2.8540000E+00    1.0710467E+02    2.0777122E+01
    2.8580000E+00    1.0720976E+02    2.0777093E+01
    2.8620000E+00    1.0731475E+02    2.0777064E+01
    2.8660000E+00    1.0741963E+02    2.0777035E+01
    2.8700000E+00    1.0752440E+02    2.0777006E+01
    2.8740000E+00    1.0762907E+02    2.0776977E+01
    2.8780000E+00    1.0773362E+02    2.0776949E+01
    2.8820000E+00    1.0783806E+02    2.0776920E+01
    2.8860000E+00    1.0794238E+02    2.0776892E+01
    2.8900000E+00    1.0804659E+02    2.0776864E+01
    2.8940000E+00    1.0815068E+02    2.0776836E+01
    2.8980000E+00    1.0825464E+02    2.0776808E+01
    2.9020000E+00    1.0835849E+02    2.0776780E+01
    2.9060000E+00    1.0846221E+02    2.0776753E+01
    2.9100000E+00    1.0856581E+02    2.0776725E+01
    2.9140000E+00    1.0866928E+02    2.0776698E+01
    2.9180000E+00    1.0877262E+02    2.0776671E+01
    2.9220000E+00    1.0887584E+02    2.0776643E+01
    2.9260000E+00    1.0897891E+02    2.0776617E+01
    2.9300000E+00    1.0908186E+02    2.0776590E+01
    2.9340000E+00    1.0918467E+02    2.0776563E+01
    2.9380000E+00    1.0928734E+02    2.0776537E+01
    2.9420000E+00    1.0938987E+02    2.0776510E+01
    2.9460000E+00    1.0949226E+02    2.0776484E+01
    2.9500000E+00    1.0959451E+02    2.0776458E+01
    2.9540000E+00    1.0969661E+02    2.0776432E+01
    2.9580000E+00    1.0979857E+02    2.0776406E+01
    2.9620000E+00    1.0990038E+02    2.0776380E+01
    2.9660000E+00    1.1000204E+02    2.0776355E+01
    2.9700000E+00    1.1010354E+02    2.0776329E+01
    2.9740000E+00    1.1020489E+02    2.0776304E+01
    2.9780000E+00    1.1030609E+02    2.0776279E+01
    2.9820000E+00    1.1040712E+02    2.0776254E+01
    2.9860000E+00    1.1050800E+02    2.0776229E+01
    2.9900000E+00    1.1060872E+02    2.0776204E+01
    2.9940000E+00    1.1070927E+02    2.0776180E+01
    2.9980000E+00    1.1080966E+02    2.0776155E+01
    3.0020000E+00    1.1090988E+02    2.0776131E+01
    3.0060000E+00    1.1100993E+02    2.0776106E+01
    3.0100000E+00    1.1110981E+02    2.0776082E+01
    3.0140000E+00    1.1120952E+02    2.0776058E+01
    3.0180000E+00    1.1130905E+02    2.0776034E+01
    3.0220000E+00    1.1140841E+02    2.0776011E+01
    3.0260000E+00    1.1150759E+02    2.0775987E+01
    3.0300000E+00    1.1160658E+02    2.0775963E+01
    3.0340000E+00    1.1170540E+02    2.0775940E+01
    3.0380000E+00    1.1180403E+02    2.0775917E+01
    3.0420000E+00    1.1190247E+02    2.0775894E+01
    3.0460000E+00    1.1200073E+02    2.0775871E+01
    3.0500000E+00    1.1209879E+02    2.0775848E+01
    3.0540000E+00    1.1219667E+02    2.0775825E+01
    3.0580000E+00    1.1229434E+02    2.0775802E+01
    3.0620000E+00    1.1239183E+02    2.0775780E+01
    3.0660000E+00    1.1248911E+02    2.0775758E+01
    3.0700000E+00    1.1258620E+02    2.0775735E+01
    3.0740000E+00    1.1268308E+02    2.0775713E+01
    3.0780000E+00    1.1277976E+02    2.0775691E+01
    3.0820000E+00    1.1287623E+02    2.0775669E+01
    3.0860000E+00    1.1297249E+02    2.0775647E+01
    3.0900000E+00    1.1306855E+02    2.0775626E+01
    3.0940000E+00    1.1316439E+02    2.0775604E+01
    3.0980000E+00    1.1326001E+02    2.0775583E+01
    3.1020000E+00    1.1335543E+02    2.0775562E+01
    3.1060000E+00    1.1345062E+02    2.0775540E+01
    3.1100000E+00    1.1354559E+02    2.0775519E+01
    3.1140000E+00    1.1364034E+02    2.0775498E+01
    3.1180000E+00    1.1373487E+02    2.0775478E+01
    3.1220000E+00    1.1382917E+02    2.0775457E+01
    3.1260000E+00    1.1392324E+02    2.0775436E+01
    3.1300000E+00    1.1401708E+02    2.0775416E+01
    3.1340000E+00    1.1411069E+02    2.0775395E+01
    3.1380000E+00    1.1420407E+02    2.0775375E+01
    3.1420000E+00    1.1429721E+02    2.0775355E+01
    3.1460000E+00    1.1439011E+02    2.0775335E+01
    3.1500000E+00    1.1448277E+02    2.0775315E+01
    3.1540000E+00    1.1457518E+02    2.0775295E+01
    3.1580000E+00    1.1466735E+02    2.0775276E+01
    3.1620000E+00    1.1475928E+02    2.0775256E+01
    3.1660000E+00    1.1485095E+02    2.0775237E+01
    3.1700000E+00    1.1494238E+02    2.0775217E+01
    3.1740000E+00    1.1503355E+02    2.0775198E+01
    3.1780000E+00    1.1512447E+02    2.0775179E+01
    3.1820000E+00    1.1521513E+02    2.0775160E+01
    3.1860000E+00    1.1530553E+02    2.0775141E+01
    3.1900000E+00    1.1539567E+02    2.0775123E+01
    3.1940000E+00    1.1548554E+02    2.0775104E+01
    3.1980000E+00    1.1557515E+02    2.0775085E+01
    3.2020000E+00    1.1566449E+02    2.0775067E+01
    3.2060000E+00    1.1575357E+02    2.0775049E+01
    3.2100000E+00    1.1584237E+02    2.0775030E+01
    3.2140000E+00    1.1593090E+02    2.0775012E+01
    3.2180000E+00    1.1601915E+02    2.0774994E+01
    3.2220000E+00    1.1610712E+02    2.0774977E+01
    3.2260000E+00    1.1619481E+02    2.0774959E+01
    3.2300000E+00    1.1628222E+02    2.0774941E+01
    3.2340000E+00    1.1636935E+02    2.0774924E+01
    3.2380000E+00    1.1645619E+02    2.0774906E+01
    3.2420000E+00    1.1654274E+02    2.0774889E+01
    3.2460000E+00    1.1662900E+02    2.0774872E+01
    3.2500000E+00    1.1671497E+02    2.0774855E+01
    3.2540000E+00    1.1680064E+02    2.0774838E+01
    3.2580000E+00    1.1688602E+02    2.0774821E+01
    3.2620000E+00    1.1697109E+02    2.0774804E+01
    3.2660000E+00    1.1705587E+02    2.0774787E+01
    3.2700000E+00    1.1714034E+02    2.0774771E+01
    3.2740000E+00    1.1722451E+02    2.0774754E+01
    3.2780000E+00    1.1730837E+02    2.0774738E+01
    3.2820000E+00    1.1739192E+02    2.0774722E+01
    3.2860000E+00    1.1747515E+02    2.0774705E+01
    3.2900000E+00    1.1755808E+02    2.0774689E+01
    3.2940000E+00    1.1764069E+02    2.0774673E+01
    3.2980000E+00    1.1772298E+02    2.0774658E+01
    3.3020000E+00    1.1780495E+02    2.0774642E+01
    3.3060000E+00    1.1788660E+02    2.0774626E+01
    3.3100000E+00    1.1796792E+02    2.0774611E+01
    3.3140000E+00    1.1804892E+02    2.0774595E+01
    3.3180000E+00    1.1812959E+02    2.0774580E+01
    3.3220000E+00    1.1820992E+02    2.0774565E+01
    3.3260000E+00    1.1828993E+02    2.0774550E+01
    3.3300000E+00    1.1836960E+02    2.0774535E+01
    3.3340000E+00    1.1844894E+02    2.0774520E+01
    3.3380000E+00    1.1852793E+02    2.0774505E+01
    3.3420000E+00    1.1860659E+02    2.0774490E+01
    3.3460000E+00    1.1868490E+02    2.0774476E+01
    3.3500000E+00    1.1876286E+02    2.0774461E+01
    3.3540000E+00    1.1884048E+02    2.0774447E+01
    3.3580000E+00    1.1891775E+02    2.0774432E+01
    3.3620000E+00    1.1899467E+02    2.0774418E+01
    3.3660000E+00    1.1907124E+02    2.0774404E+01
    3.3700000E+00    1.1914745E+02    2.0774390E+01
    3.3740000E+00    1.1922330E+02    2.0774376E+01
    3.3780000E+00    1.1929879E+02    2.0774362E+01
    3.3820000E+00    1.1937392E+02    2.0774349E+01
    3.3860000E+00    1.1944869E+02    2.0774335E+01
    3.3900000E+00    1.1952309E+02    2.0774322E+01
    3.3940000E+00    1.1959713E+02    2.0774308E+01
    3.3980000E+00    1.1967079E+02    2.0774295E+01
    3.4020000E+00    1.1974409E+02    2.0774282E+01
    3.4060000E+00    1.1981701E+02    2.0774269E+01
    3.4100000E+00    1.1988955E+02    2.0774256E+01
    3.4140000E+00    1.1996172E+02    2.0774243E+01
    3.4180000E+00    1.2003350E+02    2.0774230E+01
    3.4220000E+00    1.2010491E+02    2.0774217E+01
    3.4260000E+00    1.2017593E+02    2.0774205E+01
    3.4300000E+00    1.2024656E+02    2.0774192E+01
    3.4340000E+00    1.2031681E+02    2.0774180E+01
    3.4380000E+00    1.2038667E+02    2.0774167E+01
    3.4420000E+00    1.2045613E+02    2.0774155E+01
    3.4460000E+00    1.2052520E+02    2.0774143E+01
    3.4500000E+00    1.2059388E+02    2.0774131E+01
    3.4540000E+00    1.2066216E+02    2.0774119E+01
    3.4580000E+00    1.2073004E+02    2.0774107E+01
    3.4620000E+00    1.2079752E+02    2.0774095E+01
    3.4660000E+00    1.2086459E+02    2.0774084E+01
    3.4700000E+00    1.2093126E+02    2.0774072E+01
    3.4740000E+00    1.2099752E+02    2.0774061E+01
    3.4780000E+00    1.2106337E+02    2.0774049E+01
    3.4820000E+00    1.2112881E+02    2.0774038E+01
    3.4860000E+00    1.2119384E+02    2.0774027E+01
    3.4900000E+00    1.2125845E+02    2.0774016E+01
    3.4940000E+00    1.2132265E+02    2.0774005E+01
    3.4980000E+00    1.2138643E+02    2.0773994E+01
    3.5020000E+00    1.2144979E+02    2.0773983E+01
    3.5060000E+00    1.2151272E+02    2.0773972E+01
    3.5100000E+00    1.2157523E+02    2.0773962E+01
    3.5140000E+00    1.2163732E+02    2.0773951E+01
    3.5180000E+00    1.2169897E+02    2.0773941E+01
    3.5220000E+00    1.2176020E+02    2.0773930E+01
    3.5260000E+00    1.2182100E+02    2.0773920E+01
    3.5300000E+00    1.2188136E+02    2.0773910E+01
    3.5340000E+00    1.2194128E+02    2.0773900E+01
    3.5380000E+00    1.2200077E+02    2.0773890E+01
    3.5420000E+00    1.2205983E+02    2.0773880E+01
    3.5460000E+00    1.2211844E+02    2.0773870E+01
    3.5500000E+00    1.2217660E+02    2.0773860E+01
    3.5540000E+00    1.2223433E+02    2.0773851E+01
    3.5580000E+00    1.2229161E+02    2.0773841E+01
    3.5620000E+00    1.2234844E+02    2.0773832E+01
    3.5660000E+00    1.2240482E+02    2.0773823E+01
    3.5700000E+00    1.2246075E+02    2.0773813E+01
    3.5740000E+00    1.2251622E+02    2.0773804E+01
    3.5780000E+00    1.2257125E+02    2.0773795E+01
    3.5820000E+00    1.2262581E+02    2.0773786E+01
    3.5860000E+00    1.2267992E+02    2.0773777E+01
    3.5900000E+00    1.2273357E+02    2.0773768E+01
    3.5940000E+00    1.2278676E+02    2.0773760E+01
    3.5980000E+00    1.2283949E+02    2.0773751E+01
    3.6020000E+00    1.2289175E+02    2.0773743E+01
    3.6060000E+00    1.2294354E+02    2.0773734E+01
    3.6100000E+00    1.2299487E+02    2.0773726E+01
    3.6140000E+00    1.2304573E+02    2.0773717E+01
    3.6180000E+00    1.2309612E+02    2.0773709E+01
    3.6220000E+00    1.2314603E+02    2.0773701E+01
    3.6260000E+00    1.2319547E+02    2.0773693E+01
    3.6300000E+00    1.2324444E+02    2.0773685E+01
    3.6340000E+00    1.2329293E+02    2.0773678E+01
    3.6380000E+00    1.2334094E+02    2.0773670E+01
    3.6420000E+00    1.2338847E+02    2.0773662E+01
    3.6460000E+00    1.2343552E+02    2.0773655E+01
    3.6500000E+00    1.2348208E+02    2.0773647E+01
    3.6540000E+00    1.2352817E+02    2.0773640E+01
    3.6580000E+00    1.2357376E+02    2.0773633E+01
    3.6620000E+00    1.2361887E+02    2.0773625E+01
    3.6660000E+00    1.2366349E+02    2.0773618E+01
    3.6700000E+00    1.2370762E+02    2.0773611E+01
    3.6740000E+00    1.2375125E+02    2.0773604E+01
    3.6780000E+00    1.2379440E+02    2.0773597E+01
    3.6820000E+00    1.2383705E+02    2.0773591E+01
    3.6860000E+00    1.2387920E+02    2.0773584E+01
    3.6900000E+00    1.2392085E+02    2.0773577E+01
    3.6940000E+00    1.2396201E+02    2.0773571E+01
    3.6980000E+00    1.2400267E+02    2.0773564E+01
    3.7020000E+00    1.2404283E+02    2.0773558E+01
    3.7060000E+00    1.2408248E+02    2.0773552E+01
    3.7100000E+00    1.2412163E+02    2.0773546E+01
    3.7140000E+00    1.2416028E+02    2.0773540E+01
    3.7180000E+00    1.2419841E+02    2.0773534E+01
    3.7220000E+00    1.2423605E+02    2.0773528E+01
    3.7260000E+00    1.2427317E+02    2.0773522E+01
    3.7300000E+00    1.2430978E+02    2.0773516E+01
    3.7340000E+00    1.2434588E+02    2.0773511E+01
    3.7380000E+00    1.2438147E+02    2.0773505E+01
    3.7420000E+00    1.2441655E+02    2.0773500E+01
    3.7460000E+00    1.2445111E+02    2.0773494E+01
    3.7500000E+00    1.2448515E+02    2.0773489E+01
    3.7540000E+00    1.2451868E+02    2.0773484E+01
    3.7580000E+00    1.2455169E+02    2.0773479E+01
    3.7620000E+00    1.2458418E+02    2.0773474E+01
    3.7660000E+00    1.2461615E+02    2.0773469E+01
    3.7700000E+00    1.2464760E+02    2.0773464E+01
    3.7740000E+00    1.2467853E+02    2.0773459E+01
    3.7780000E+00    1.2470894E+02    2.0773454E+01
    3.7820000E+00    1.2473882E+02    2.0773450E+01
    3.7860000E+00    1.2476817E+02    2.0773445E+01
    3.7900000E+00    1.2479700E+02    2.0773441E+01
    3.7940000E+00    1.2482530E+02    2.0773436E+01
    3.7980000E+00    1.2485307E+02    2.0773432E+01
    3.8020000E+00    1.2488032E+02    2.0773428E+01
    3.8060000E+00    1.2490703E+02    2.0773424E+01
    3.8100000E+00    1.2493321E+02    2.0773420E+01
    3.8140000E+00    1.2495887E+02    2.0773416E+01
    3.8180000E+00    1.2498398E+02    2.0773412E+01
    3.8220000E+00    1.2500857E+02    2.0773408E+01
    3.8260000E+00    1.2503262E+02    2.0773405E+01
    3.8300000E+00    1.2505614E+02    2.0773401E+01
    3.8340000E+00    1.2507912E+02    2.0773398E+01
    3.8380000E+00    1.2510156E+02    2.0773394E+01
    3.8420000E+00    1.2512347E+02    2.0773391E+01
    3.8460000E+00    1.2514483E+02    2.0773388E+01
    3.8500000E+00    1.2516566E+02    2.0773384E+01
    3.8540000E+00    1.2518595E+02    2.0773381E+01
    3.8580000E+00    1.2520570E+02    2.0773378E+01
    3.8620000E+00    1.2522491E+02    2.0773375E+01
    3.8660000E+00    1.2524358E+02    2.0773373E+01
    3.8700000E+00    1.2526170E+02    2.0773370E+01
    3.8740000E+00    1.2527929E+02    2.0773367E+01
    3.8780000E+00    1.2529632E+02    2.0773365E+01
    3.8820000E+00    1.2531282E+02    2.0773362E+01
    3.8860000E+00    1.2532877E+02    2.0773360E+01
    3.8900000E+00    1.2534417E+02    2.0773357E+01
    3.8940000E+00    1.2535903E+02    2.0773355E+01
    3.8980000E+00    1.2537335E+02    2.0773353E+01
    3.9020000E+00    1.2538711E+02    2.0773351E+01
    3.9060000E+00    1.2540034E+02    2.0773349E+01
    3.9100000E+00    1.2541301E+02    2.0773347E+01
    3.9140000E+00    1.2542513E+02    2.0773345E+01
    3.9180000E+00    1.2543671E+02    2.0773343E+01
    3.9220000E+00    1.2544774E+02    2.0773342E+01
    3.9260000E+00    1.2545822E+02    2.0773340E+01
    3.9300000E+00    1.2546814E+02    2.0773339E+01
    3.9340000E+00    1.2547752E+02    2.0773337E+01
    3.9380000E+00    1.2548635E+02    2.0773336E+01
    3.9420000E+00    1.2549463E+02    2.0773335E+01
    3.9460000E+00    1.2550236E+02    2.0773333E+01
    3.9500000E+00    1.2550954E+02    2.0773332E+01
    3.9540000E+00    1.2551616E+02    2.0773331E+01
    3.9580000E+00    1.2552224E+02    2.0773330E+01
    3.9620000E+00    1.2552776E+02    2.0773330E+01
    3.9660000E+00    1.2553273E+02    2.0773329E+01
    3.9700000E+00    1.2553715E+02    2.0773328E+01
    3.9740000E+00    1.2554102E+02    2.0773328E+01
    3.9780000E+00    1.2554434E+02    2.0773327E+01
    3.9820000E+00    1.2554710E+02    2.0773327E+01
    3.9860000E+00    1.2554931E+02    2.0773326E+01
    3.9900000E+00    1.2555097E+02    2.0773326E+01
    3.9940000E+00    1.2555207E+02    2.0773326E+01
    3.9980000E+00    1.2555263E+02    2.0773326E+01
