# Time          5.0000E+01
# Units: Mol/kgw
    Distance        SO4--            SO164--         
    2.0000000E-03    9.9905544E-03    9.9906473E-03
    6.0000000E-03    9.9717383E-03    9.9720146E-03
    1.0000000E-02    9.9529968E-03    9.9534544E-03
    1.4000000E-02    9.9343296E-03    9.9349664E-03
    1.8000000E-02    9.9157365E-03    9.9165502E-03
    2.2000000E-02    9.8972170E-03    9.8982056E-03
    2.6000000E-02    9.8787709E-03    9.8799323E-03
    3.0000000E-02    9.8603979E-03    9.8617299E-03
    3.4000000E-02    9.8420976E-03    9.8435981E-03
    3.8000000E-02    9.8238696E-03    9.8255367E-03
    4.2000000E-02    9.8057138E-03    9.8075453E-03
    4.6000000E-02    9.7876297E-03    9.7896236E-03
    5.0000000E-02    9.7696171E-03    9.7717713E-03
    5.4000000E-02    9.7516757E-03    9.7539882E-03
    5.8000000E-02    9.7338050E-03    9.7362738E-03
    6.2000000E-02    9.7160049E-03    9.7186280E-03
    6.6000000E-02    9.6982749E-03    9.7010504E-03
    7.0000000E-02    9.6806148E-03    9.6835406E-03
    7.4000000E-02    9.6630243E-03    9.6660985E-03
    7.8000000E-02    9.6455030E-03    9.6487237E-03
    8.2000000E-02    9.6280507E-03    9.6314158E-03
    8.6000000E-02    9.6106670E-03    9.6141747E-03
    9.0000000E-02    9.5933515E-03    9.5970000E-03
    9.4000000E-02    9.5761041E-03    9.5798913E-03
    9.8000000E-02    9.5589244E-03    9.5628485E-03
    1.0200000E-01    9.5418121E-03    9.5458712E-03
    1.0600000E-01    9.5247668E-03    9.5289591E-03
    1.1000000E-01    9.5077883E-03    9.5121119E-03
    1.1400000E-01    9.4908762E-03    9.4953293E-03
    1.1800000E-01    9.4740303E-03    9.4786111E-03
    1.2200000E-01    9.4572503E-03    9.4619569E-03
    1.2600000E-01    9.4405357E-03    9.4453664E-03
    1.3000000E-01    9.4238864E-03    9.4288394E-03
    1.3400000E-01    9.4073021E-03    9.4123755E-03
    1.3800000E-01    9.3907823E-03    9.3959745E-03
    1.4200000E-01    9.3743269E-03    9.3796361E-03
    1.4600000E-01    9.3579354E-03    9.3633599E-03
    1.5000000E-01    9.3416077E-03    9.3471458E-03
    1.5400000E-01    9.3253434E-03    9.3309933E-03
    1.5800000E-01    9.3091423E-03    9.3149023E-03
    1.6200000E-01    9.2930039E-03    9.2988723E-03
    1.6600000E-01    9.2769280E-03    9.2829032E-03
    1.7000000E-01    9.2609144E-03    9.2669947E-03
    1.7400000E-01    9.2449627E-03    9.2511464E-03
    1.7800000E-01    9.2290726E-03    9.2353581E-03
    1.8200000E-01    9.2132438E-03    9.2196295E-03
    1.8600000E-01    9.1974760E-03    9.2039603E-03
    1.9000000E-01    9.1817690E-03    9.1883502E-03
    1.9400000E-01    9.1661224E-03    9.1727990E-03
    1.9800000E-01    9.1505359E-03    9.1573063E-03
    2.0200000E-01    9.1350093E-03    9.1418720E-03
    2.0600000E-01    9.1195423E-03    9.1264956E-03
    2.1000000E-01    9.1041345E-03    9.1111769E-03
    2.1400000E-01    9.0887856E-03    9.0959157E-03
    2.1800000E-01    9.0734955E-03    9.0807116E-03
    2.2200000E-01    9.0582638E-03    9.0655644E-03
    2.2600000E-01    9.0430901E-03    9.0504738E-03
    2.3000000E-01    9.0279743E-03    9.0354395E-03
    2.3400000E-01    9.0129160E-03    9.0204613E-03
    2.3800000E-01    8.9979149E-03    9.0055389E-03
    2.4200000E-01    8.9829708E-03    8.9906719E-03
    2.4600000E-01    8.9680834E-03    8.9758602E-03
    2.5000000E-01    8.9532523E-03    8.9611034E-03
    2.5400000E-01    8.9384774E-03    8.9464013E-03
    2.5800000E-01    8.9237582E-03    8.9317536E-03
    2.6200000E-01    8.9090946E-03    8.9171601E-03
    2.6600000E-01    8.8944863E-03    8.9026204E-03
    2.7000000E-01    8.8799329E-03    8.8881343E-03
    2.7400000E-01    8.8654342E-03    8.8737015E-03
    2.7800000E-01    8.8509899E-03    8.8593218E-03
    2.8200000E-01    8.8365997E-03    8.8449949E-03
    2.8600000E-01    8.8222634E-03    8.8307204E-03
    2.9000000E-01    8.8079806E-03    8.8164983E-03
    2.9400000E-01    8.7937512E-03    8.8023281E-03
    2.9800000E-01    8.7795748E-03    8.7882096E-03
    3.0200000E-01    8.7654511E-03    8.7741426E-03
    3.0600000E-01    8.7513799E-03    8.7601268E-03
    3.1000000E-01    8.7373608E-03    8.7461619E-03
    3.1400000E-01    8.7233937E-03    8.7322477E-03
    3.1800000E-01    8.7094783E-03    8.7183838E-03
    3.2200000E-01    8.6956142E-03    8.7045701E-03
    3.2600000E-01    8.6818012E-03    8.6908063E-03
    3.3000000E-01    8.6680391E-03    8.6770921E-03
    3.3400000E-01    8.6543275E-03    8.6634273E-03
    3.3800000E-01    8.6406662E-03    8.6498116E-03
    3.4200000E-01    8.6270550E-03    8.6362447E-03
    3.4600000E-01    8.6134935E-03    8.6227264E-03
    3.5000000E-01    8.5999815E-03    8.6092565E-03
    3.5400000E-01    8.5865188E-03    8.5958346E-03
    3.5800000E-01    8.5731050E-03    8.5824606E-03
    3.6200000E-01    8.5597399E-03    8.5691341E-03
    3.6600000E-01    8.5464232E-03    8.5558549E-03
    3.7000000E-01    8.5331548E-03    8.5426228E-03
    3.7400000E-01    8.5199342E-03    8.5294375E-03
    3.7800000E-01    8.5067613E-03    8.5162988E-03
    3.8200000E-01    8.4936358E-03    8.5032063E-03
    3.8600000E-01    8.4805574E-03    8.4901600E-03
    3.9000000E-01    8.4675258E-03    8.4771594E-03
    3.9400000E-01    8.4545409E-03    8.4642044E-03
    3.9800000E-01    8.4416024E-03    8.4512947E-03
    4.0200000E-01    8.4287099E-03    8.4384301E-03
    4.0600000E-01    8.4158633E-03    8.4256103E-03
    4.1000000E-01    8.4030623E-03    8.4128351E-03
    4.1400000E-01    8.3903066E-03    8.4001043E-03
    4.1800000E-01    8.3775960E-03    8.3874175E-03
    4.2200000E-01    8.3649303E-03    8.3747745E-03
    4.2600000E-01    8.3523091E-03    8.3621752E-03
    4.3000000E-01    8.3397322E-03    8.3496192E-03
    4.3400000E-01    8.3271995E-03    8.3371064E-03
    4.3800000E-01    8.3147105E-03    8.3246364E-03
    4.4200000E-01    8.3022651E-03    8.3122091E-03
    4.4600000E-01    8.2898631E-03    8.2998242E-03
    4.5000000E-01    8.2775041E-03    8.2874815E-03
    4.5400000E-01    8.2651880E-03    8.2751807E-03
    4.5800000E-01    8.2529145E-03    8.2629216E-03
    4.6200000E-01    8.2406833E-03    8.2507039E-03
    4.6600000E-01    8.2284943E-03    8.2385275E-03
    4.7000000E-01    8.2163470E-03    8.2263921E-03
    4.7400000E-01    8.2042415E-03    8.2142974E-03
    4.7800000E-01    8.1921773E-03    8.2022433E-03
    4.8200000E-01    8.1801542E-03    8.1902294E-03
    4.8600000E-01    8.1681720E-03    8.1782556E-03
    4.9000000E-01    8.1562305E-03    8.1663217E-03
    4.9400000E-01    8.1443294E-03    8.1544274E-03
    4.9800000E-01    8.1324686E-03    8.1425724E-03
    5.0200000E-01    8.1206476E-03    8.1307566E-03
    5.0600000E-01    8.1088664E-03    8.1189797E-03
    5.1000000E-01    8.0971246E-03    8.1072416E-03
    5.1400000E-01    8.0854221E-03    8.0955419E-03
    5.1800000E-01    8.0737586E-03    8.0838804E-03
    5.2200000E-01    8.0621339E-03    8.0722570E-03
    5.2600000E-01    8.0505478E-03    8.0606714E-03
    5.3000000E-01    8.0389999E-03    8.0491234E-03
    5.3400000E-01    8.0274902E-03    8.0376127E-03
    5.3800000E-01    8.0160183E-03    8.0261392E-03
    5.4200000E-01    8.0045841E-03    8.0147026E-03
    5.4600000E-01    7.9931872E-03    8.0033027E-03
    5.5000000E-01    7.9818275E-03    7.9919393E-03
    5.5400000E-01    7.9705048E-03    7.9806121E-03
    5.5800000E-01    7.9592188E-03    7.9693210E-03
    5.6200000E-01    7.9479694E-03    7.9580658E-03
    5.6600000E-01    7.9367562E-03    7.9468462E-03
    5.7000000E-01    7.9255790E-03    7.9356620E-03
    5.7400000E-01    7.9144378E-03    7.9245129E-03
    5.7800000E-01    7.9033321E-03    7.9133989E-03
    5.8200000E-01    7.8922618E-03    7.9023197E-03
    5.8600000E-01    7.8812267E-03    7.8912750E-03
    5.9000000E-01    7.8702266E-03    7.8802646E-03
    5.9400000E-01    7.8592612E-03    7.8692884E-03
    5.9800000E-01    7.8483304E-03    7.8583462E-03
    6.0200000E-01    7.8374339E-03    7.8474376E-03
    6.0600000E-01    7.8265714E-03    7.8365626E-03
    6.1000000E-01    7.8157429E-03    7.8257210E-03
    6.1400000E-01    7.8049481E-03    7.8149124E-03
    6.1800000E-01    7.7941867E-03    7.8041367E-03
    6.2200000E-01    7.7834585E-03    7.7933938E-03
    6.2600000E-01    7.7727634E-03    7.7826833E-03
    6.3000000E-01    7.7621012E-03    7.7720052E-03
    6.3400000E-01    7.7514715E-03    7.7613591E-03
    6.3800000E-01    7.7408743E-03    7.7507450E-03
    6.4200000E-01    7.7303093E-03    7.7401625E-03
    6.4600000E-01    7.7197763E-03    7.7296116E-03
    6.5000000E-01    7.7092751E-03    7.7190920E-03
    6.5400000E-01    7.6988055E-03    7.7086034E-03
    6.5800000E-01    7.6883673E-03    7.6981458E-03
    6.6200000E-01    7.6779603E-03    7.6877190E-03
    6.6600000E-01    7.6675843E-03    7.6773226E-03
    6.7000000E-01    7.6572390E-03    7.6669566E-03
    6.7400000E-01    7.6469244E-03    7.6566207E-03
    6.7800000E-01    7.6366401E-03    7.6463148E-03
    6.8200000E-01    7.6263861E-03    7.6360386E-03
    6.8600000E-01    7.6161620E-03    7.6257920E-03
    6.9000000E-01    7.6059678E-03    7.6155748E-03
    6.9400000E-01    7.5958031E-03    7.6053867E-03
    6.9800000E-01    7.5856679E-03    7.5952277E-03
    7.0200000E-01    7.5755619E-03    7.5850975E-03
    7.0600000E-01    7.5654849E-03    7.5749959E-03
    7.1000000E-01    7.5554367E-03    7.5649228E-03
    7.1400000E-01    7.5454172E-03    7.5548779E-03
    7.1800000E-01    7.5354261E-03    7.5448612E-03
    7.2200000E-01    7.5254633E-03    7.5348723E-03
    7.2600000E-01    7.5155286E-03    7.5249111E-03
    7.3000000E-01    7.5056218E-03    7.5149775E-03
    7.3400000E-01    7.4957426E-03    7.5050712E-03
    7.3800000E-01    7.4858910E-03    7.4951921E-03
    7.4200000E-01    7.4760667E-03    7.4853400E-03
    7.4600000E-01    7.4662696E-03    7.4755147E-03
    7.5000000E-01    7.4564994E-03    7.4657161E-03
    7.5400000E-01    7.4467560E-03    7.4559439E-03
    7.5800000E-01    7.4370392E-03    7.4461981E-03
    7.6200000E-01    7.4273488E-03    7.4364783E-03
    7.6600000E-01    7.4176847E-03    7.4267845E-03
    7.7000000E-01    7.4080466E-03    7.4171165E-03
    7.7400000E-01    7.3984344E-03    7.4074741E-03
    7.7800000E-01    7.3888480E-03    7.3978571E-03
    7.8200000E-01    7.3792870E-03    7.3882654E-03
    7.8600000E-01    7.3697514E-03    7.3786988E-03
    7.9000000E-01    7.3602410E-03    7.3691571E-03
    7.9400000E-01    7.3507556E-03    7.3596402E-03
    7.9800000E-01    7.3412951E-03    7.3501478E-03
    8.0200000E-01    7.3318592E-03    7.3406799E-03
    8.0600000E-01    7.3224478E-03    7.3312363E-03
    8.1000000E-01    7.3130607E-03    7.3218167E-03
    8.1400000E-01    7.3036978E-03    7.3124211E-03
    8.1800000E-01    7.2943588E-03    7.3030493E-03
    8.2200000E-01    7.2850437E-03    7.2937011E-03
    8.2600000E-01    7.2757522E-03    7.2843763E-03
    8.3000000E-01    7.2664843E-03    7.2750748E-03
    8.3400000E-01    7.2572396E-03    7.2657965E-03
    8.3800000E-01    7.2480181E-03    7.2565411E-03
    8.4200000E-01    7.2388196E-03    7.2473086E-03
    8.4600000E-01    7.2296440E-03    7.2380987E-03
    8.5000000E-01    7.2204910E-03    7.2289113E-03
    8.5400000E-01    7.2113605E-03    7.2197463E-03
    8.5800000E-01    7.2022524E-03    7.2106035E-03
    8.6200000E-01    7.1931665E-03    7.2014827E-03
    8.6600000E-01    7.1841026E-03    7.1923838E-03
    8.7000000E-01    7.1750606E-03    7.1833067E-03
    8.7400000E-01    7.1660403E-03    7.1742512E-03
    8.7800000E-01    7.1570416E-03    7.1652171E-03
    8.8200000E-01    7.1480644E-03    7.1562042E-03
    8.8600000E-01    7.1391083E-03    7.1472126E-03
    8.9000000E-01    7.1301734E-03    7.1382419E-03
    8.9400000E-01    7.1212595E-03    7.1292921E-03
    8.9800000E-01    7.1123663E-03    7.1203630E-03
    9.0200000E-01    7.1034939E-03    7.1114545E-03
    9.0600000E-01    7.0946419E-03    7.1025663E-03
    9.1000000E-01    7.0858103E-03    7.0936985E-03
    9.1400000E-01    7.0769989E-03    7.0848508E-03
    9.1800000E-01    7.0682076E-03    7.0760231E-03
    9.2200000E-01    7.0594362E-03    7.0672152E-03
    9.2600000E-01    7.0506845E-03    7.0584270E-03
    9.3000000E-01    7.0419525E-03    7.0496585E-03
    9.3400000E-01    7.0332401E-03    7.0409093E-03
    9.3800000E-01    7.0245469E-03    7.0321795E-03
    9.4200000E-01    7.0158730E-03    7.0234688E-03
    9.4600000E-01    7.0072181E-03    7.0147771E-03
    9.5000000E-01    6.9985822E-03    7.0061044E-03
    9.5400000E-01    6.9899650E-03    6.9974503E-03
    9.5800000E-01    6.9813665E-03    6.9888150E-03
    9.6200000E-01    6.9727866E-03    6.9801981E-03
    9.6600000E-01    6.9642250E-03    6.9715995E-03
    9.7000000E-01    6.9556816E-03    6.9630192E-03
    9.7400000E-01    6.9471564E-03    6.9544570E-03
    9.7800000E-01    6.9386491E-03    6.9459128E-03
    9.8200000E-01    6.9301597E-03    6.9373864E-03
    9.8600000E-01    6.9216880E-03    6.9288778E-03
    9.9000000E-01    6.9132339E-03    6.9203867E-03
    9.9400000E-01    6.9047972E-03    6.9119131E-03
    9.9800000E-01    6.8963779E-03    6.9034568E-03
    1.0020000E+00    6.8879757E-03    6.8950177E-03
    1.0060000E+00    6.8795907E-03    6.8865958E-03
    1.0100000E+00    6.8712225E-03    6.8781908E-03
    1.0140000E+00    6.8628712E-03    6.8698026E-03
    1.0180000E+00    6.8545366E-03    6.8614312E-03
    1.0220000E+00    6.8462185E-03    6.8530764E-03
    1.0260000E+00    6.8379169E-03    6.8447381E-03
    1.0300000E+00    6.8296316E-03    6.8364161E-03
    1.0340000E+00    6.8213624E-03    6.8281104E-03
    1.0380000E+00    6.8131094E-03    6.8198209E-03
    1.0420000E+00    6.8048723E-03    6.8115473E-03
    1.0460000E+00    6.7966511E-03    6.8032897E-03
    1.0500000E+00    6.7884456E-03    6.7950478E-03
    1.0540000E+00    6.7802557E-03    6.7868216E-03
    1.0580000E+00    6.7720813E-03    6.7786110E-03
    1.0620000E+00    6.7639222E-03    6.7704159E-03
    1.0660000E+00    6.7557784E-03    6.7622360E-03
    1.0700000E+00    6.7476498E-03    6.7540714E-03
    1.0740000E+00    6.7395361E-03    6.7459220E-03
    1.0780000E+00    6.7314374E-03    6.7377875E-03
    1.0820000E+00    6.7233535E-03    6.7296679E-03
    1.0860000E+00    6.7152843E-03    6.7215632E-03
    1.0900000E+00    6.7072297E-03    6.7134731E-03
    1.0940000E+00    6.6991895E-03    6.7053976E-03
    1.0980000E+00    6.6911637E-03    6.6973366E-03
    1.1020000E+00    6.6831522E-03    6.6892899E-03
    1.1060000E+00    6.6751548E-03    6.6812575E-03
    1.1100000E+00    6.6671715E-03    6.6732393E-03
    1.1140000E+00    6.6592021E-03    6.6652352E-03
    1.1180000E+00    6.6512465E-03    6.6572450E-03
    1.1220000E+00    6.6433047E-03    6.6492687E-03
    1.1260000E+00    6.6353765E-03    6.6413061E-03
    1.1300000E+00    6.6274618E-03    6.6333573E-03
    1.1340000E+00    6.6195606E-03    6.6254219E-03
    1.1380000E+00    6.6116727E-03    6.6175001E-03
    1.1420000E+00    6.6037980E-03    6.6095916E-03
    1.1460000E+00    6.5959364E-03    6.6016964E-03
    1.1500000E+00    6.5880879E-03    6.5938144E-03
    1.1540000E+00    6.5802523E-03    6.5859455E-03
    1.1580000E+00    6.5724295E-03    6.5780896E-03
    1.1620000E+00    6.5646194E-03    6.5702466E-03
    1.1660000E+00    6.5568221E-03    6.5624164E-03
    1.1700000E+00    6.5490372E-03    6.5545989E-03
    1.1740000E+00    6.5412648E-03    6.5467940E-03
    1.1780000E+00    6.5335048E-03    6.5390017E-03
    1.1820000E+00    6.5257571E-03    6.5312218E-03
    1.1860000E+00    6.5180215E-03    6.5234543E-03
    1.1900000E+00    6.5102981E-03    6.5156991E-03
    1.1940000E+00    6.5025866E-03    6.5079561E-03
    1.1980000E+00    6.4948871E-03    6.5002251E-03
    1.2020000E+00    6.4871993E-03    6.4925062E-03
    1.2060000E+00    6.4795234E-03    6.4847992E-03
    1.2100000E+00    6.4718590E-03    6.4771041E-03
    1.2140000E+00    6.4642063E-03    6.4694207E-03
    1.2180000E+00    6.4565650E-03    6.4617490E-03
    1.2220000E+00    6.4489351E-03    6.4540889E-03
    1.2260000E+00    6.4413165E-03    6.4464404E-03
    1.2300000E+00    6.4337092E-03    6.4388032E-03
    1.2340000E+00    6.4261130E-03    6.4311775E-03
    1.2380000E+00    6.4185279E-03    6.4235630E-03
    1.2420000E+00    6.4109538E-03    6.4159597E-03
    1.2460000E+00    6.4033906E-03    6.4083675E-03
    1.2500000E+00    6.3958382E-03    6.4007864E-03
    1.2540000E+00    6.3882965E-03    6.3932163E-03
    1.2580000E+00    6.3807656E-03    6.3856571E-03
    1.2620000E+00    6.3732452E-03    6.3781087E-03
    1.2660000E+00    6.3657354E-03    6.3705711E-03
    1.2700000E+00    6.3582360E-03    6.3630441E-03
    1.2740000E+00    6.3507470E-03    6.3555277E-03
    1.2780000E+00    6.3432683E-03    6.3480219E-03
    1.2820000E+00    6.3357998E-03    6.3405265E-03
    1.2860000E+00    6.3283415E-03    6.3330416E-03
    1.2900000E+00    6.3208932E-03    6.3255669E-03
    1.2940000E+00    6.3134550E-03    6.3181025E-03
    1.2980000E+00    6.3060267E-03    6.3106483E-03
    1.3020000E+00    6.2986083E-03    6.3032042E-03
    1.3060000E+00    6.2911996E-03    6.2957702E-03
    1.3100000E+00    6.2838008E-03    6.2883462E-03
    1.3140000E+00    6.2764115E-03    6.2809320E-03
    1.3180000E+00    6.2690319E-03    6.2735278E-03
    1.3220000E+00    6.2616618E-03    6.2661333E-03
    1.3260000E+00    6.2543012E-03    6.2587485E-03
    1.3300000E+00    6.2469500E-03    6.2513735E-03
    1.3340000E+00    6.2396082E-03    6.2440080E-03
    1.3380000E+00    6.2322756E-03    6.2366520E-03
    1.3420000E+00    6.2249523E-03    6.2293056E-03
    1.3460000E+00    6.2176380E-03    6.2219686E-03
    1.3500000E+00    6.2103329E-03    6.2146409E-03
    1.3540000E+00    6.2030369E-03    6.2073225E-03
    1.3580000E+00    6.1957498E-03    6.2000134E-03
    1.3620000E+00    6.1884716E-03    6.1927135E-03
    1.3660000E+00    6.1812023E-03    6.1854227E-03
    1.3700000E+00    6.1739417E-03    6.1781409E-03
    1.3740000E+00    6.1666900E-03    6.1708682E-03
    1.3780000E+00    6.1594469E-03    6.1636045E-03
    1.3820000E+00    6.1522124E-03    6.1563497E-03
    1.3860000E+00    6.1449865E-03    6.1491037E-03
    1.3900000E+00    6.1377691E-03    6.1418665E-03
    1.3940000E+00    6.1305602E-03    6.1346381E-03
    1.3980000E+00    6.1233598E-03    6.1274184E-03
    1.4020000E+00    6.1161676E-03    6.1202073E-03
    1.4060000E+00    6.1089838E-03    6.1130048E-03
    1.4100000E+00    6.1018083E-03    6.1058109E-03
    1.4140000E+00    6.0946409E-03    6.0986255E-03
    1.4180000E+00    6.0874818E-03    6.0914485E-03
    1.4220000E+00    6.0803307E-03    6.0842799E-03
    1.4260000E+00    6.0731877E-03    6.0771197E-03
    1.4300000E+00    6.0660527E-03    6.0699678E-03
    1.4340000E+00    6.0589257E-03    6.0628241E-03
    1.4380000E+00    6.0518066E-03    6.0556887E-03
    1.4420000E+00    6.0446954E-03    6.0485615E-03
    1.4460000E+00    6.0375920E-03    6.0414423E-03
    1.4500000E+00    6.0304964E-03    6.0343313E-03
    1.4540000E+00    6.0234085E-03    6.0272283E-03
    1.4580000E+00    6.0163283E-03    6.0201333E-03
    1.4620000E+00    6.0092558E-03    6.0130462E-03
    1.4660000E+00    6.0021909E-03    6.0059671E-03
    1.4700000E+00    5.9951336E-03    5.9988958E-03
    1.4740000E+00    5.9880838E-03    5.9918324E-03
    1.4780000E+00    5.9810415E-03    5.9847767E-03
    1.4820000E+00    5.9740066E-03    5.9777289E-03
    1.4860000E+00    5.9669791E-03    5.9706887E-03
    1.4900000E+00    5.9599591E-03    5.9636562E-03
    1.4940000E+00    5.9529463E-03    5.9566314E-03
    1.4980000E+00    5.9459409E-03    5.9496141E-03
    1.5020000E+00    5.9389427E-03    5.9426045E-03
    1.5060000E+00    5.9319517E-03    5.9356023E-03
    1.5100000E+00    5.9249680E-03    5.9286077E-03
    1.5140000E+00    5.9179913E-03    5.9216205E-03
    1.5180000E+00    5.9110218E-03    5.9146408E-03
    1.5220000E+00    5.9040594E-03    5.9076684E-03
    1.5260000E+00    5.8971041E-03    5.9007034E-03
    1.5300000E+00    5.8901557E-03    5.8937458E-03
    1.5340000E+00    5.8832144E-03    5.8867954E-03
    1.5380000E+00    5.8762799E-03    5.8798523E-03
    1.5420000E+00    5.8693525E-03    5.8729165E-03
    1.5460000E+00    5.8624319E-03    5.8659878E-03
    1.5500000E+00    5.8555182E-03    5.8590664E-03
    1.5540000E+00    5.8486113E-03    5.8521521E-03
    1.5580000E+00    5.8417112E-03    5.8452449E-03
    1.5620000E+00    5.8348179E-03    5.8383448E-03
    1.5660000E+00    5.8279313E-03    5.8314517E-03
    1.5700000E+00    5.8210515E-03    5.8245657E-03
    1.5740000E+00    5.8141783E-03    5.8176867E-03
    1.5780000E+00    5.8073119E-03    5.8108147E-03
    1.5820000E+00    5.8004520E-03    5.8039497E-03
    1.5860000E+00    5.7935988E-03    5.7970916E-03
    1.5900000E+00    5.7867522E-03    5.7902404E-03
    1.5940000E+00    5.7799121E-03    5.7833961E-03
    1.5980000E+00    5.7730786E-03    5.7765587E-03
    1.6020000E+00    5.7662517E-03    5.7697281E-03
    1.6060000E+00    5.7594312E-03    5.7629043E-03
    1.6100000E+00    5.7526172E-03    5.7560873E-03
    1.6140000E+00    5.7458096E-03    5.7492771E-03
    1.6180000E+00    5.7390085E-03    5.7424736E-03
    1.6220000E+00    5.7322138E-03    5.7356769E-03
    1.6260000E+00    5.7254255E-03    5.7288869E-03
    1.6300000E+00    5.7186436E-03    5.7221036E-03
    1.6340000E+00    5.7118680E-03    5.7153269E-03
    1.6380000E+00    5.7050988E-03    5.7085569E-03
    1.6420000E+00    5.6983359E-03    5.7017936E-03
    1.6460000E+00    5.6915793E-03    5.6950369E-03
    1.6500000E+00    5.6848290E-03    5.6882868E-03
    1.6540000E+00    5.6780850E-03    5.6815432E-03
    1.6580000E+00    5.6713472E-03    5.6748063E-03
    1.6620000E+00    5.6646156E-03    5.6680759E-03
    1.6660000E+00    5.6578903E-03    5.6613520E-03
    1.6700000E+00    5.6511712E-03    5.6546347E-03
    1.6740000E+00    5.6444583E-03    5.6479239E-03
    1.6780000E+00    5.6377515E-03    5.6412196E-03
    1.6820000E+00    5.6310510E-03    5.6345217E-03
    1.6860000E+00    5.6243566E-03    5.6278304E-03
    1.6900000E+00    5.6176683E-03    5.6211455E-03
    1.6940000E+00    5.6109861E-03    5.6144670E-03
    1.6980000E+00    5.6043101E-03    5.6077950E-03
    1.7020000E+00    5.5976402E-03    5.6011294E-03
    1.7060000E+00    5.5909764E-03    5.5944702E-03
    1.7100000E+00    5.5843187E-03    5.5878175E-03
    1.7140000E+00    5.5776670E-03    5.5811711E-03
    1.7180000E+00    5.5710215E-03    5.5745311E-03
    1.7220000E+00    5.5643819E-03    5.5678974E-03
    1.7260000E+00    5.5577485E-03    5.5612702E-03
    1.7300000E+00    5.5511211E-03    5.5546493E-03
    1.7340000E+00    5.5444997E-03    5.5480347E-03
    1.7380000E+00    5.5378844E-03    5.5414265E-03
    1.7420000E+00    5.5312750E-03    5.5348247E-03
    1.7460000E+00    5.5246717E-03    5.5282291E-03
    1.7500000E+00    5.5180744E-03    5.5216399E-03
    1.7540000E+00    5.5114832E-03    5.5150570E-03
    1.7580000E+00    5.5048979E-03    5.5084804E-03
    1.7620000E+00    5.4983186E-03    5.5019101E-03
    1.7660000E+00    5.4917453E-03    5.4953462E-03
    1.7700000E+00    5.4851780E-03    5.4887885E-03
    1.7740000E+00    5.4786167E-03    5.4822371E-03
    1.7780000E+00    5.4720614E-03    5.4756920E-03
    1.7820000E+00    5.4655121E-03    5.4691532E-03
    1.7860000E+00    5.4589687E-03    5.4626207E-03
    1.7900000E+00    5.4524313E-03    5.4560945E-03
    1.7940000E+00    5.4458999E-03    5.4495745E-03
    1.7980000E+00    5.4393745E-03    5.4430608E-03
    1.8020000E+00    5.4328550E-03    5.4365534E-03
    1.8060000E+00    5.4263415E-03    5.4300523E-03
    1.8100000E+00    5.4198340E-03    5.4235575E-03
    1.8140000E+00    5.4133325E-03    5.4170689E-03
    1.8180000E+00    5.4068370E-03    5.4105866E-03
    1.8220000E+00    5.4003474E-03    5.4041106E-03
    1.8260000E+00    5.3938638E-03    5.3976409E-03
    1.8300000E+00    5.3873862E-03    5.3911774E-03
    1.8340000E+00    5.3809146E-03    5.3847203E-03
    1.8380000E+00    5.3744489E-03    5.3782694E-03
    1.8420000E+00    5.3679893E-03    5.3718248E-03
    1.8460000E+00    5.3615356E-03    5.3653865E-03
    1.8500000E+00    5.3550880E-03    5.3589545E-03
    1.8540000E+00    5.3486463E-03    5.3525287E-03
    1.8580000E+00    5.3422107E-03    5.3461093E-03
    1.8620000E+00    5.3357810E-03    5.3396962E-03
    1.8660000E+00    5.3293574E-03    5.3332894E-03
    1.8700000E+00    5.3229398E-03    5.3268889E-03
    1.8740000E+00    5.3165283E-03    5.3204947E-03
    1.8780000E+00    5.3101227E-03    5.3141068E-03
    1.8820000E+00    5.3037233E-03    5.3077253E-03
    1.8860000E+00    5.2973298E-03    5.3013501E-03
    1.8900000E+00    5.2909424E-03    5.2949813E-03
    1.8940000E+00    5.2845611E-03    5.2886188E-03
    1.8980000E+00    5.2781859E-03    5.2822626E-03
    1.9020000E+00    5.2718167E-03    5.2759128E-03
    1.9060000E+00    5.2654536E-03    5.2695694E-03
    1.9100000E+00    5.2590966E-03    5.2632323E-03
    1.9140000E+00    5.2527457E-03    5.2569017E-03
    1.9180000E+00    5.2464010E-03    5.2505774E-03
    1.9220000E+00    5.2400623E-03    5.2442596E-03
    1.9260000E+00    5.2337298E-03    5.2379481E-03
    1.9300000E+00    5.2274035E-03    5.2316431E-03
    1.9340000E+00    5.2210833E-03    5.2253445E-03
    1.9380000E+00    5.2147692E-03    5.2190523E-03
    1.9420000E+00    5.2084614E-03    5.2127666E-03
    1.9460000E+00    5.2021597E-03    5.2064873E-03
    1.9500000E+00    5.1958642E-03    5.2002145E-03
    1.9540000E+00    5.1895750E-03    5.1939482E-03
    1.9580000E+00    5.1832919E-03    5.1876884E-03
    1.9620000E+00    5.1770151E-03    5.1814351E-03
    1.9660000E+00    5.1707446E-03    5.1751883E-03
    1.9700000E+00    5.1644803E-03    5.1689481E-03
    1.9740000E+00    5.1582223E-03    5.1627144E-03
    1.9780000E+00    5.1519706E-03    5.1564872E-03
    1.9820000E+00    5.1457252E-03    5.1502666E-03
    1.9860000E+00    5.1394861E-03    5.1440526E-03
    1.9900000E+00    5.1332533E-03    5.1378451E-03
    1.9940000E+00    5.1270269E-03    5.1316443E-03
    1.9980000E+00    5.1208069E-03    5.1254501E-03
    2.0020000E+00    5.1145932E-03    5.1192626E-03
    2.0060000E+00    5.1083859E-03    5.1130816E-03
    2.0100000E+00    5.1021851E-03    5.1069074E-03
    2.0140000E+00    5.0959906E-03    5.1007398E-03
    2.0180000E+00    5.0898026E-03    5.0945789E-03
    2.0220000E+00    5.0836211E-03    5.0884247E-03
    2.0260000E+00    5.0774460E-03    5.0822773E-03
    2.0300000E+00    5.0712775E-03    5.0761366E-03
    2.0340000E+00    5.0651154E-03    5.0700026E-03
    2.0380000E+00    5.0589599E-03    5.0638754E-03
    2.0420000E+00    5.0528109E-03    5.0577550E-03
    2.0460000E+00    5.0466685E-03    5.0516414E-03
    2.0500000E+00    5.0405326E-03    5.0455346E-03
    2.0540000E+00    5.0344034E-03    5.0394347E-03
    2.0580000E+00    5.0282807E-03    5.0333416E-03
    2.0620000E+00    5.0221647E-03    5.0272554E-03
    2.0660000E+00    5.0160554E-03    5.0211761E-03
    2.0700000E+00    5.0099527E-03    5.0151036E-03
    2.0740000E+00    5.0038568E-03    5.0090382E-03
    2.0780000E+00    4.9977675E-03    5.0029796E-03
    2.0820000E+00    4.9916850E-03    4.9969280E-03
    2.0860000E+00    4.9856092E-03    4.9908834E-03
    2.0900000E+00    4.9795402E-03    4.9848458E-03
    2.0940000E+00    4.9734780E-03    4.9788152E-03
    2.0980000E+00    4.9674226E-03    4.9727917E-03
    2.1020000E+00    4.9613740E-03    4.9667752E-03
    2.1060000E+00    4.9553323E-03    4.9607658E-03
    2.1100000E+00    4.9492975E-03    4.9547635E-03
    2.1140000E+00    4.9432696E-03    4.9487683E-03
    2.1180000E+00    4.9372486E-03    4.9427803E-03
    2.1220000E+00    4.9312345E-03    4.9367994E-03
    2.1260000E+00    4.9252274E-03    4.9308257E-03
    2.1300000E+00    4.9192273E-03    4.9248591E-03
    2.1340000E+00    4.9132342E-03    4.9188998E-03
    2.1380000E+00    4.9072481E-03    4.9129478E-03
    2.1420000E+00    4.9012691E-03    4.9070030E-03
    2.1460000E+00    4.8952971E-03    4.9010655E-03
    2.1500000E+00    4.8893322E-03    4.8951353E-03
    2.1540000E+00    4.8833745E-03    4.8892124E-03
    2.1580000E+00    4.8774239E-03    4.8832969E-03
    2.1620000E+00    4.8714805E-03    4.8773887E-03
    2.1660000E+00    4.8655443E-03    4.8714880E-03
    2.1700000E+00    4.8596153E-03    4.8655946E-03
    2.1740000E+00    4.8536935E-03    4.8597087E-03
    2.1780000E+00    4.8477790E-03    4.8538303E-03
    2.1820000E+00    4.8418718E-03    4.8479593E-03
    2.1860000E+00    4.8359719E-03    4.8420958E-03
    2.1900000E+00    4.8300793E-03    4.8362399E-03
    2.1940000E+00    4.8241941E-03    4.8303915E-03
    2.1980000E+00    4.8183162E-03    4.8245507E-03
    2.2020000E+00    4.8124458E-03    4.8187175E-03
    2.2060000E+00    4.8065829E-03    4.8128920E-03
    2.2100000E+00    4.8007273E-03    4.8070740E-03
    2.2140000E+00    4.7948793E-03    4.8012638E-03
    2.2180000E+00    4.7890388E-03    4.7954612E-03
    2.2220000E+00    4.7832058E-03    4.7896663E-03
    2.2260000E+00    4.7773804E-03    4.7838792E-03
    2.2300000E+00    4.7715626E-03    4.7780999E-03
    2.2340000E+00    4.7657524E-03    4.7723284E-03
    2.2380000E+00    4.7599498E-03    4.7665646E-03
    2.2420000E+00    4.7541549E-03    4.7608088E-03
    2.2460000E+00    4.7483677E-03    4.7550607E-03
    2.2500000E+00    4.7425882E-03    4.7493206E-03
    2.2540000E+00    4.7368165E-03    4.7435884E-03
    2.2580000E+00    4.7310525E-03    4.7378641E-03
    2.2620000E+00    4.7252963E-03    4.7321478E-03
    2.2660000E+00    4.7195480E-03    4.7264395E-03
    2.2700000E+00    4.7138075E-03    4.7207392E-03
    2.2740000E+00    4.7080749E-03    4.7150470E-03
    2.2780000E+00    4.7023502E-03    4.7093628E-03
    2.2820000E+00    4.6966335E-03    4.7036867E-03
    2.2860000E+00    4.6909247E-03    4.6980188E-03
    2.2900000E+00    4.6852239E-03    4.6923589E-03
    2.2940000E+00    4.6795311E-03    4.6867073E-03
    2.2980000E+00    4.6738464E-03    4.6810639E-03
    2.3020000E+00    4.6681697E-03    4.6754286E-03
    2.3060000E+00    4.6625012E-03    4.6698017E-03
    2.3100000E+00    4.6568407E-03    4.6641830E-03
    2.3140000E+00    4.6511885E-03    4.6585726E-03
    2.3180000E+00    4.6455444E-03    4.6529706E-03
    2.3220000E+00    4.6399085E-03    4.6473769E-03
    2.3260000E+00    4.6342809E-03    4.6417916E-03
    2.3300000E+00    4.6286616E-03    4.6362147E-03
    2.3340000E+00    4.6230505E-03    4.6306462E-03
    2.3380000E+00    4.6174478E-03    4.6250862E-03
    2.3420000E+00    4.6118534E-03    4.6195347E-03
    2.3460000E+00    4.6062675E-03    4.6139918E-03
    2.3500000E+00    4.6006899E-03    4.6084574E-03
    2.3540000E+00    4.5951208E-03    4.6029315E-03
    2.3580000E+00    4.5895601E-03    4.5974143E-03
    2.3620000E+00    4.5840080E-03    4.5919056E-03
    2.3660000E+00    4.5784644E-03    4.5864057E-03
    2.3700000E+00    4.5729293E-03    4.5809144E-03
    2.3740000E+00    4.5674029E-03    4.5754319E-03
    2.3780000E+00    4.5618851E-03    4.5699581E-03
    2.3820000E+00    4.5563759E-03    4.5644930E-03
    2.3860000E+00    4.5508753E-03    4.5590368E-03
    2.3900000E+00    4.5453835E-03    4.5535893E-03
    2.3940000E+00    4.5399005E-03    4.5481508E-03
    2.3980000E+00    4.5344262E-03    4.5427211E-03
    2.4020000E+00    4.5289607E-03    4.5373003E-03
    2.4060000E+00    4.5235040E-03    4.5318885E-03
    2.4100000E+00    4.5180562E-03    4.5264856E-03
    2.4140000E+00    4.5126172E-03    4.5210917E-03
    2.4180000E+00    4.5071872E-03    4.5157068E-03
    2.4220000E+00    4.5017661E-03    4.5103310E-03
    2.4260000E+00    4.4963540E-03    4.5049643E-03
    2.4300000E+00    4.4909509E-03    4.4996066E-03
    2.4340000E+00    4.4855568E-03    4.4942582E-03
    2.4380000E+00    4.4801718E-03    4.4889188E-03
    2.4420000E+00    4.4747959E-03    4.4835887E-03
    2.4460000E+00    4.4694291E-03    4.4782678E-03
    2.4500000E+00    4.4640715E-03    4.4729561E-03
    2.4540000E+00    4.4587231E-03    4.4676537E-03
    2.4580000E+00    4.4533838E-03    4.4623606E-03
    2.4620000E+00    4.4480538E-03    4.4570769E-03
    2.4660000E+00    4.4427331E-03    4.4518025E-03
    2.4700000E+00    4.4374217E-03    4.4465375E-03
    2.4740000E+00    4.4321197E-03    4.4412819E-03
    2.4780000E+00    4.4268270E-03    4.4360358E-03
    2.4820000E+00    4.4215437E-03    4.4307992E-03
    2.4860000E+00    4.4162698E-03    4.4255721E-03
    2.4900000E+00    4.4110054E-03    4.4203545E-03
    2.4940000E+00    4.4057504E-03    4.4151464E-03
    2.4980000E+00    4.4005050E-03    4.4099480E-03
    2.5020000E+00    4.3952691E-03    4.4047592E-03
    2.5060000E+00    4.3900429E-03    4.3995800E-03
    2.5100000E+00    4.3848262E-03    4.3944106E-03
    2.5140000E+00    4.3796191E-03    4.3892508E-03
    2.5180000E+00    4.3744218E-03    4.3841008E-03
    2.5220000E+00    4.3692341E-03    4.3789605E-03
    2.5260000E+00    4.3640562E-03    4.3738300E-03
    2.5300000E+00    4.3588880E-03    4.3687094E-03
    2.5340000E+00    4.3537296E-03    4.3635986E-03
    2.5380000E+00    4.3485811E-03    4.3584977E-03
    2.5420000E+00    4.3434424E-03    4.3534068E-03
    2.5460000E+00    4.3383135E-03    4.3483257E-03
    2.5500000E+00    4.3331946E-03    4.3432546E-03
    2.5540000E+00    4.3280857E-03    4.3381936E-03
    2.5580000E+00    4.3229867E-03    4.3331425E-03
    2.5620000E+00    4.3178977E-03    4.3281016E-03
    2.5660000E+00    4.3128188E-03    4.3230707E-03
    2.5700000E+00    4.3077499E-03    4.3180499E-03
    2.5740000E+00    4.3026911E-03    4.3130393E-03
    2.5780000E+00    4.2976425E-03    4.3080388E-03
    2.5820000E+00    4.2926040E-03    4.3030486E-03
    2.5860000E+00    4.2875757E-03    4.2980685E-03
    2.5900000E+00    4.2825576E-03    4.2930988E-03
    2.5940000E+00    4.2775498E-03    4.2881393E-03
    2.5980000E+00    4.2725522E-03    4.2831902E-03
    2.6020000E+00    4.2675650E-03    4.2782514E-03
    2.6060000E+00    4.2625881E-03    4.2733230E-03
    2.6100000E+00    4.2576215E-03    4.2684049E-03
    2.6140000E+00    4.2526654E-03    4.2634974E-03
    2.6180000E+00    4.2477197E-03    4.2586003E-03
    2.6220000E+00    4.2427845E-03    4.2537136E-03
    2.6260000E+00    4.2378598E-03    4.2488375E-03
    2.6300000E+00    4.2329455E-03    4.2439720E-03
    2.6340000E+00    4.2280419E-03    4.2391170E-03
    2.6380000E+00    4.2231488E-03    4.2342727E-03
    2.6420000E+00    4.2182663E-03    4.2294389E-03
    2.6460000E+00    4.2133945E-03    4.2246159E-03
    2.6500000E+00    4.2085334E-03    4.2198035E-03
    2.6540000E+00    4.2036829E-03    4.2150019E-03
    2.6580000E+00    4.1988432E-03    4.2102110E-03
    2.6620000E+00    4.1940143E-03    4.2054309E-03
    2.6660000E+00    4.1891961E-03    4.2006616E-03
    2.6700000E+00    4.1843888E-03    4.1959031E-03
    2.6740000E+00    4.1795923E-03    4.1911556E-03
    2.6780000E+00    4.1748068E-03    4.1864189E-03
    2.6820000E+00    4.1700321E-03    4.1816931E-03
    2.6860000E+00    4.1652684E-03    4.1769783E-03
    2.6900000E+00    4.1605156E-03    4.1722744E-03
    2.6940000E+00    4.1557739E-03    4.1675816E-03
    2.6980000E+00    4.1510432E-03    4.1628998E-03
    2.7020000E+00    4.1463235E-03    4.1582291E-03
    2.7060000E+00    4.1416150E-03    4.1535694E-03
    2.7100000E+00    4.1369175E-03    4.1489209E-03
    2.7140000E+00    4.1322313E-03    4.1442836E-03
    2.7180000E+00    4.1275562E-03    4.1396574E-03
    2.7220000E+00    4.1228923E-03    4.1350424E-03
    2.7260000E+00    4.1182396E-03    4.1304387E-03
    2.7300000E+00    4.1135983E-03    4.1258462E-03
    2.7340000E+00    4.1089682E-03    4.1212650E-03
    2.7380000E+00    4.1043495E-03    4.1166952E-03
    2.7420000E+00    4.0997421E-03    4.1121366E-03
    2.7460000E+00    4.0951461E-03    4.1075895E-03
    2.7500000E+00    4.0905615E-03    4.1030538E-03
    2.7540000E+00    4.0859884E-03    4.0985295E-03
    2.7580000E+00    4.0814267E-03    4.0940166E-03
    2.7620000E+00    4.0768766E-03    4.0895152E-03
    2.7660000E+00    4.0723379E-03    4.0850254E-03
    2.7700000E+00    4.0678109E-03    4.0805471E-03
    2.7740000E+00    4.0632954E-03    4.0760803E-03
    2.7780000E+00    4.0587916E-03    4.0716252E-03
    2.7820000E+00    4.0542994E-03    4.0671817E-03
    2.7860000E+00    4.0498189E-03    4.0627498E-03
    2.7900000E+00    4.0453501E-03    4.0583296E-03
    2.7940000E+00    4.0408930E-03    4.0539211E-03
    2.7980000E+00    4.0364477E-03    4.0495244E-03
    2.8020000E+00    4.0320142E-03    4.0451394E-03
    2.8060000E+00    4.0275925E-03    4.0407662E-03
    2.8100000E+00    4.0231826E-03    4.0364048E-03
    2.8140000E+00    4.0187846E-03    4.0320553E-03
    2.8180000E+00    4.0143986E-03    4.0277176E-03
    2.8220000E+00    4.0100245E-03    4.0233918E-03
    2.8260000E+00    4.0056623E-03    4.0190780E-03
    2.8300000E+00    4.0013121E-03    4.0147761E-03
    2.8340000E+00    3.9969739E-03    4.0104861E-03
    2.8380000E+00    3.9926478E-03    4.0062082E-03
    2.8420000E+00    3.9883338E-03    4.0019423E-03
    2.8460000E+00    3.9840319E-03    3.9976885E-03
    2.8500000E+00    3.9797420E-03    3.9934467E-03
    2.8540000E+00    3.9754644E-03    3.9892170E-03
    2.8580000E+00    3.9711989E-03    3.9849995E-03
    2.8620000E+00    3.9669457E-03    3.9807942E-03
    2.8660000E+00    3.9627047E-03    3.9766010E-03
    2.8700000E+00    3.9584759E-03    3.9724201E-03
    2.8740000E+00    3.9542595E-03    3.9682513E-03
    2.8780000E+00    3.9500553E-03    3.9640949E-03
    2.8820000E+00    3.9458635E-03    3.9599507E-03
    2.8860000E+00    3.9416841E-03    3.9558189E-03
    2.8900000E+00    3.9375171E-03    3.9516994E-03
    2.8940000E+00    3.9333626E-03    3.9475923E-03
    2.8980000E+00    3.9292205E-03    3.9434976E-03
    2.9020000E+00    3.9250908E-03    3.9394153E-03
    2.9060000E+00    3.9209737E-03    3.9353454E-03
    2.9100000E+00    3.9168691E-03    3.9312880E-03
    2.9140000E+00    3.9127771E-03    3.9272431E-03
    2.9180000E+00    3.9086977E-03    3.9232108E-03
    2.9220000E+00    3.9046309E-03    3.9191910E-03
    2.9260000E+00    3.9005767E-03    3.9151837E-03
    2.9300000E+00    3.8965352E-03    3.9111891E-03
    2.9340000E+00    3.8925064E-03    3.9072071E-03
    2.9380000E+00    3.8884903E-03    3.9032377E-03
    2.9420000E+00    3.8844870E-03    3.8992810E-03
    2.9460000E+00    3.8804965E-03    3.8953370E-03
    2.9500000E+00    3.8765187E-03    3.8914057E-03
    2.9540000E+00    3.8725538E-03    3.8874872E-03
    2.9580000E+00    3.8686017E-03    3.8835814E-03
    2.9620000E+00    3.8646625E-03    3.8796885E-03
    2.9660000E+00    3.8607362E-03    3.8758083E-03
    2.9700000E+00    3.8568229E-03    3.8719411E-03
    2.9740000E+00    3.8529225E-03    3.8680866E-03
    2.9780000E+00    3.8490350E-03    3.8642451E-03
    2.9820000E+00    3.8451606E-03    3.8604165E-03
    2.9860000E+00    3.8412992E-03    3.8566009E-03
    2.9900000E+00    3.8374509E-03    3.8527982E-03
    2.9940000E+00    3.8336156E-03    3.8490085E-03
    2.9980000E+00    3.8297935E-03    3.8452318E-03
    3.0020000E+00    3.8259844E-03    3.8414681E-03
    3.0060000E+00    3.8221886E-03    3.8377175E-03
    3.0100000E+00    3.8184059E-03    3.8339800E-03
    3.0140000E+00    3.8146364E-03    3.8302556E-03
    3.0180000E+00    3.8108802E-03    3.8265444E-03
    3.0220000E+00    3.8071372E-03    3.8228463E-03
    3.0260000E+00    3.8034074E-03    3.8191613E-03
    3.0300000E+00    3.7996910E-03    3.8154896E-03
    3.0340000E+00    3.7959879E-03    3.8118311E-03
    3.0380000E+00    3.7922982E-03    3.8081859E-03
    3.0420000E+00    3.7886218E-03    3.8045539E-03
    3.0460000E+00    3.7849588E-03    3.8009352E-03
    3.0500000E+00    3.7813093E-03    3.7973299E-03
    3.0540000E+00    3.7776732E-03    3.7937378E-03
    3.0580000E+00    3.7740505E-03    3.7901592E-03
    3.0620000E+00    3.7704414E-03    3.7865939E-03
    3.0660000E+00    3.7668458E-03    3.7830420E-03
    3.0700000E+00    3.7632637E-03    3.7795036E-03
    3.0740000E+00    3.7596952E-03    3.7759786E-03
    3.0780000E+00    3.7561402E-03    3.7724671E-03
    3.0820000E+00    3.7525989E-03    3.7689691E-03
    3.0860000E+00    3.7490712E-03    3.7654846E-03
    3.0900000E+00    3.7455571E-03    3.7620136E-03
    3.0940000E+00    3.7420568E-03    3.7585562E-03
    3.0980000E+00    3.7385701E-03    3.7551124E-03
    3.1020000E+00    3.7350972E-03    3.7516822E-03
    3.1060000E+00    3.7316380E-03    3.7482656E-03
    3.1100000E+00    3.7281926E-03    3.7448627E-03
    3.1140000E+00    3.7247609E-03    3.7414735E-03
    3.1180000E+00    3.7213431E-03    3.7380979E-03
    3.1220000E+00    3.7179391E-03    3.7347360E-03
    3.1260000E+00    3.7145490E-03    3.7313879E-03
    3.1300000E+00    3.7111727E-03    3.7280536E-03
    3.1340000E+00    3.7078104E-03    3.7247330E-03
    3.1380000E+00    3.7044620E-03    3.7214262E-03
    3.1420000E+00    3.7011275E-03    3.7181332E-03
    3.1460000E+00    3.6978070E-03    3.7148541E-03
    3.1500000E+00    3.6945005E-03    3.7115888E-03
    3.1540000E+00    3.6912079E-03    3.7083374E-03
    3.1580000E+00    3.6879295E-03    3.7050999E-03
    3.1620000E+00    3.6846650E-03    3.7018763E-03
    3.1660000E+00    3.6814147E-03    3.6986667E-03
    3.1700000E+00    3.6781784E-03    3.6954710E-03
    3.1740000E+00    3.6749562E-03    3.6922893E-03
    3.1780000E+00    3.6717482E-03    3.6891216E-03
    3.1820000E+00    3.6685544E-03    3.6859679E-03
    3.1860000E+00    3.6653747E-03    3.6828283E-03
    3.1900000E+00    3.6622092E-03    3.6797027E-03
    3.1940000E+00    3.6590579E-03    3.6765912E-03
    3.1980000E+00    3.6559209E-03    3.6734938E-03
    3.2020000E+00    3.6527981E-03    3.6704105E-03
    3.2060000E+00    3.6496896E-03    3.6673414E-03
    3.2100000E+00    3.6465955E-03    3.6642864E-03
    3.2140000E+00    3.6435156E-03    3.6612456E-03
    3.2180000E+00    3.6404501E-03    3.6582190E-03
    3.2220000E+00    3.6373989E-03    3.6552066E-03
    3.2260000E+00    3.6343621E-03    3.6522084E-03
    3.2300000E+00    3.6313397E-03    3.6492245E-03
    3.2340000E+00    3.6283317E-03    3.6462548E-03
    3.2380000E+00    3.6253382E-03    3.6432995E-03
    3.2420000E+00    3.6223591E-03    3.6403584E-03
    3.2460000E+00    3.6193945E-03    3.6374317E-03
    3.2500000E+00    3.6164443E-03    3.6345193E-03
    3.2540000E+00    3.6135087E-03    3.6316213E-03
    3.2580000E+00    3.6105877E-03    3.6287377E-03
    3.2620000E+00    3.6076812E-03    3.6258684E-03
    3.2660000E+00    3.6047892E-03    3.6230136E-03
    3.2700000E+00    3.6019118E-03    3.6201732E-03
    3.2740000E+00    3.5990491E-03    3.6173472E-03
    3.2780000E+00    3.5962010E-03    3.6145358E-03
    3.2820000E+00    3.5933675E-03    3.6117388E-03
    3.2860000E+00    3.5905486E-03    3.6089563E-03
    3.2900000E+00    3.5877445E-03    3.6061883E-03
    3.2940000E+00    3.5849551E-03    3.6034349E-03
    3.2980000E+00    3.5821803E-03    3.6006960E-03
    3.3020000E+00    3.5794203E-03    3.5979717E-03
    3.3060000E+00    3.5766751E-03    3.5952620E-03
    3.3100000E+00    3.5739446E-03    3.5925669E-03
    3.3140000E+00    3.5712289E-03    3.5898865E-03
    3.3180000E+00    3.5685280E-03    3.5872206E-03
    3.3220000E+00    3.5658420E-03    3.5845694E-03
    3.3260000E+00    3.5631707E-03    3.5819329E-03
    3.3300000E+00    3.5605144E-03    3.5793111E-03
    3.3340000E+00    3.5578728E-03    3.5767040E-03
    3.3380000E+00    3.5552462E-03    3.5741116E-03
    3.3420000E+00    3.5526345E-03    3.5715340E-03
    3.3460000E+00    3.5500377E-03    3.5689711E-03
    3.3500000E+00    3.5474559E-03    3.5664229E-03
    3.3540000E+00    3.5448890E-03    3.5638896E-03
    3.3580000E+00    3.5423371E-03    3.5613710E-03
    3.3620000E+00    3.5398002E-03    3.5588673E-03
    3.3660000E+00    3.5372782E-03    3.5563784E-03
    3.3700000E+00    3.5347713E-03    3.5539044E-03
    3.3740000E+00    3.5322795E-03    3.5514452E-03
    3.3780000E+00    3.5298026E-03    3.5490009E-03
    3.3820000E+00    3.5273409E-03    3.5465715E-03
    3.3860000E+00    3.5248942E-03    3.5441569E-03
    3.3900000E+00    3.5224627E-03    3.5417574E-03
    3.3940000E+00    3.5200462E-03    3.5393727E-03
    3.3980000E+00    3.5176449E-03    3.5370030E-03
    3.4020000E+00    3.5152587E-03    3.5346483E-03
    3.4060000E+00    3.5128877E-03    3.5323086E-03
    3.4100000E+00    3.5105319E-03    3.5299838E-03
    3.4140000E+00    3.5081912E-03    3.5276741E-03
    3.4180000E+00    3.5058658E-03    3.5253794E-03
    3.4220000E+00    3.5035556E-03    3.5230997E-03
    3.4260000E+00    3.5012606E-03    3.5208351E-03
    3.4300000E+00    3.4989808E-03    3.5185855E-03
    3.4340000E+00    3.4967164E-03    3.5163510E-03
    3.4380000E+00    3.4944672E-03    3.5141316E-03
    3.4420000E+00    3.4922333E-03    3.5119274E-03
    3.4460000E+00    3.4900147E-03    3.5097382E-03
    3.4500000E+00    3.4878114E-03    3.5075642E-03
    3.4540000E+00    3.4856234E-03    3.5054053E-03
    3.4580000E+00    3.4834508E-03    3.5032616E-03
    3.4620000E+00    3.4812936E-03    3.5011331E-03
    3.4660000E+00    3.4791517E-03    3.4990198E-03
    3.4700000E+00    3.4770253E-03    3.4969216E-03
    3.4740000E+00    3.4749142E-03    3.4948387E-03
    3.4780000E+00    3.4728186E-03    3.4927710E-03
    3.4820000E+00    3.4707383E-03    3.4907185E-03
    3.4860000E+00    3.4686736E-03    3.4886813E-03
    3.4900000E+00    3.4666242E-03    3.4866594E-03
    3.4940000E+00    3.4645904E-03    3.4846527E-03
    3.4980000E+00    3.4625720E-03    3.4826613E-03
    3.5020000E+00    3.4605691E-03    3.4806852E-03
    3.5060000E+00    3.4585818E-03    3.4787245E-03
    3.5100000E+00    3.4566099E-03    3.4767790E-03
    3.5140000E+00    3.4546536E-03    3.4748489E-03
    3.5180000E+00    3.4527128E-03    3.4729341E-03
    3.5220000E+00    3.4507876E-03    3.4710347E-03
    3.5260000E+00    3.4488779E-03    3.4691507E-03
    3.5300000E+00    3.4469838E-03    3.4672821E-03
    3.5340000E+00    3.4451053E-03    3.4654288E-03
    3.5380000E+00    3.4432424E-03    3.4635910E-03
    3.5420000E+00    3.4413952E-03    3.4617686E-03
    3.5460000E+00    3.4395635E-03    3.4599616E-03
    3.5500000E+00    3.4377475E-03    3.4581700E-03
    3.5540000E+00    3.4359472E-03    3.4563939E-03
    3.5580000E+00    3.4341625E-03    3.4546333E-03
    3.5620000E+00    3.4323935E-03    3.4528881E-03
    3.5660000E+00    3.4306401E-03    3.4511584E-03
    3.5700000E+00    3.4289025E-03    3.4494442E-03
    3.5740000E+00    3.4271805E-03    3.4477455E-03
    3.5780000E+00    3.4254743E-03    3.4460623E-03
    3.5820000E+00    3.4237838E-03    3.4443947E-03
    3.5860000E+00    3.4221090E-03    3.4427425E-03
    3.5900000E+00    3.4204500E-03    3.4411060E-03
    3.5940000E+00    3.4188068E-03    3.4394849E-03
    3.5980000E+00    3.4171793E-03    3.4378795E-03
    3.6020000E+00    3.4155676E-03    3.4362896E-03
    3.6060000E+00    3.4139716E-03    3.4347153E-03
    3.6100000E+00    3.4123915E-03    3.4331566E-03
    3.6140000E+00    3.4108272E-03    3.4316135E-03
    3.6180000E+00    3.4092787E-03    3.4300860E-03
    3.6220000E+00    3.4077460E-03    3.4285741E-03
    3.6260000E+00    3.4062292E-03    3.4270778E-03
    3.6300000E+00    3.4047282E-03    3.4255972E-03
    3.6340000E+00    3.4032431E-03    3.4241323E-03
    3.6380000E+00    3.4017738E-03    3.4226830E-03
    3.6420000E+00    3.4003204E-03    3.4212493E-03
    3.6460000E+00    3.3988829E-03    3.4198314E-03
    3.6500000E+00    3.3974613E-03    3.4184291E-03
    3.6540000E+00    3.3960555E-03    3.4170425E-03
    3.6580000E+00    3.3946657E-03    3.4156716E-03
    3.6620000E+00    3.3932918E-03    3.4143164E-03
    3.6660000E+00    3.3919339E-03    3.4129770E-03
    3.6700000E+00    3.3905918E-03    3.4116532E-03
    3.6740000E+00    3.3892657E-03    3.4103452E-03
    3.6780000E+00    3.3879556E-03    3.4090529E-03
    3.6820000E+00    3.3866614E-03    3.4077764E-03
    3.6860000E+00    3.3853832E-03    3.4065156E-03
    3.6900000E+00    3.3841210E-03    3.4052706E-03
    3.6940000E+00    3.3828747E-03    3.4040414E-03
    3.6980000E+00    3.3816445E-03    3.4028280E-03
    3.7020000E+00    3.3804302E-03    3.4016303E-03
    3.7060000E+00    3.3792320E-03    3.4004484E-03
    3.7100000E+00    3.3780497E-03    3.3992823E-03
    3.7140000E+00    3.3768835E-03    3.3981321E-03
    3.7180000E+00    3.3757333E-03    3.3969976E-03
    3.7220000E+00    3.3745992E-03    3.3958790E-03
    3.7260000E+00    3.3734811E-03    3.3947762E-03
    3.7300000E+00    3.3723790E-03    3.3936892E-03
    3.7340000E+00    3.3712930E-03    3.3926181E-03
    3.7380000E+00    3.3702230E-03    3.3915628E-03
    3.7420000E+00    3.3691692E-03    3.3905233E-03
    3.7460000E+00    3.3681314E-03    3.3894998E-03
    3.7500000E+00    3.3671096E-03    3.3884921E-03
    3.7540000E+00    3.3661040E-03    3.3875002E-03
    3.7580000E+00    3.3651145E-03    3.3865243E-03
    3.7620000E+00    3.3641411E-03    3.3855642E-03
    3.7660000E+00    3.3631837E-03    3.3846200E-03
    3.7700000E+00    3.3622425E-03    3.3836917E-03
    3.7740000E+00    3.3613174E-03    3.3827793E-03
    3.7780000E+00    3.3604085E-03    3.3818828E-03
    3.7820000E+00    3.3595156E-03    3.3810022E-03
    3.7860000E+00    3.3586389E-03    3.3801376E-03
    3.7900000E+00    3.3577783E-03    3.3792888E-03
    3.7940000E+00    3.3569339E-03    3.3784560E-03
    3.7980000E+00    3.3561057E-03    3.3776392E-03
    3.8020000E+00    3.3552936E-03    3.3768382E-03
    3.8060000E+00    3.3544976E-03    3.3760532E-03
    3.8100000E+00    3.3537178E-03    3.3752842E-03
    3.8140000E+00    3.3529542E-03    3.3745311E-03
    3.8180000E+00    3.3522068E-03    3.3737939E-03
    3.8220000E+00    3.3514755E-03    3.3730727E-03
    3.8260000E+00    3.3507605E-03    3.3723675E-03
    3.8300000E+00    3.3500616E-03    3.3716782E-03
    3.8340000E+00    3.3493789E-03    3.3710049E-03
    3.8380000E+00    3.3487124E-03    3.3703476E-03
    3.8420000E+00    3.3480621E-03    3.3697063E-03
    3.8460000E+00    3.3474280E-03    3.3690810E-03
    3.8500000E+00    3.3468102E-03    3.3684716E-03
    3.8540000E+00    3.3462085E-03    3.3678782E-03
    3.8580000E+00    3.3456231E-03    3.3673009E-03
    3.8620000E+00    3.3450538E-03    3.3667395E-03
    3.8660000E+00    3.3445009E-03    3.3661941E-03
    3.8700000E+00    3.3439641E-03    3.3656648E-03
    3.8740000E+00    3.3434436E-03    3.3651514E-03
    3.8780000E+00    3.3429392E-03    3.3646541E-03
    3.8820000E+00    3.3424512E-03    3.3641727E-03
    3.8860000E+00    3.3419794E-03    3.3637074E-03
    3.8900000E+00    3.3415238E-03    3.3632581E-03
    3.8940000E+00    3.3410844E-03    3.3628248E-03
    3.8980000E+00    3.3406614E-03    3.3624076E-03
    3.9020000E+00    3.3402545E-03    3.3620064E-03
    3.9060000E+00    3.3398639E-03    3.3616212E-03
    3.9100000E+00    3.3394896E-03    3.3612520E-03
    3.9140000E+00    3.3391316E-03    3.3608989E-03
    3.9180000E+00    3.3387898E-03    3.3605618E-03
    3.9220000E+00    3.3384642E-03    3.3602408E-03
    3.9260000E+00    3.3381549E-03    3.3599358E-03
    3.9300000E+00    3.3378619E-03    3.3596468E-03
    3.9340000E+00    3.3375852E-03    3.3593739E-03
    3.9380000E+00    3.3373247E-03    3.3591170E-03
    3.9420000E+00    3.3370805E-03    3.3588762E-03
    3.9460000E+00    3.3368526E-03    3.3586514E-03
    3.9500000E+00    3.3366409E-03    3.3584427E-03
    3.9540000E+00    3.3364455E-03    3.3582500E-03
    3.9580000E+00    3.3362665E-03    3.3580734E-03
    3.9620000E+00    3.3361036E-03    3.3579128E-03
    3.9660000E+00    3.3359571E-03    3.3577683E-03
    3.9700000E+00    3.3358268E-03    3.3576398E-03
    3.9740000E+00    3.3357128E-03    3.3575274E-03
    3.9780000E+00    3.3356151E-03    3.3574311E-03
    3.9820000E+00    3.3355337E-03    3.3573508E-03
    3.9860000E+00    3.3354686E-03    3.3572865E-03
    3.9900000E+00    3.3354197E-03    3.3572384E-03
    3.9940000E+00    3.3353872E-03    3.3572062E-03
    3.9980000E+00    3.3353709E-03    3.3571902E-03
