# Time          7.5000E+02
# Units: Permil
    Distance        SO4--            SO164--         
    2.0000000E-03    2.2016842E+01    8.8052960E+00
    6.0000000E-03    2.2120933E+01    9.0546168E+00
    1.0000000E-02    2.2225052E+01    9.2991262E+00
    1.4000000E-02    2.2329197E+01    9.5389100E+00
    1.8000000E-02    2.2433370E+01    9.7740528E+00
    2.2000000E-02    2.2537570E+01    1.0004638E+01
    2.6000000E-02    2.2641798E+01    1.0230747E+01
    3.0000000E-02    2.2746053E+01    1.0452460E+01
    3.4000000E-02    2.2850336E+01    1.0669857E+01
    3.8000000E-02    2.2954646E+01    1.0883015E+01
    4.2000000E-02    2.3058984E+01    1.1092010E+01
    4.6000000E-02    2.3163350E+01    1.1296919E+01
    5.0000000E-02    2.3267744E+01    1.1497815E+01
    5.4000000E-02    2.3372166E+01    1.1694771E+01
    5.8000000E-02    2.3476615E+01    1.1887858E+01
    6.2000000E-02    2.3581093E+01    1.2077147E+01
    6.6000000E-02    2.3685599E+01    1.2262706E+01
    7.0000000E-02    2.3790133E+01    1.2444605E+01
    7.4000000E-02    2.3894695E+01    1.2622910E+01
    7.8000000E-02    2.3999286E+01    1.2797686E+01
    8.2000000E-02    2.4103905E+01    1.2968999E+01
    8.6000000E-02    2.4208552E+01    1.3136911E+01
    9.0000000E-02    2.4313228E+01    1.3301486E+01
    9.4000000E-02    2.4417933E+01    1.3462785E+01
    9.8000000E-02    2.4522666E+01    1.3620869E+01
    1.0200000E-01    2.4627428E+01    1.3775796E+01
    1.0600000E-01    2.4732219E+01    1.3927626E+01
    1.1000000E-01    2.4837039E+01    1.4076415E+01
    1.1400000E-01    2.4941887E+01    1.4222220E+01
    1.1800000E-01    2.5046765E+01    1.4365096E+01
    1.2200000E-01    2.5151672E+01    1.4505099E+01
    1.2600000E-01    2.5256608E+01    1.4642281E+01
    1.3000000E-01    2.5361574E+01    1.4776696E+01
    1.3400000E-01    2.5466568E+01    1.4908395E+01
    1.3800000E-01    2.5571592E+01    1.5037429E+01
    1.4200000E-01    2.5676646E+01    1.5163847E+01
    1.4600000E-01    2.5781729E+01    1.5287700E+01
    1.5000000E-01    2.5886842E+01    1.5409036E+01
    1.5400000E-01    2.5991984E+01    1.5527901E+01
    1.5800000E-01    2.6097156E+01    1.5644343E+01
    1.6200000E-01    2.6202358E+01    1.5758408E+01
    1.6600000E-01    2.6307590E+01    1.5870140E+01
    1.7000000E-01    2.6412852E+01    1.5979583E+01
    1.7400000E-01    2.6518144E+01    1.6086782E+01
    1.7800000E-01    2.6623466E+01    1.6191779E+01
    1.8200000E-01    2.6728819E+01    1.6294616E+01
    1.8600000E-01    2.6834201E+01    1.6395334E+01
    1.9000000E-01    2.6939614E+01    1.6493974E+01
    1.9400000E-01    2.7045058E+01    1.6590575E+01
    1.9800000E-01    2.7150532E+01    1.6685178E+01
    2.0200000E-01    2.7256036E+01    1.6777819E+01
    2.0600000E-01    2.7361572E+01    1.6868537E+01
    2.1000000E-01    2.7467138E+01    1.6957369E+01
    2.1400000E-01    2.7572734E+01    1.7044351E+01
    2.1800000E-01    2.7678362E+01    1.7129520E+01
    2.2200000E-01    2.7784021E+01    1.7212910E+01
    2.2600000E-01    2.7889710E+01    1.7294555E+01
    2.3000000E-01    2.7995431E+01    1.7374490E+01
    2.3400000E-01    2.8101183E+01    1.7452749E+01
    2.3800000E-01    2.8206967E+01    1.7529363E+01
    2.4200000E-01    2.8312781E+01    1.7604365E+01
    2.4600000E-01    2.8418627E+01    1.7677786E+01
    2.5000000E-01    2.8524505E+01    1.7749657E+01
    2.5400000E-01    2.8630414E+01    1.7820009E+01
    2.5800000E-01    2.8736355E+01    1.7888872E+01
    2.6200000E-01    2.8842328E+01    1.7956275E+01
    2.6600000E-01    2.8948332E+01    1.8022246E+01
    2.7000000E-01    2.9054369E+01    1.8086814E+01
    2.7400000E-01    2.9160437E+01    1.8150007E+01
    2.7800000E-01    2.9266537E+01    1.8211852E+01
    2.8200000E-01    2.9372670E+01    1.8272376E+01
    2.8600000E-01    2.9478835E+01    1.8331605E+01
    2.9000000E-01    2.9585032E+01    1.8389564E+01
    2.9400000E-01    2.9691262E+01    1.8446280E+01
    2.9800000E-01    2.9797523E+01    1.8501776E+01
    3.0200000E-01    2.9903818E+01    1.8556078E+01
    3.0600000E-01    3.0010145E+01    1.8609209E+01
    3.1000000E-01    3.0116505E+01    1.8661193E+01
    3.1400000E-01    3.0222898E+01    1.8712053E+01
    3.1800000E-01    3.0329323E+01    1.8761811E+01
    3.2200000E-01    3.0435782E+01    1.8810489E+01
    3.2600000E-01    3.0542273E+01    1.8858111E+01
    3.3000000E-01    3.0648798E+01    1.8904696E+01
    3.3400000E-01    3.0755356E+01    1.8950266E+01
    3.3800000E-01    3.0861947E+01    1.8994841E+01
    3.4200000E-01    3.0968571E+01    1.9038442E+01
    3.4600000E-01    3.1075229E+01    1.9081089E+01
    3.5000000E-01    3.1181920E+01    1.9122800E+01
    3.5400000E-01    3.1288645E+01    1.9163596E+01
    3.5800000E-01    3.1395404E+01    1.9203495E+01
    3.6200000E-01    3.1502196E+01    1.9242514E+01
    3.6600000E-01    3.1609023E+01    1.9280674E+01
    3.7000000E-01    3.1715883E+01    1.9317990E+01
    3.7400000E-01    3.1822777E+01    1.9354480E+01
    3.7800000E-01    3.1929706E+01    1.9390162E+01
    3.8200000E-01    3.2036668E+01    1.9425051E+01
    3.8600000E-01    3.2143665E+01    1.9459166E+01
    3.9000000E-01    3.2250696E+01    1.9492520E+01
    3.9400000E-01    3.2357762E+01    1.9525131E+01
    3.9800000E-01    3.2464862E+01    1.9557014E+01
    4.0200000E-01    3.2571997E+01    1.9588184E+01
    4.0600000E-01    3.2679167E+01    1.9618656E+01
    4.1000000E-01    3.2786371E+01    1.9648443E+01
    4.1400000E-01    3.2893610E+01    1.9677562E+01
    4.1800000E-01    3.3000884E+01    1.9706026E+01
    4.2200000E-01    3.3108193E+01    1.9733847E+01
    4.2600000E-01    3.3215538E+01    1.9761041E+01
    4.3000000E-01    3.3322917E+01    1.9787620E+01
    4.3400000E-01    3.3430332E+01    1.9813598E+01
    4.3800000E-01    3.3537782E+01    1.9838986E+01
    4.4200000E-01    3.3645268E+01    1.9863797E+01
    4.4600000E-01    3.3752789E+01    1.9888045E+01
    4.5000000E-01    3.3860346E+01    1.9911739E+01
    4.5400000E-01    3.3967938E+01    1.9934893E+01
    4.5800000E-01    3.4075566E+01    1.9957518E+01
    4.6200000E-01    3.4183231E+01    1.9979625E+01
    4.6600000E-01    3.4290931E+01    2.0001226E+01
    4.7000000E-01    3.4398667E+01    2.0022330E+01
    4.7400000E-01    3.4506440E+01    2.0042949E+01
    4.7800000E-01    3.4614249E+01    2.0063093E+01
    4.8200000E-01    3.4722094E+01    2.0082773E+01
    4.8600000E-01    3.4829975E+01    2.0101998E+01
    4.9000000E-01    3.4937893E+01    2.0120778E+01
    4.9400000E-01    3.5045848E+01    2.0139122E+01
    4.9800000E-01    3.5153839E+01    2.0157041E+01
    5.0200000E-01    3.5261867E+01    2.0174544E+01
    5.0600000E-01    3.5369932E+01    2.0191639E+01
    5.1000000E-01    3.5478034E+01    2.0208335E+01
    5.1400000E-01    3.5586173E+01    2.0224641E+01
    5.1800000E-01    3.5694349E+01    2.0240566E+01
    5.2200000E-01    3.5802562E+01    2.0256118E+01
    5.2600000E-01    3.5910813E+01    2.0271304E+01
    5.3000000E-01    3.6019101E+01    2.0286134E+01
    5.3400000E-01    3.6127427E+01    2.0300615E+01
    5.3800000E-01    3.6235790E+01    2.0314754E+01
    5.4200000E-01    3.6344191E+01    2.0328559E+01
    5.4600000E-01    3.6452629E+01    2.0342038E+01
    5.5000000E-01    3.6561105E+01    2.0355198E+01
    5.5400000E-01    3.6669620E+01    2.0368045E+01
    5.5800000E-01    3.6778172E+01    2.0380587E+01
    5.6200000E-01    3.6886763E+01    2.0392830E+01
    5.6600000E-01    3.6995391E+01    2.0404782E+01
    5.7000000E-01    3.7104058E+01    2.0416448E+01
    5.7400000E-01    3.7212764E+01    2.0427835E+01
    5.7800000E-01    3.7321508E+01    2.0438949E+01
    5.8200000E-01    3.7430290E+01    2.0449797E+01
    5.8600000E-01    3.7539111E+01    2.0460384E+01
    5.9000000E-01    3.7647971E+01    2.0470716E+01
    5.9400000E-01    3.7756870E+01    2.0480799E+01
    5.9800000E-01    3.7865808E+01    2.0490638E+01
    6.0200000E-01    3.7974784E+01    2.0500240E+01
    6.0600000E-01    3.8083800E+01    2.0509609E+01
    6.1000000E-01    3.8192855E+01    2.0518751E+01
    6.1400000E-01    3.8301950E+01    2.0527670E+01
    6.1800000E-01    3.8411083E+01    2.0536372E+01
    6.2200000E-01    3.8520257E+01    2.0544862E+01
    6.2600000E-01    3.8629469E+01    2.0553145E+01
    6.3000000E-01    3.8738722E+01    2.0561225E+01
    6.3400000E-01    3.8848014E+01    2.0569107E+01
    6.3800000E-01    3.8957346E+01    2.0576796E+01
    6.4200000E-01    3.9066718E+01    2.0584296E+01
    6.4600000E-01    3.9176131E+01    2.0591611E+01
    6.5000000E-01    3.9285583E+01    2.0598745E+01
    6.5400000E-01    3.9395075E+01    2.0605704E+01
    6.5800000E-01    3.9504608E+01    2.0612490E+01
    6.6200000E-01    3.9614181E+01    2.0619108E+01
    6.6600000E-01    3.9723795E+01    2.0625561E+01
    6.7000000E-01    3.9833450E+01    2.0631854E+01
    6.7400000E-01    3.9943145E+01    2.0637991E+01
    6.7800000E-01    4.0052880E+01    2.0643974E+01
    6.8200000E-01    4.0162657E+01    2.0649807E+01
    6.8600000E-01    4.0272475E+01    2.0655495E+01
    6.9000000E-01    4.0382334E+01    2.0661040E+01
    6.9400000E-01    4.0492233E+01    2.0666446E+01
    6.9800000E-01    4.0602175E+01    2.0671715E+01
    7.0200000E-01    4.0712157E+01    2.0676852E+01
    7.0600000E-01    4.0822181E+01    2.0681859E+01
    7.1000000E-01    4.0932247E+01    2.0686739E+01
    7.1400000E-01    4.1042354E+01    2.0691496E+01
    7.1800000E-01    4.1152503E+01    2.0696132E+01
    7.2200000E-01    4.1262693E+01    2.0700650E+01
    7.2600000E-01    4.1372926E+01    2.0705053E+01
    7.3000000E-01    4.1483200E+01    2.0709343E+01
    7.3400000E-01    4.1593517E+01    2.0713524E+01
    7.3800000E-01    4.1703876E+01    2.0717598E+01
    7.4200000E-01    4.1814277E+01    2.0721568E+01
    7.4600000E-01    4.1924720E+01    2.0725435E+01
    7.5000000E-01    4.2035206E+01    2.0729203E+01
    7.5400000E-01    4.2145735E+01    2.0732873E+01
    7.5800000E-01    4.2256306E+01    2.0736449E+01
    7.6200000E-01    4.2366920E+01    2.0739932E+01
    7.6600000E-01    4.2477577E+01    2.0743325E+01
    7.7000000E-01    4.2588277E+01    2.0746630E+01
    7.7400000E-01    4.2699019E+01    2.0749849E+01
    7.7800000E-01    4.2809805E+01    2.0752984E+01
    7.8200000E-01    4.2920634E+01    2.0756036E+01
    7.8600000E-01    4.3031507E+01    2.0759009E+01
    7.9000000E-01    4.3142423E+01    2.0761904E+01
    7.9400000E-01    4.3253382E+01    2.0764723E+01
    7.9800000E-01    4.3364385E+01    2.0767468E+01
    8.0200000E-01    4.3475432E+01    2.0770141E+01
    8.0600000E-01    4.3586522E+01    2.0772743E+01
    8.1000000E-01    4.3697656E+01    2.0775275E+01
    8.1400000E-01    4.3808835E+01    2.0777741E+01
    8.1800000E-01    4.3920057E+01    2.0780141E+01
    8.2200000E-01    4.4031324E+01    2.0782478E+01
    8.2600000E-01    4.4142634E+01    2.0784752E+01
    8.3000000E-01    4.4253990E+01    2.0786965E+01
    8.3400000E-01    4.4365389E+01    2.0789119E+01
    8.3800000E-01    4.4476833E+01    2.0791215E+01
    8.4200000E-01    4.4588322E+01    2.0793254E+01
    8.4600000E-01    4.4699855E+01    2.0795239E+01
    8.5000000E-01    4.4811434E+01    2.0797170E+01
    8.5400000E-01    4.4923057E+01    2.0799049E+01
    8.5800000E-01    4.5034725E+01    2.0800877E+01
    8.6200000E-01    4.5146438E+01    2.0802655E+01
    8.6600000E-01    4.5258197E+01    2.0804385E+01
    8.7000000E-01    4.5370000E+01    2.0806067E+01
    8.7400000E-01    4.5481849E+01    2.0807704E+01
    8.7800000E-01    4.5593744E+01    2.0809296E+01
    8.8200000E-01    4.5705684E+01    2.0810843E+01
    8.8600000E-01    4.5817670E+01    2.0812349E+01
    8.9000000E-01    4.5929701E+01    2.0813812E+01
    8.9400000E-01    4.6041779E+01    2.0815236E+01
    8.9800000E-01    4.6153902E+01    2.0816619E+01
    9.0200000E-01    4.6266071E+01    2.0817965E+01
    9.0600000E-01    4.6378287E+01    2.0819273E+01
    9.1000000E-01    4.6490549E+01    2.0820544E+01
    9.1400000E-01    4.6602857E+01    2.0821780E+01
    9.1800000E-01    4.6715211E+01    2.0822981E+01
    9.2200000E-01    4.6827612E+01    2.0824148E+01
    9.2600000E-01    4.6940059E+01    2.0825282E+01
    9.3000000E-01    4.7052553E+01    2.0826384E+01
    9.3400000E-01    4.7165094E+01    2.0827456E+01
    9.3800000E-01    4.7277682E+01    2.0828496E+01
    9.4200000E-01    4.7390316E+01    2.0829507E+01
    9.4600000E-01    4.7502998E+01    2.0830489E+01
    9.5000000E-01    4.7615727E+01    2.0831443E+01
    9.5400000E-01    4.7728503E+01    2.0832370E+01
    9.5800000E-01    4.7841326E+01    2.0833270E+01
    9.6200000E-01    4.7954197E+01    2.0834144E+01
    9.6600000E-01    4.8067115E+01    2.0834992E+01
    9.7000000E-01    4.8180080E+01    2.0835816E+01
    9.7400000E-01    4.8293094E+01    2.0836616E+01
    9.7800000E-01    4.8406155E+01    2.0837393E+01
    9.8200000E-01    4.8519264E+01    2.0838146E+01
    9.8600000E-01    4.8632421E+01    2.0838878E+01
    9.9000000E-01    4.8745626E+01    2.0839588E+01
    9.9400000E-01    4.8858879E+01    2.0840277E+01
    9.9800000E-01    4.8972180E+01    2.0840946E+01
    1.0020000E+00    4.9085530E+01    2.0841595E+01
    1.0060000E+00    4.9198928E+01    2.0842224E+01
    1.0100000E+00    4.9312374E+01    2.0842835E+01
    1.0140000E+00    4.9425869E+01    2.0843427E+01
    1.0180000E+00    4.9539412E+01    2.0844002E+01
    1.0220000E+00    4.9653005E+01    2.0844559E+01
    1.0260000E+00    4.9766646E+01    2.0845099E+01
    1.0300000E+00    4.9880336E+01    2.0845622E+01
    1.0340000E+00    4.9994075E+01    2.0846130E+01
    1.0380000E+00    5.0107863E+01    2.0846622E+01
    1.0420000E+00    5.0221700E+01    2.0847099E+01
    1.0460000E+00    5.0335586E+01    2.0847561E+01
    1.0500000E+00    5.0449522E+01    2.0848008E+01
    1.0540000E+00    5.0563507E+01    2.0848442E+01
    1.0580000E+00    5.0677542E+01    2.0848862E+01
    1.0620000E+00    5.0791626E+01    2.0849269E+01
    1.0660000E+00    5.0905760E+01    2.0849663E+01
    1.0700000E+00    5.1019944E+01    2.0850045E+01
    1.0740000E+00    5.1134177E+01    2.0850414E+01
    1.0780000E+00    5.1248461E+01    2.0850772E+01
    1.0820000E+00    5.1362794E+01    2.0851118E+01
    1.0860000E+00    5.1477178E+01    2.0851453E+01
    1.0900000E+00    5.1591611E+01    2.0851777E+01
    1.0940000E+00    5.1706095E+01    2.0852090E+01
    1.0980000E+00    5.1820629E+01    2.0852393E+01
    1.1020000E+00    5.1935214E+01    2.0852687E+01
    1.1060000E+00    5.2049849E+01    2.0852970E+01
    1.1100000E+00    5.2164535E+01    2.0853244E+01
    1.1140000E+00    5.2279271E+01    2.0853509E+01
    1.1180000E+00    5.2394058E+01    2.0853764E+01
    1.1220000E+00    5.2508896E+01    2.0854012E+01
    1.1260000E+00    5.2623785E+01    2.0854250E+01
    1.1300000E+00    5.2738724E+01    2.0854481E+01
    1.1340000E+00    5.2853715E+01    2.0854703E+01
    1.1380000E+00    5.2968757E+01    2.0854918E+01
    1.1420000E+00    5.3083850E+01    2.0855125E+01
    1.1460000E+00    5.3198994E+01    2.0855325E+01
    1.1500000E+00    5.3314190E+01    2.0855518E+01
    1.1540000E+00    5.3429437E+01    2.0855704E+01
    1.1580000E+00    5.3544736E+01    2.0855883E+01
    1.1620000E+00    5.3660086E+01    2.0856056E+01
    1.1660000E+00    5.3775488E+01    2.0856222E+01
    1.1700000E+00    5.3890942E+01    2.0856382E+01
    1.1740000E+00    5.4006447E+01    2.0856536E+01
    1.1780000E+00    5.4122004E+01    2.0856685E+01
    1.1820000E+00    5.4237613E+01    2.0856827E+01
    1.1860000E+00    5.4353274E+01    2.0856965E+01
    1.1900000E+00    5.4468988E+01    2.0857097E+01
    1.1940000E+00    5.4584753E+01    2.0857223E+01
    1.1980000E+00    5.4700571E+01    2.0857345E+01
    1.2020000E+00    5.4816441E+01    2.0857462E+01
    1.2060000E+00    5.4932363E+01    2.0857574E+01
    1.2100000E+00    5.5048338E+01    2.0857682E+01
    1.2140000E+00    5.5164365E+01    2.0857785E+01
    1.2180000E+00    5.5280445E+01    2.0857884E+01
    1.2220000E+00    5.5396577E+01    2.0857978E+01
    1.2260000E+00    5.5512763E+01    2.0858069E+01
    1.2300000E+00    5.5629001E+01    2.0858155E+01
    1.2340000E+00    5.5745291E+01    2.0858238E+01
    1.2380000E+00    5.5861635E+01    2.0858317E+01
    1.2420000E+00    5.5978032E+01    2.0858392E+01
    1.2460000E+00    5.6094481E+01    2.0858464E+01
    1.2500000E+00    5.6210984E+01    2.0858533E+01
    1.2540000E+00    5.6327540E+01    2.0858598E+01
    1.2580000E+00    5.6444149E+01    2.0858660E+01
    1.2620000E+00    5.6560812E+01    2.0858718E+01
    1.2660000E+00    5.6677527E+01    2.0858774E+01
    1.2700000E+00    5.6794296E+01    2.0858827E+01
    1.2740000E+00    5.6911119E+01    2.0858877E+01
    1.2780000E+00    5.7027995E+01    2.0858925E+01
    1.2820000E+00    5.7144925E+01    2.0858969E+01
    1.2860000E+00    5.7261908E+01    2.0859011E+01
    1.2900000E+00    5.7378945E+01    2.0859051E+01
    1.2940000E+00    5.7496036E+01    2.0859088E+01
    1.2980000E+00    5.7613180E+01    2.0859123E+01
    1.3020000E+00    5.7730379E+01    2.0859155E+01
    1.3060000E+00    5.7847631E+01    2.0859186E+01
    1.3100000E+00    5.7964937E+01    2.0859214E+01
    1.3140000E+00    5.8082297E+01    2.0859240E+01
    1.3180000E+00    5.8199711E+01    2.0859264E+01
    1.3220000E+00    5.8317180E+01    2.0859286E+01
    1.3260000E+00    5.8434702E+01    2.0859306E+01
    1.3300000E+00    5.8552279E+01    2.0859325E+01
    1.3340000E+00    5.8669910E+01    2.0859341E+01
    1.3380000E+00    5.8787595E+01    2.0859356E+01
    1.3420000E+00    5.8905334E+01    2.0859370E+01
    1.3460000E+00    5.9023128E+01    2.0859381E+01
    1.3500000E+00    5.9140977E+01    2.0859391E+01
    1.3540000E+00    5.9258879E+01    2.0859400E+01
    1.3580000E+00    5.9376837E+01    2.0859407E+01
    1.3620000E+00    5.9494848E+01    2.0859413E+01
    1.3660000E+00    5.9612915E+01    2.0859417E+01
    1.3700000E+00    5.9731036E+01    2.0859420E+01
    1.3740000E+00    5.9849212E+01    2.0859422E+01
    1.3780000E+00    5.9967442E+01    2.0859422E+01
    1.3820000E+00    6.0085727E+01    2.0859422E+01
    1.3860000E+00    6.0204067E+01    2.0859420E+01
    1.3900000E+00    6.0322462E+01    2.0859417E+01
    1.3940000E+00    6.0440912E+01    2.0859413E+01
    1.3980000E+00    6.0559416E+01    2.0859408E+01
    1.4020000E+00    6.0677975E+01    2.0859402E+01
    1.4060000E+00    6.0796590E+01    2.0859395E+01
    1.4100000E+00    6.0915259E+01    2.0859387E+01
    1.4140000E+00    6.1033983E+01    2.0859378E+01
    1.4180000E+00    6.1152762E+01    2.0859368E+01
    1.4220000E+00    6.1271597E+01    2.0859357E+01
    1.4260000E+00    6.1390486E+01    2.0859346E+01
    1.4300000E+00    6.1509431E+01    2.0859333E+01
    1.4340000E+00    6.1628430E+01    2.0859320E+01
    1.4380000E+00    6.1747485E+01    2.0859306E+01
    1.4420000E+00    6.1866595E+01    2.0859292E+01
    1.4460000E+00    6.1985760E+01    2.0859277E+01
    1.4500000E+00    6.2104980E+01    2.0859261E+01
    1.4540000E+00    6.2224256E+01    2.0859244E+01
    1.4580000E+00    6.2343586E+01    2.0859227E+01
    1.4620000E+00    6.2462972E+01    2.0859209E+01
    1.4660000E+00    6.2582414E+01    2.0859191E+01
    1.4700000E+00    6.2701910E+01    2.0859172E+01
    1.4740000E+00    6.2821462E+01    2.0859153E+01
    1.4780000E+00    6.2941069E+01    2.0859133E+01
    1.4820000E+00    6.3060731E+01    2.0859112E+01
    1.4860000E+00    6.3180449E+01    2.0859091E+01
    1.4900000E+00    6.3300222E+01    2.0859070E+01
    1.4940000E+00    6.3420050E+01    2.0859048E+01
    1.4980000E+00    6.3539934E+01    2.0859026E+01
    1.5020000E+00    6.3659872E+01    2.0859003E+01
    1.5060000E+00    6.3779867E+01    2.0858980E+01
    1.5100000E+00    6.3899916E+01    2.0858957E+01
    1.5140000E+00    6.4020021E+01    2.0858933E+01
    1.5180000E+00    6.4140181E+01    2.0858909E+01
    1.5220000E+00    6.4260397E+01    2.0858885E+01
    1.5260000E+00    6.4380667E+01    2.0858860E+01
    1.5300000E+00    6.4500993E+01    2.0858835E+01
    1.5340000E+00    6.4621375E+01    2.0858809E+01
    1.5380000E+00    6.4741811E+01    2.0858784E+01
    1.5420000E+00    6.4862303E+01    2.0858758E+01
    1.5460000E+00    6.4982850E+01    2.0858731E+01
    1.5500000E+00    6.5103452E+01    2.0858705E+01
    1.5540000E+00    6.5224110E+01    2.0858678E+01
    1.5580000E+00    6.5344823E+01    2.0858651E+01
    1.5620000E+00    6.5465590E+01    2.0858624E+01
    1.5660000E+00    6.5586414E+01    2.0858597E+01
    1.5700000E+00    6.5707292E+01    2.0858569E+01
    1.5740000E+00    6.5828225E+01    2.0858541E+01
    1.5780000E+00    6.5949213E+01    2.0858514E+01
    1.5820000E+00    6.6070257E+01    2.0858485E+01
    1.5860000E+00    6.6191355E+01    2.0858457E+01
    1.5900000E+00    6.6312508E+01    2.0858429E+01
    1.5940000E+00    6.6433717E+01    2.0858400E+01
    1.5980000E+00    6.6554980E+01    2.0858371E+01
    1.6020000E+00    6.6676298E+01    2.0858343E+01
    1.6060000E+00    6.6797671E+01    2.0858314E+01
    1.6100000E+00    6.6919099E+01    2.0858285E+01
    1.6140000E+00    6.7040581E+01    2.0858255E+01
    1.6180000E+00    6.7162118E+01    2.0858226E+01
    1.6220000E+00    6.7283710E+01    2.0858197E+01
    1.6260000E+00    6.7405357E+01    2.0858167E+01
    1.6300000E+00    6.7527058E+01    2.0858138E+01
    1.6340000E+00    6.7648813E+01    2.0858108E+01
    1.6380000E+00    6.7770623E+01    2.0858078E+01
    1.6420000E+00    6.7892488E+01    2.0858048E+01
    1.6460000E+00    6.8014406E+01    2.0858018E+01
    1.6500000E+00    6.8136380E+01    2.0857988E+01
    1.6540000E+00    6.8258407E+01    2.0857958E+01
    1.6580000E+00    6.8380488E+01    2.0857928E+01
    1.6620000E+00    6.8502624E+01    2.0857898E+01
    1.6660000E+00    6.8624814E+01    2.0857868E+01
    1.6700000E+00    6.8747057E+01    2.0857838E+01
    1.6740000E+00    6.8869355E+01    2.0857808E+01
    1.6780000E+00    6.8991706E+01    2.0857777E+01
    1.6820000E+00    6.9114111E+01    2.0857747E+01
    1.6860000E+00    6.9236570E+01    2.0857717E+01
    1.6900000E+00    6.9359082E+01    2.0857686E+01
    1.6940000E+00    6.9481648E+01    2.0857656E+01
    1.6980000E+00    6.9604268E+01    2.0857626E+01
    1.7020000E+00    6.9726940E+01    2.0857595E+01
    1.7060000E+00    6.9849666E+01    2.0857565E+01
    1.7100000E+00    6.9972445E+01    2.0857534E+01
    1.7140000E+00    7.0095278E+01    2.0857504E+01
    1.7180000E+00    7.0218163E+01    2.0857474E+01
    1.7220000E+00    7.0341101E+01    2.0857443E+01
    1.7260000E+00    7.0464092E+01    2.0857413E+01
    1.7300000E+00    7.0587135E+01    2.0857382E+01
    1.7340000E+00    7.0710232E+01    2.0857352E+01
    1.7380000E+00    7.0833380E+01    2.0857322E+01
    1.7420000E+00    7.0956581E+01    2.0857291E+01
    1.7460000E+00    7.1079834E+01    2.0857261E+01
    1.7500000E+00    7.1203140E+01    2.0857231E+01
    1.7540000E+00    7.1326497E+01    2.0857200E+01
    1.7580000E+00    7.1449907E+01    2.0857170E+01
    1.7620000E+00    7.1573368E+01    2.0857140E+01
    1.7660000E+00    7.1696881E+01    2.0857110E+01
    1.7700000E+00    7.1820445E+01    2.0857080E+01
    1.7740000E+00    7.1944061E+01    2.0857049E+01
    1.7780000E+00    7.2067728E+01    2.0857019E+01
    1.7820000E+00    7.2191446E+01    2.0856989E+01
    1.7860000E+00    7.2315216E+01    2.0856959E+01
    1.7900000E+00    7.2439036E+01    2.0856929E+01
    1.7940000E+00    7.2562907E+01    2.0856899E+01
    1.7980000E+00    7.2686828E+01    2.0856869E+01
    1.8020000E+00    7.2810800E+01    2.0856839E+01
    1.8060000E+00    7.2934823E+01    2.0856809E+01
    1.8100000E+00    7.3058895E+01    2.0856779E+01
    1.8140000E+00    7.3183017E+01    2.0856750E+01
    1.8180000E+00    7.3307190E+01    2.0856720E+01
    1.8220000E+00    7.3431412E+01    2.0856690E+01
    1.8260000E+00    7.3555683E+01    2.0856661E+01
    1.8300000E+00    7.3680004E+01    2.0856631E+01
    1.8340000E+00    7.3804374E+01    2.0856601E+01
    1.8380000E+00    7.3928793E+01    2.0856572E+01
    1.8420000E+00    7.4053261E+01    2.0856542E+01
    1.8460000E+00    7.4177778E+01    2.0856513E+01
    1.8500000E+00    7.4302343E+01    2.0856484E+01
    1.8540000E+00    7.4426957E+01    2.0856454E+01
    1.8580000E+00    7.4551618E+01    2.0856425E+01
    1.8620000E+00    7.4676328E+01    2.0856396E+01
    1.8660000E+00    7.4801085E+01    2.0856367E+01
    1.8700000E+00    7.4925890E+01    2.0856338E+01
    1.8740000E+00    7.5050742E+01    2.0856309E+01
    1.8780000E+00    7.5175641E+01    2.0856280E+01
    1.8820000E+00    7.5300588E+01    2.0856251E+01
    1.8860000E+00    7.5425581E+01    2.0856222E+01
    1.8900000E+00    7.5550620E+01    2.0856193E+01
    1.8940000E+00    7.5675706E+01    2.0856164E+01
    1.8980000E+00    7.5800838E+01    2.0856136E+01
    1.9020000E+00    7.5926016E+01    2.0856107E+01
    1.9060000E+00    7.6051240E+01    2.0856079E+01
    1.9100000E+00    7.6176509E+01    2.0856050E+01
    1.9140000E+00    7.6301823E+01    2.0856022E+01
    1.9180000E+00    7.6427182E+01    2.0855993E+01
    1.9220000E+00    7.6552586E+01    2.0855965E+01
    1.9260000E+00    7.6678034E+01    2.0855937E+01
    1.9300000E+00    7.6803527E+01    2.0855908E+01
    1.9340000E+00    7.6929064E+01    2.0855880E+01
    1.9380000E+00    7.7054644E+01    2.0855852E+01
    1.9420000E+00    7.7180268E+01    2.0855824E+01
    1.9460000E+00    7.7305936E+01    2.0855796E+01
    1.9500000E+00    7.7431646E+01    2.0855768E+01
    1.9540000E+00    7.7557399E+01    2.0855741E+01
    1.9580000E+00    7.7683194E+01    2.0855713E+01
    1.9620000E+00    7.7809032E+01    2.0855685E+01
    1.9660000E+00    7.7934912E+01    2.0855657E+01
    1.9700000E+00    7.8060833E+01    2.0855630E+01
    1.9740000E+00    7.8186796E+01    2.0855602E+01
    1.9780000E+00    7.8312799E+01    2.0855575E+01
    1.9820000E+00    7.8438844E+01    2.0855548E+01
    1.9860000E+00    7.8564929E+01    2.0855520E+01
    1.9900000E+00    7.8691054E+01    2.0855493E+01
    1.9940000E+00    7.8817219E+01    2.0855466E+01
    1.9980000E+00    7.8943423E+01    2.0855439E+01
    2.0020000E+00    7.9069667E+01    2.0855412E+01
    2.0060000E+00    7.9195950E+01    2.0855385E+01
    2.0100000E+00    7.9322272E+01    2.0855358E+01
    2.0140000E+00    7.9448632E+01    2.0855331E+01
    2.0180000E+00    7.9575030E+01    2.0855304E+01
    2.0220000E+00    7.9701465E+01    2.0855277E+01
    2.0260000E+00    7.9827938E+01    2.0855251E+01
    2.0300000E+00    7.9954448E+01    2.0855224E+01
    2.0340000E+00    8.0080995E+01    2.0855198E+01
    2.0380000E+00    8.0207578E+01    2.0855171E+01
    2.0420000E+00    8.0334197E+01    2.0855145E+01
    2.0460000E+00    8.0460852E+01    2.0855118E+01
    2.0500000E+00    8.0587542E+01    2.0855092E+01
    2.0540000E+00    8.0714267E+01    2.0855066E+01
    2.0580000E+00    8.0841026E+01    2.0855040E+01
    2.0620000E+00    8.0967820E+01    2.0855014E+01
    2.0660000E+00    8.1094647E+01    2.0854988E+01
    2.0700000E+00    8.1221508E+01    2.0854962E+01
    2.0740000E+00    8.1348402E+01    2.0854936E+01
    2.0780000E+00    8.1475329E+01    2.0854910E+01
    2.0820000E+00    8.1602288E+01    2.0854885E+01
    2.0860000E+00    8.1729279E+01    2.0854859E+01
    2.0900000E+00    8.1856301E+01    2.0854833E+01
    2.0940000E+00    8.1983355E+01    2.0854808E+01
    2.0980000E+00    8.2110439E+01    2.0854782E+01
    2.1020000E+00    8.2237553E+01    2.0854757E+01
    2.1060000E+00    8.2364697E+01    2.0854732E+01
    2.1100000E+00    8.2491871E+01    2.0854706E+01
    2.1140000E+00    8.2619074E+01    2.0854681E+01
    2.1180000E+00    8.2746305E+01    2.0854656E+01
    2.1220000E+00    8.2873564E+01    2.0854631E+01
    2.1260000E+00    8.3000851E+01    2.0854606E+01
    2.1300000E+00    8.3128165E+01    2.0854581E+01
    2.1340000E+00    8.3255507E+01    2.0854556E+01
    2.1380000E+00    8.3382874E+01    2.0854531E+01
    2.1420000E+00    8.3510267E+01    2.0854507E+01
    2.1460000E+00    8.3637686E+01    2.0854482E+01
    2.1500000E+00    8.3765130E+01    2.0854457E+01
    2.1540000E+00    8.3892598E+01    2.0854433E+01
    2.1580000E+00    8.4020090E+01    2.0854408E+01
    2.1620000E+00    8.4147606E+01    2.0854384E+01
    2.1660000E+00    8.4275145E+01    2.0854360E+01
    2.1700000E+00    8.4402706E+01    2.0854335E+01
    2.1740000E+00    8.4530290E+01    2.0854311E+01
    2.1780000E+00    8.4657895E+01    2.0854287E+01
    2.1820000E+00    8.4785521E+01    2.0854263E+01
    2.1860000E+00    8.4913167E+01    2.0854239E+01
    2.1900000E+00    8.5040834E+01    2.0854215E+01
    2.1940000E+00    8.5168520E+01    2.0854191E+01
    2.1980000E+00    8.5296225E+01    2.0854167E+01
    2.2020000E+00    8.5423948E+01    2.0854144E+01
    2.2060000E+00    8.5551689E+01    2.0854120E+01
    2.2100000E+00    8.5679448E+01    2.0854096E+01
    2.2140000E+00    8.5807223E+01    2.0854073E+01
    2.2180000E+00    8.5935014E+01    2.0854049E+01
    2.2220000E+00    8.6062822E+01    2.0854026E+01
    2.2260000E+00    8.6190644E+01    2.0854002E+01
    2.2300000E+00    8.6318481E+01    2.0853979E+01
    2.2340000E+00    8.6446332E+01    2.0853956E+01
    2.2380000E+00    8.6574196E+01    2.0853933E+01
    2.2420000E+00    8.6702073E+01    2.0853910E+01
    2.2460000E+00    8.6829962E+01    2.0853887E+01
    2.2500000E+00    8.6957863E+01    2.0853864E+01
    2.2540000E+00    8.7085774E+01    2.0853841E+01
    2.2580000E+00    8.7213696E+01    2.0853818E+01
    2.2620000E+00    8.7341628E+01    2.0853795E+01
    2.2660000E+00    8.7469569E+01    2.0853772E+01
    2.2700000E+00    8.7597519E+01    2.0853750E+01
    2.2740000E+00    8.7725476E+01    2.0853727E+01
    2.2780000E+00    8.7853441E+01    2.0853705E+01
    2.2820000E+00    8.7981412E+01    2.0853682E+01
    2.2860000E+00    8.8109389E+01    2.0853660E+01
    2.2900000E+00    8.8237372E+01    2.0853637E+01
    2.2940000E+00    8.8365359E+01    2.0853615E+01
    2.2980000E+00    8.8493350E+01    2.0853593E+01
    2.3020000E+00    8.8621345E+01    2.0853571E+01
    2.3060000E+00    8.8749342E+01    2.0853549E+01
    2.3100000E+00    8.8877341E+01    2.0853527E+01
    2.3140000E+00    8.9005341E+01    2.0853505E+01
    2.3180000E+00    8.9133342E+01    2.0853483E+01
    2.3220000E+00    8.9261342E+01    2.0853461E+01
    2.3260000E+00    8.9389342E+01    2.0853439E+01
    2.3300000E+00    8.9517340E+01    2.0853418E+01
    2.3340000E+00    8.9645336E+01    2.0853396E+01
    2.3380000E+00    8.9773329E+01    2.0853374E+01
    2.3420000E+00    8.9901318E+01    2.0853353E+01
    2.3460000E+00    9.0029303E+01    2.0853331E+01
    2.3500000E+00    9.0157282E+01    2.0853310E+01
    2.3540000E+00    9.0285256E+01    2.0853289E+01
    2.3580000E+00    9.0413223E+01    2.0853267E+01
    2.3620000E+00    9.0541182E+01    2.0853246E+01
    2.3660000E+00    9.0669133E+01    2.0853225E+01
    2.3700000E+00    9.0797074E+01    2.0853204E+01
    2.3740000E+00    9.0925006E+01    2.0853183E+01
    2.3780000E+00    9.1052928E+01    2.0853162E+01
    2.3820000E+00    9.1180838E+01    2.0853141E+01
    2.3860000E+00    9.1308735E+01    2.0853120E+01
    2.3900000E+00    9.1436620E+01    2.0853100E+01
    2.3940000E+00    9.1564491E+01    2.0853079E+01
    2.3980000E+00    9.1692347E+01    2.0853058E+01
    2.4020000E+00    9.1820188E+01    2.0853038E+01
    2.4060000E+00    9.1948012E+01    2.0853017E+01
    2.4100000E+00    9.2075819E+01    2.0852997E+01
    2.4140000E+00    9.2203608E+01    2.0852976E+01
    2.4180000E+00    9.2331379E+01    2.0852956E+01
    2.4220000E+00    9.2459129E+01    2.0852936E+01
    2.4260000E+00    9.2586859E+01    2.0852915E+01
    2.4300000E+00    9.2714568E+01    2.0852895E+01
    2.4340000E+00    9.2842254E+01    2.0852875E+01
    2.4380000E+00    9.2969917E+01    2.0852855E+01
    2.4420000E+00    9.3097555E+01    2.0852835E+01
    2.4460000E+00    9.3225169E+01    2.0852815E+01
    2.4500000E+00    9.3352757E+01    2.0852795E+01
    2.4540000E+00    9.3480318E+01    2.0852775E+01
    2.4580000E+00    9.3607851E+01    2.0852756E+01
    2.4620000E+00    9.3735355E+01    2.0852736E+01
    2.4660000E+00    9.3862830E+01    2.0852716E+01
    2.4700000E+00    9.3990274E+01    2.0852697E+01
    2.4740000E+00    9.4117687E+01    2.0852677E+01
    2.4780000E+00    9.4245067E+01    2.0852658E+01
    2.4820000E+00    9.4372414E+01    2.0852639E+01
    2.4860000E+00    9.4499726E+01    2.0852619E+01
    2.4900000E+00    9.4627003E+01    2.0852600E+01
    2.4940000E+00    9.4754243E+01    2.0852581E+01
    2.4980000E+00    9.4881447E+01    2.0852562E+01
    2.5020000E+00    9.5008611E+01    2.0852543E+01
    2.5060000E+00    9.5135737E+01    2.0852524E+01
    2.5100000E+00    9.5262822E+01    2.0852505E+01
    2.5140000E+00    9.5389866E+01    2.0852486E+01
    2.5180000E+00    9.5516867E+01    2.0852467E+01
    2.5220000E+00    9.5643825E+01    2.0852448E+01
    2.5260000E+00    9.5770738E+01    2.0852429E+01
    2.5300000E+00    9.5897606E+01    2.0852411E+01
    2.5340000E+00    9.6024427E+01    2.0852392E+01
    2.5380000E+00    9.6151200E+01    2.0852374E+01
    2.5420000E+00    9.6277925E+01    2.0852355E+01
    2.5460000E+00    9.6404600E+01    2.0852337E+01
    2.5500000E+00    9.6531224E+01    2.0852318E+01
    2.5540000E+00    9.6657796E+01    2.0852300E+01
    2.5580000E+00    9.6784316E+01    2.0852282E+01
    2.5620000E+00    9.6910780E+01    2.0852263E+01
    2.5660000E+00    9.7037190E+01    2.0852245E+01
    2.5700000E+00    9.7163543E+01    2.0852227E+01
    2.5740000E+00    9.7289839E+01    2.0852209E+01
    2.5780000E+00    9.7416076E+01    2.0852191E+01
    2.5820000E+00    9.7542253E+01    2.0852173E+01
    2.5860000E+00    9.7668370E+01    2.0852156E+01
    2.5900000E+00    9.7794424E+01    2.0852138E+01
    2.5940000E+00    9.7920415E+01    2.0852120E+01
    2.5980000E+00    9.8046341E+01    2.0852102E+01
    2.6020000E+00    9.8172202E+01    2.0852085E+01
    2.6060000E+00    9.8297996E+01    2.0852067E+01
    2.6100000E+00    9.8423722E+01    2.0852050E+01
    2.6140000E+00    9.8549379E+01    2.0852032E+01
    2.6180000E+00    9.8674965E+01    2.0852015E+01
    2.6220000E+00    9.8800480E+01    2.0851997E+01
    2.6260000E+00    9.8925922E+01    2.0851980E+01
    2.6300000E+00    9.9051290E+01    2.0851963E+01
    2.6340000E+00    9.9176583E+01    2.0851946E+01
    2.6380000E+00    9.9301799E+01    2.0851929E+01
    2.6420000E+00    9.9426937E+01    2.0851912E+01
    2.6460000E+00    9.9551997E+01    2.0851895E+01
    2.6500000E+00    9.9676976E+01    2.0851878E+01
    2.6540000E+00    9.9801873E+01    2.0851861E+01
    2.6580000E+00    9.9926688E+01    2.0851844E+01
    2.6620000E+00    1.0005142E+02    2.0851827E+01
    2.6660000E+00    1.0017606E+02    2.0851811E+01
    2.6700000E+00    1.0030062E+02    2.0851794E+01
    2.6740000E+00    1.0042509E+02    2.0851777E+01
    2.6780000E+00    1.0054947E+02    2.0851761E+01
    2.6820000E+00    1.0067376E+02    2.0851744E+01
    2.6860000E+00    1.0079796E+02    2.0851728E+01
    2.6900000E+00    1.0092206E+02    2.0851712E+01
    2.6940000E+00    1.0104607E+02    2.0851695E+01
    2.6980000E+00    1.0116999E+02    2.0851679E+01
    2.7020000E+00    1.0129380E+02    2.0851663E+01
    2.7060000E+00    1.0141752E+02    2.0851647E+01
    2.7100000E+00    1.0154114E+02    2.0851631E+01
    2.7140000E+00    1.0166465E+02    2.0851614E+01
    2.7180000E+00    1.0178807E+02    2.0851598E+01
    2.7220000E+00    1.0191137E+02    2.0851583E+01
    2.7260000E+00    1.0203458E+02    2.0851567E+01
    2.7300000E+00    1.0215767E+02    2.0851551E+01
    2.7340000E+00    1.0228066E+02    2.0851535E+01
    2.7380000E+00    1.0240353E+02    2.0851519E+01
    2.7420000E+00    1.0252630E+02    2.0851504E+01
    2.7460000E+00    1.0264895E+02    2.0851488E+01
    2.7500000E+00    1.0277149E+02    2.0851473E+01
    2.7540000E+00    1.0289391E+02    2.0851457E+01
    2.7580000E+00    1.0301622E+02    2.0851442E+01
    2.7620000E+00    1.0313840E+02    2.0851426E+01
    2.7660000E+00    1.0326047E+02    2.0851411E+01
    2.7700000E+00    1.0338241E+02    2.0851396E+01
    2.7740000E+00    1.0350423E+02    2.0851381E+01
    2.7780000E+00    1.0362593E+02    2.0851366E+01
    2.7820000E+00    1.0374750E+02    2.0851350E+01
    2.7860000E+00    1.0386894E+02    2.0851335E+01
    2.7900000E+00    1.0399025E+02    2.0851320E+01
    2.7940000E+00    1.0411143E+02    2.0851305E+01
    2.7980000E+00    1.0423248E+02    2.0851291E+01
    2.8020000E+00    1.0435340E+02    2.0851276E+01
    2.8060000E+00    1.0447417E+02    2.0851261E+01
    2.8100000E+00    1.0459482E+02    2.0851246E+01
    2.8140000E+00    1.0471532E+02    2.0851232E+01
    2.8180000E+00    1.0483568E+02    2.0851217E+01
    2.8220000E+00    1.0495591E+02    2.0851202E+01
    2.8260000E+00    1.0507599E+02    2.0851188E+01
    2.8300000E+00    1.0519592E+02    2.0851174E+01
    2.8340000E+00    1.0531571E+02    2.0851159E+01
    2.8380000E+00    1.0543534E+02    2.0851145E+01
    2.8420000E+00    1.0555483E+02    2.0851131E+01
    2.8460000E+00    1.0567417E+02    2.0851116E+01
    2.8500000E+00    1.0579336E+02    2.0851102E+01
    2.8540000E+00    1.0591239E+02    2.0851088E+01
    2.8580000E+00    1.0603126E+02    2.0851074E+01
    2.8620000E+00    1.0614997E+02    2.0851060E+01
    2.8660000E+00    1.0626853E+02    2.0851046E+01
    2.8700000E+00    1.0638692E+02    2.0851032E+01
    2.8740000E+00    1.0650516E+02    2.0851018E+01
    2.8780000E+00    1.0662322E+02    2.0851005E+01
    2.8820000E+00    1.0674112E+02    2.0850991E+01
    2.8860000E+00    1.0685886E+02    2.0850977E+01
    2.8900000E+00    1.0697642E+02    2.0850963E+01
    2.8940000E+00    1.0709381E+02    2.0850950E+01
    2.8980000E+00    1.0721103E+02    2.0850936E+01
    2.9020000E+00    1.0732807E+02    2.0850923E+01
    2.9060000E+00    1.0744494E+02    2.0850909E+01
    2.9100000E+00    1.0756163E+02    2.0850896E+01
    2.9140000E+00    1.0767813E+02    2.0850883E+01
    2.9180000E+00    1.0779446E+02    2.0850870E+01
    2.9220000E+00    1.0791060E+02    2.0850856E+01
    2.9260000E+00    1.0802656E+02    2.0850843E+01
    2.9300000E+00    1.0814233E+02    2.0850830E+01
    2.9340000E+00    1.0825791E+02    2.0850817E+01
    2.9380000E+00    1.0837330E+02    2.0850804E+01
    2.9420000E+00    1.0848850E+02    2.0850791E+01
    2.9460000E+00    1.0860351E+02    2.0850778E+01
    2.9500000E+00    1.0871832E+02    2.0850765E+01
    2.9540000E+00    1.0883293E+02    2.0850753E+01
    2.9580000E+00    1.0894734E+02    2.0850740E+01
    2.9620000E+00    1.0906155E+02    2.0850727E+01
    2.9660000E+00    1.0917555E+02    2.0850715E+01
    2.9700000E+00    1.0928935E+02    2.0850702E+01
    2.9740000E+00    1.0940295E+02    2.0850689E+01
    2.9780000E+00    1.0951633E+02    2.0850677E+01
    2.9820000E+00    1.0962951E+02    2.0850665E+01
    2.9860000E+00    1.0974247E+02    2.0850652E+01
    2.9900000E+00    1.0985522E+02    2.0850640E+01
    2.9940000E+00    1.0996775E+02    2.0850628E+01
    2.9980000E+00    1.1008006E+02    2.0850615E+01
    3.0020000E+00    1.1019216E+02    2.0850603E+01
    3.0060000E+00    1.1030403E+02    2.0850591E+01
    3.0100000E+00    1.1041568E+02    2.0850579E+01
    3.0140000E+00    1.1052710E+02    2.0850567E+01
    3.0180000E+00    1.1063830E+02    2.0850555E+01
    3.0220000E+00    1.1074927E+02    2.0850543E+01
    3.0260000E+00    1.1086000E+02    2.0850531E+01
    3.0300000E+00    1.1097050E+02    2.0850520E+01
    3.0340000E+00    1.1108077E+02    2.0850508E+01
    3.0380000E+00    1.1119080E+02    2.0850496E+01
    3.0420000E+00    1.1130059E+02    2.0850485E+01
    3.0460000E+00    1.1141015E+02    2.0850473E+01
    3.0500000E+00    1.1151945E+02    2.0850461E+01
    3.0540000E+00    1.1162852E+02    2.0850450E+01
    3.0580000E+00    1.1173734E+02    2.0850439E+01
    3.0620000E+00    1.1184590E+02    2.0850427E+01
    3.0660000E+00    1.1195422E+02    2.0850416E+01
    3.0700000E+00    1.1206229E+02    2.0850405E+01
    3.0740000E+00    1.1217010E+02    2.0850393E+01
    3.0780000E+00    1.1227766E+02    2.0850382E+01
    3.0820000E+00    1.1238495E+02    2.0850371E+01
    3.0860000E+00    1.1249199E+02    2.0850360E+01
    3.0900000E+00    1.1259876E+02    2.0850349E+01
    3.0940000E+00    1.1270527E+02    2.0850338E+01
    3.0980000E+00    1.1281152E+02    2.0850327E+01
    3.1020000E+00    1.1291750E+02    2.0850316E+01
    3.1060000E+00    1.1302320E+02    2.0850305E+01
    3.1100000E+00    1.1312864E+02    2.0850295E+01
    3.1140000E+00    1.1323380E+02    2.0850284E+01
    3.1180000E+00    1.1333868E+02    2.0850273E+01
    3.1220000E+00    1.1344329E+02    2.0850263E+01
    3.1260000E+00    1.1354761E+02    2.0850252E+01
    3.1300000E+00    1.1365166E+02    2.0850242E+01
    3.1340000E+00    1.1375541E+02    2.0850231E+01
    3.1380000E+00    1.1385889E+02    2.0850221E+01
    3.1420000E+00    1.1396207E+02    2.0850210E+01
    3.1460000E+00    1.1406497E+02    2.0850200E+01
    3.1500000E+00    1.1416757E+02    2.0850190E+01
    3.1540000E+00    1.1426988E+02    2.0850180E+01
    3.1580000E+00    1.1437189E+02    2.0850169E+01
    3.1620000E+00    1.1447361E+02    2.0850159E+01
    3.1660000E+00    1.1457502E+02    2.0850149E+01
    3.1700000E+00    1.1467614E+02    2.0850139E+01
    3.1740000E+00    1.1477694E+02    2.0850129E+01
    3.1780000E+00    1.1487744E+02    2.0850119E+01
    3.1820000E+00    1.1497764E+02    2.0850110E+01
    3.1860000E+00    1.1507752E+02    2.0850100E+01
    3.1900000E+00    1.1517709E+02    2.0850090E+01
    3.1940000E+00    1.1527635E+02    2.0850080E+01
    3.1980000E+00    1.1537529E+02    2.0850071E+01
    3.2020000E+00    1.1547391E+02    2.0850061E+01
    3.2060000E+00    1.1557221E+02    2.0850051E+01
    3.2100000E+00    1.1567018E+02    2.0850042E+01
    3.2140000E+00    1.1576784E+02    2.0850032E+01
    3.2180000E+00    1.1586516E+02    2.0850023E+01
    3.2220000E+00    1.1596216E+02    2.0850014E+01
    3.2260000E+00    1.1605882E+02    2.0850004E+01
    3.2300000E+00    1.1615516E+02    2.0849995E+01
    3.2340000E+00    1.1625116E+02    2.0849986E+01
    3.2380000E+00    1.1634682E+02    2.0849977E+01
    3.2420000E+00    1.1644214E+02    2.0849968E+01
    3.2460000E+00    1.1653712E+02    2.0849959E+01
    3.2500000E+00    1.1663176E+02    2.0849950E+01
    3.2540000E+00    1.1672605E+02    2.0849941E+01
    3.2580000E+00    1.1682000E+02    2.0849932E+01
    3.2620000E+00    1.1691359E+02    2.0849923E+01
    3.2660000E+00    1.1700684E+02    2.0849914E+01
    3.2700000E+00    1.1709973E+02    2.0849905E+01
    3.2740000E+00    1.1719226E+02    2.0849897E+01
    3.2780000E+00    1.1728444E+02    2.0849888E+01
    3.2820000E+00    1.1737626E+02    2.0849879E+01
    3.2860000E+00    1.1746771E+02    2.0849871E+01
    3.2900000E+00    1.1755881E+02    2.0849862E+01
    3.2940000E+00    1.1764953E+02    2.0849854E+01
    3.2980000E+00    1.1773989E+02    2.0849846E+01
    3.3020000E+00    1.1782988E+02    2.0849837E+01
    3.3060000E+00    1.1791950E+02    2.0849829E+01
    3.3100000E+00    1.1800874E+02    2.0849821E+01
    3.3140000E+00    1.1809761E+02    2.0849812E+01
    3.3180000E+00    1.1818610E+02    2.0849804E+01
    3.3220000E+00    1.1827421E+02    2.0849796E+01
    3.3260000E+00    1.1836194E+02    2.0849788E+01
    3.3300000E+00    1.1844928E+02    2.0849780E+01
    3.3340000E+00    1.1853624E+02    2.0849772E+01
    3.3380000E+00    1.1862281E+02    2.0849764E+01
    3.3420000E+00    1.1870899E+02    2.0849756E+01
    3.3460000E+00    1.1879477E+02    2.0849748E+01
    3.3500000E+00    1.1888017E+02    2.0849741E+01
    3.3540000E+00    1.1896516E+02    2.0849733E+01
    3.3580000E+00    1.1904976E+02    2.0849725E+01
    3.3620000E+00    1.1913396E+02    2.0849718E+01
    3.3660000E+00    1.1921775E+02    2.0849710E+01
    3.3700000E+00    1.1930114E+02    2.0849703E+01
    3.3740000E+00    1.1938413E+02    2.0849695E+01
    3.3780000E+00    1.1946671E+02    2.0849688E+01
    3.3820000E+00    1.1954887E+02    2.0849680E+01
    3.3860000E+00    1.1963063E+02    2.0849673E+01
    3.3900000E+00    1.1971197E+02    2.0849666E+01
    3.3940000E+00    1.1979289E+02    2.0849659E+01
    3.3980000E+00    1.1987339E+02    2.0849651E+01
    3.4020000E+00    1.1995348E+02    2.0849644E+01
    3.4060000E+00    1.2003314E+02    2.0849637E+01
    3.4100000E+00    1.2011238E+02    2.0849630E+01
    3.4140000E+00    1.2019119E+02    2.0849623E+01
    3.4180000E+00    1.2026958E+02    2.0849616E+01
    3.4220000E+00    1.2034753E+02    2.0849609E+01
    3.4260000E+00    1.2042505E+02    2.0849602E+01
    3.4300000E+00    1.2050214E+02    2.0849596E+01
    3.4340000E+00    1.2057879E+02    2.0849589E+01
    3.4380000E+00    1.2065501E+02    2.0849582E+01
    3.4420000E+00    1.2073078E+02    2.0849576E+01
    3.4460000E+00    1.2080612E+02    2.0849569E+01
    3.4500000E+00    1.2088101E+02    2.0849562E+01
    3.4540000E+00    1.2095545E+02    2.0849556E+01
    3.4580000E+00    1.2102945E+02    2.0849549E+01
    3.4620000E+00    1.2110300E+02    2.0849543E+01
    3.4660000E+00    1.2117609E+02    2.0849537E+01
    3.4700000E+00    1.2124874E+02    2.0849530E+01
    3.4740000E+00    1.2132093E+02    2.0849524E+01
    3.4780000E+00    1.2139266E+02    2.0849518E+01
    3.4820000E+00    1.2146393E+02    2.0849512E+01
    3.4860000E+00    1.2153475E+02    2.0849506E+01
    3.4900000E+00    1.2160510E+02    2.0849500E+01
    3.4940000E+00    1.2167499E+02    2.0849494E+01
    3.4980000E+00    1.2174441E+02    2.0849488E+01
    3.5020000E+00    1.2181336E+02    2.0849482E+01
    3.5060000E+00    1.2188185E+02    2.0849476E+01
    3.5100000E+00    1.2194986E+02    2.0849470E+01
    3.5140000E+00    1.2201740E+02    2.0849464E+01
    3.5180000E+00    1.2208446E+02    2.0849459E+01
    3.5220000E+00    1.2215105E+02    2.0849453E+01
    3.5260000E+00    1.2221716E+02    2.0849447E+01
    3.5300000E+00    1.2228279E+02    2.0849442E+01
    3.5340000E+00    1.2234794E+02    2.0849436E+01
    3.5380000E+00    1.2241260E+02    2.0849431E+01
    3.5420000E+00    1.2247678E+02    2.0849425E+01
    3.5460000E+00    1.2254047E+02    2.0849420E+01
    3.5500000E+00    1.2260367E+02    2.0849414E+01
    3.5540000E+00    1.2266638E+02    2.0849409E+01
    3.5580000E+00    1.2272860E+02    2.0849404E+01
    3.5620000E+00    1.2279033E+02    2.0849399E+01
    3.5660000E+00    1.2285156E+02    2.0849394E+01
    3.5700000E+00    1.2291229E+02    2.0849388E+01
    3.5740000E+00    1.2297252E+02    2.0849383E+01
    3.5780000E+00    1.2303225E+02    2.0849378E+01
    3.5820000E+00    1.2309148E+02    2.0849373E+01
    3.5860000E+00    1.2315021E+02    2.0849368E+01
    3.5900000E+00    1.2320843E+02    2.0849364E+01
    3.5940000E+00    1.2326614E+02    2.0849359E+01
    3.5980000E+00    1.2332335E+02    2.0849354E+01
    3.6020000E+00    1.2338004E+02    2.0849349E+01
    3.6060000E+00    1.2343622E+02    2.0849345E+01
    3.6100000E+00    1.2349189E+02    2.0849340E+01
    3.6140000E+00    1.2354704E+02    2.0849335E+01
    3.6180000E+00    1.2360168E+02    2.0849331E+01
    3.6220000E+00    1.2365580E+02    2.0849326E+01
    3.6260000E+00    1.2370940E+02    2.0849322E+01
    3.6300000E+00    1.2376248E+02    2.0849318E+01
    3.6340000E+00    1.2381503E+02    2.0849313E+01
    3.6380000E+00    1.2386706E+02    2.0849309E+01
    3.6420000E+00    1.2391857E+02    2.0849305E+01
    3.6460000E+00    1.2396955E+02    2.0849301E+01
    3.6500000E+00    1.2401999E+02    2.0849296E+01
    3.6540000E+00    1.2406991E+02    2.0849292E+01
    3.6580000E+00    1.2411930E+02    2.0849288E+01
    3.6620000E+00    1.2416816E+02    2.0849284E+01
    3.6660000E+00    1.2421648E+02    2.0849280E+01
    3.6700000E+00    1.2426427E+02    2.0849276E+01
    3.6740000E+00    1.2431152E+02    2.0849272E+01
    3.6780000E+00    1.2435823E+02    2.0849269E+01
    3.6820000E+00    1.2440440E+02    2.0849265E+01
    3.6860000E+00    1.2445003E+02    2.0849261E+01
    3.6900000E+00    1.2449511E+02    2.0849258E+01
    3.6940000E+00    1.2453966E+02    2.0849254E+01
    3.6980000E+00    1.2458366E+02    2.0849250E+01
    3.7020000E+00    1.2462711E+02    2.0849247E+01
    3.7060000E+00    1.2467002E+02    2.0849243E+01
    3.7100000E+00    1.2471237E+02    2.0849240E+01
    3.7140000E+00    1.2475418E+02    2.0849236E+01
    3.7180000E+00    1.2479544E+02    2.0849233E+01
    3.7220000E+00    1.2483614E+02    2.0849230E+01
    3.7260000E+00    1.2487629E+02    2.0849227E+01
    3.7300000E+00    1.2491589E+02    2.0849223E+01
    3.7340000E+00    1.2495493E+02    2.0849220E+01
    3.7380000E+00    1.2499341E+02    2.0849217E+01
    3.7420000E+00    1.2503134E+02    2.0849214E+01
    3.7460000E+00    1.2506870E+02    2.0849211E+01
    3.7500000E+00    1.2510551E+02    2.0849208E+01
    3.7540000E+00    1.2514175E+02    2.0849205E+01
    3.7580000E+00    1.2517743E+02    2.0849202E+01
    3.7620000E+00    1.2521255E+02    2.0849199E+01
    3.7660000E+00    1.2524710E+02    2.0849197E+01
    3.7700000E+00    1.2528109E+02    2.0849194E+01
    3.7740000E+00    1.2531451E+02    2.0849191E+01
    3.7780000E+00    1.2534737E+02    2.0849189E+01
    3.7820000E+00    1.2537965E+02    2.0849186E+01
    3.7860000E+00    1.2541137E+02    2.0849184E+01
    3.7900000E+00    1.2544251E+02    2.0849181E+01
    3.7940000E+00    1.2547309E+02    2.0849179E+01
    3.7980000E+00    1.2550309E+02    2.0849176E+01
    3.8020000E+00    1.2553252E+02    2.0849174E+01
    3.8060000E+00    1.2556137E+02    2.0849172E+01
    3.8100000E+00    1.2558965E+02    2.0849169E+01
    3.8140000E+00    1.2561735E+02    2.0849167E+01
    3.8180000E+00    1.2564448E+02    2.0849165E+01
    3.8220000E+00    1.2567103E+02    2.0849163E+01
    3.8260000E+00    1.2569700E+02    2.0849161E+01
    3.8300000E+00    1.2572239E+02    2.0849159E+01
    3.8340000E+00    1.2574720E+02    2.0849157E+01
    3.8380000E+00    1.2577143E+02    2.0849155E+01
    3.8420000E+00    1.2579508E+02    2.0849153E+01
    3.8460000E+00    1.2581815E+02    2.0849151E+01
    3.8500000E+00    1.2584064E+02    2.0849149E+01
    3.8540000E+00    1.2586254E+02    2.0849148E+01
    3.8580000E+00    1.2588386E+02    2.0849146E+01
    3.8620000E+00    1.2590459E+02    2.0849144E+01
    3.8660000E+00    1.2592474E+02    2.0849143E+01
    3.8700000E+00    1.2594430E+02    2.0849141E+01
    3.8740000E+00    1.2596328E+02    2.0849140E+01
    3.8780000E+00    1.2598167E+02    2.0849138E+01
    3.8820000E+00    1.2599947E+02    2.0849137E+01
    3.8860000E+00    1.2601668E+02    2.0849135E+01
    3.8900000E+00    1.2603330E+02    2.0849134E+01
    3.8940000E+00    1.2604934E+02    2.0849133E+01
    3.8980000E+00    1.2606478E+02    2.0849132E+01
    3.9020000E+00    1.2607964E+02    2.0849130E+01
    3.9060000E+00    1.2609390E+02    2.0849129E+01
    3.9100000E+00    1.2610758E+02    2.0849128E+01
    3.9140000E+00    1.2612066E+02    2.0849127E+01
    3.9180000E+00    1.2613315E+02    2.0849126E+01
    3.9220000E+00    1.2614505E+02    2.0849125E+01
    3.9260000E+00    1.2615635E+02    2.0849124E+01
    3.9300000E+00    1.2616706E+02    2.0849123E+01
    3.9340000E+00    1.2617718E+02    2.0849123E+01
    3.9380000E+00    1.2618671E+02    2.0849122E+01
    3.9420000E+00    1.2619564E+02    2.0849121E+01
    3.9460000E+00    1.2620398E+02    2.0849121E+01
    3.9500000E+00    1.2621172E+02    2.0849120E+01
    3.9540000E+00    1.2621887E+02    2.0849119E+01
    3.9580000E+00    1.2622542E+02    2.0849119E+01
    3.9620000E+00    1.2623138E+02    2.0849118E+01
    3.9660000E+00    1.2623674E+02    2.0849118E+01
    3.9700000E+00    1.2624151E+02    2.0849118E+01
    3.9740000E+00    1.2624568E+02    2.0849117E+01
    3.9780000E+00    1.2624925E+02    2.0849117E+01
    3.9820000E+00    1.2625223E+02    2.0849117E+01
    3.9860000E+00    1.2625462E+02    2.0849117E+01
    3.9900000E+00    1.2625641E+02    2.0849116E+01
    3.9940000E+00    1.2625760E+02    2.0849116E+01
    3.9980000E+00    1.2625819E+02    2.0849116E+01
