# Time          1.0000E+00
# Units: Bars
    Distance        CO2(g)          
    2.0000000E-03    8.9447992E-02
    6.0000000E-03    8.8750761E-02
    1.0000000E-02    8.8024953E-02
    1.4000000E-02    8.7271719E-02
    1.8000000E-02    8.6492205E-02
    2.2000000E-02    8.5687552E-02
    2.6000000E-02    8.4858895E-02
    3.0000000E-02    8.4007364E-02
    3.4000000E-02    8.3134078E-02
    3.8000000E-02    8.2240150E-02
    4.2000000E-02    8.1326684E-02
    4.6000000E-02    8.0394772E-02
    5.0000000E-02    7.9445498E-02
    5.4000000E-02    7.8479933E-02
    5.8000000E-02    7.7499136E-02
    6.2000000E-02    7.6504153E-02
    6.6000000E-02    7.5496019E-02
    7.0000000E-02    7.4475751E-02
    7.4000000E-02    7.3444355E-02
    7.8000000E-02    7.2402819E-02
    8.2000000E-02    7.1352116E-02
    8.6000000E-02    7.0293205E-02
    9.0000000E-02    6.9227025E-02
    9.4000000E-02    6.8154498E-02
    9.8000000E-02    6.7076530E-02
    1.0200000E-01    6.5994006E-02
    1.0600000E-01    6.4907796E-02
    1.1000000E-01    6.3818746E-02
    1.1400000E-01    6.2727688E-02
    1.1800000E-01    6.1635429E-02
    1.2200000E-01    6.0542759E-02
    1.2600000E-01    5.9450447E-02
    1.3000000E-01    5.8359241E-02
    1.3400000E-01    5.7269869E-02
    1.3800000E-01    5.6183035E-02
    1.4200000E-01    5.5099426E-02
    1.4600000E-01    5.4019703E-02
    1.5000000E-01    5.2944511E-02
    1.5400000E-01    5.1874467E-02
    1.5800000E-01    5.0810171E-02
    1.6200000E-01    4.9752200E-02
    1.6600000E-01    4.8701108E-02
    1.7000000E-01    4.7657429E-02
    1.7400000E-01    4.6621673E-02
    1.7800000E-01    4.5594332E-02
    1.8200000E-01    4.4575872E-02
    1.8600000E-01    4.3566740E-02
    1.9000000E-01    4.2567363E-02
    1.9400000E-01    4.1578143E-02
    1.9800000E-01    4.0599464E-02
    2.0200000E-01    3.9631688E-02
    2.0600000E-01    3.8675157E-02
    2.1000000E-01    3.7730192E-02
    2.1400000E-01    3.6797093E-02
    2.1800000E-01    3.5876142E-02
    2.2200000E-01    3.4967600E-02
    2.2600000E-01    3.4071710E-02
    2.3000000E-01    3.3188694E-02
    2.3400000E-01    3.2318758E-02
    2.3800000E-01    3.1462086E-02
    2.4200000E-01    3.0618848E-02
    2.4600000E-01    2.9789194E-02
    2.5000000E-01    2.8973258E-02
    2.5400000E-01    2.8171155E-02
    2.5800000E-01    2.7382987E-02
    2.6200000E-01    2.6608837E-02
    2.6600000E-01    2.5848774E-02
    2.7000000E-01    2.5102850E-02
    2.7400000E-01    2.4371106E-02
    2.7800000E-01    2.3653564E-02
    2.8200000E-01    2.2950236E-02
    2.8600000E-01    2.2261118E-02
    2.9000000E-01    2.1586194E-02
    2.9400000E-01    2.0925437E-02
    2.9800000E-01    2.0278804E-02
    3.0200000E-01    1.9646245E-02
    3.0600000E-01    1.9027695E-02
    3.1000000E-01    1.8423081E-02
    3.1400000E-01    1.7832319E-02
    3.1800000E-01    1.7255314E-02
    3.2200000E-01    1.6691963E-02
    3.2600000E-01    1.6142153E-02
    3.3000000E-01    1.5605764E-02
    3.3400000E-01    1.5082668E-02
    3.3800000E-01    1.4572726E-02
    3.4200000E-01    1.4075797E-02
    3.4600000E-01    1.3591730E-02
    3.5000000E-01    1.3120368E-02
    3.5400000E-01    1.2661548E-02
    3.5800000E-01    1.2215104E-02
    3.6200000E-01    1.1780861E-02
    3.6600000E-01    1.1358643E-02
    3.7000000E-01    1.0948267E-02
    3.7400000E-01    1.0549546E-02
    3.7800000E-01    1.0162293E-02
    3.8200000E-01    9.7863130E-03
    3.8600000E-01    9.4214115E-03
    3.9000000E-01    9.0673903E-03
    3.9400000E-01    8.7240488E-03
    3.9800000E-01    8.3911850E-03
    4.0200000E-01    8.0685951E-03
    4.0600000E-01    7.7560741E-03
    4.1000000E-01    7.4534159E-03
    4.1400000E-01    7.1604141E-03
    4.1800000E-01    6.8768613E-03
    4.2200000E-01    6.6025505E-03
    4.2600000E-01    6.3372744E-03
    4.3000000E-01    6.0808263E-03
    4.3400000E-01    5.8329999E-03
    4.3800000E-01    5.5935896E-03
    4.4200000E-01    5.3623910E-03
    4.4600000E-01    5.1392009E-03
    4.5000000E-01    4.9238172E-03
    4.5400000E-01    4.7160396E-03
    4.5800000E-01    4.5156695E-03
    4.6200000E-01    4.3225101E-03
    4.6600000E-01    4.1363667E-03
    4.7000000E-01    3.9570468E-03
    4.7400000E-01    3.7843601E-03
    4.7800000E-01    3.6181188E-03
    4.8200000E-01    3.4581377E-03
    4.8600000E-01    3.3042341E-03
    4.9000000E-01    3.1562282E-03
    4.9400000E-01    3.0139430E-03
    4.9800000E-01    2.8772043E-03
    5.0200000E-01    2.7458410E-03
    5.0600000E-01    2.6196850E-03
    5.1000000E-01    2.4985715E-03
    5.1400000E-01    2.3823384E-03
    5.1800000E-01    2.2708274E-03
    5.2200000E-01    2.1638829E-03
    5.2600000E-01    2.0613529E-03
    5.3000000E-01    1.9630886E-03
    5.3400000E-01    1.8689444E-03
    5.3800000E-01    1.7787783E-03
    5.4200000E-01    1.6924513E-03
    5.4600000E-01    1.6098280E-03
    5.5000000E-01    1.5307762E-03
    5.5400000E-01    1.4551670E-03
    5.5800000E-01    1.3828749E-03
    5.6200000E-01    1.3137777E-03
    5.6600000E-01    1.2477563E-03
    5.7000000E-01    1.1846951E-03
    5.7400000E-01    1.1244815E-03
    5.7800000E-01    1.0670063E-03
    5.8200000E-01    1.0121632E-03
    5.8600000E-01    9.5984927E-04
    5.9000000E-01    9.0996452E-04
    5.9400000E-01    8.6241205E-04
    5.9800000E-01    8.1709793E-04
    6.0200000E-01    7.7393119E-04
    6.0600000E-01    7.3282376E-04
    6.1000000E-01    6.9369041E-04
    6.1400000E-01    6.5644873E-04
    6.1800000E-01    6.2101904E-04
    6.2200000E-01    5.8732435E-04
    6.2600000E-01    5.5529032E-04
    6.3000000E-01    5.2484518E-04
    6.3400000E-01    4.9591969E-04
    6.3800000E-01    4.6844708E-04
    6.4200000E-01    4.4236298E-04
    6.4600000E-01    4.1760539E-04
    6.5000000E-01    3.9411459E-04
    6.5400000E-01    3.7183308E-04
    6.5800000E-01    3.5070559E-04
    6.6200000E-01    3.3067890E-04
    6.6600000E-01    3.1170191E-04
    6.7000000E-01    2.9372549E-04
    6.7400000E-01    2.7670247E-04
    6.7800000E-01    2.6058755E-04
    6.8200000E-01    2.4533730E-04
    6.8600000E-01    2.3091002E-04
    6.9000000E-01    2.1726577E-04
    6.9400000E-01    2.0436626E-04
    6.9800000E-01    1.9217481E-04
    7.0200000E-01    1.8065631E-04
    7.0600000E-01    1.6977717E-04
    7.1000000E-01    1.5950522E-04
    7.1400000E-01    1.4980974E-04
    7.1800000E-01    1.4066134E-04
    7.2200000E-01    1.3203195E-04
    7.2600000E-01    1.2389477E-04
    7.3000000E-01    1.1622421E-04
    7.3400000E-01    1.0899585E-04
    7.3800000E-01    1.0218640E-04
    7.4200000E-01    9.5773647E-05
    7.4600000E-01    8.9736441E-05
    7.5000000E-01    8.4054618E-05
    7.5400000E-01    7.8708981E-05
    7.5800000E-01    7.3681260E-05
    7.6200000E-01    6.8954067E-05
    7.6600000E-01    6.4510869E-05
    7.7000000E-01    6.0335945E-05
    7.7400000E-01    5.6414357E-05
    7.7800000E-01    5.2731913E-05
    7.8200000E-01    4.9275138E-05
    7.8600000E-01    4.6031242E-05
    7.9000000E-01    4.2988089E-05
    7.9400000E-01    4.0134169E-05
    7.9800000E-01    3.7458570E-05
    8.0200000E-01    3.4950951E-05
    8.0600000E-01    3.2601515E-05
    8.1000000E-01    3.0400985E-05
    8.1400000E-01    2.8340581E-05
    8.1800000E-01    2.6411993E-05
    8.2200000E-01    2.4607361E-05
    8.2600000E-01    2.2919256E-05
    8.3000000E-01    2.1340655E-05
    8.3400000E-01    1.9864922E-05
    8.3800000E-01    1.8485792E-05
    8.4200000E-01    1.7197348E-05
    8.4600000E-01    1.5994009E-05
    8.5000000E-01    1.4870509E-05
    8.5400000E-01    1.3821882E-05
    8.5800000E-01    1.2843447E-05
    8.6200000E-01    1.1930794E-05
    8.6600000E-01    1.1079769E-05
    8.7000000E-01    1.0286459E-05
    8.7400000E-01    9.5471847E-06
    8.7800000E-01    8.8584808E-06
    8.8200000E-01    8.2170899E-06
    8.8600000E-01    7.6199494E-06
    8.9000000E-01    7.0641807E-06
    8.9400000E-01    6.5470797E-06
    8.9800000E-01    6.0661068E-06
    9.0200000E-01    5.6188779E-06
    9.0600000E-01    5.2031557E-06
    9.1000000E-01    4.8168413E-06
    9.1400000E-01    4.4579666E-06
    9.1800000E-01    4.1246865E-06
    9.2200000E-01    3.8152723E-06
    9.2600000E-01    3.5281045E-06
    9.3000000E-01    3.2616664E-06
    9.3400000E-01    3.0145387E-06
    9.3800000E-01    2.7853929E-06
    9.4200000E-01    2.5729868E-06
    9.4600000E-01    2.3761585E-06
    9.5000000E-01    2.1938222E-06
    9.5400000E-01    2.0249631E-06
    9.5800000E-01    1.8686335E-06
    9.6200000E-01    1.7239485E-06
    9.6600000E-01    1.5900822E-06
    9.7000000E-01    1.4662638E-06
    9.7400000E-01    1.3517744E-06
    9.7800000E-01    1.2459440E-06
    9.8200000E-01    1.1481477E-06
    9.8600000E-01    1.0578034E-06
    9.9000000E-01    9.7436899E-07
    9.9400000E-01    8.9733968E-07
    9.9800000E-01    8.2624560E-07
    1.0020000E+00    7.6064956E-07
    1.0060000E+00    7.0014496E-07
    1.0100000E+00    6.4435369E-07
    1.0140000E+00    5.9292436E-07
    1.0180000E+00    5.4553043E-07
    1.0220000E+00    5.0186863E-07
    1.0260000E+00    4.6165735E-07
    1.0300000E+00    4.2463520E-07
    1.0340000E+00    3.9055965E-07
    1.0380000E+00    3.5920575E-07
    1.0420000E+00    3.3036490E-07
    1.0460000E+00    3.0384375E-07
    1.0500000E+00    2.7946314E-07
    1.0540000E+00    2.5705711E-07
    1.0580000E+00    2.3647200E-07
    1.0620000E+00    2.1756555E-07
    1.0660000E+00    2.0020613E-07
    1.0700000E+00    1.8427200E-07
    1.0740000E+00    1.6965055E-07
    1.0780000E+00    1.5623769E-07
    1.0820000E+00    1.4393725E-07
    1.0860000E+00    1.3266037E-07
    1.0900000E+00    1.2232499E-07
    1.0940000E+00    1.1285536E-07
    1.0980000E+00    1.0418158E-07
    1.1020000E+00    9.6239143E-08
    1.1060000E+00    8.8968581E-08
    1.1100000E+00    8.2315053E-08
    1.1140000E+00    7.6228021E-08
    1.1180000E+00    7.0660923E-08
    1.1220000E+00    6.5570873E-08
    1.1260000E+00    6.0918385E-08
    1.1300000E+00    5.6667118E-08
    1.1340000E+00    5.2783632E-08
    1.1380000E+00    4.9237168E-08
    1.1420000E+00    4.5999446E-08
    1.1460000E+00    4.3044469E-08
    1.1500000E+00    4.0348349E-08
    1.1540000E+00    3.7889141E-08
    1.1580000E+00    3.5646695E-08
    1.1620000E+00    3.3602513E-08
    1.1660000E+00    3.1739618E-08
    1.1700000E+00    3.0042437E-08
    1.1740000E+00    2.8496687E-08
    1.1780000E+00    2.7089273E-08
    1.1820000E+00    2.5808195E-08
    1.1860000E+00    2.4642455E-08
    1.1900000E+00    2.3581985E-08
    1.1940000E+00    2.2617561E-08
    1.1980000E+00    2.1740745E-08
    1.2020000E+00    2.0943812E-08
    1.2060000E+00    2.0219697E-08
    1.2100000E+00    1.9561942E-08
    1.2140000E+00    1.8964639E-08
    1.2180000E+00    1.8422393E-08
    1.2220000E+00    1.7930273E-08
    1.2260000E+00    1.7483775E-08
    1.2300000E+00    1.7078790E-08
    1.2340000E+00    1.6711564E-08
    1.2380000E+00    1.6378676E-08
    1.2420000E+00    1.6077001E-08
    1.2460000E+00    1.5803694E-08
    1.2500000E+00    1.5556159E-08
    1.2540000E+00    1.5332030E-08
    1.2580000E+00    1.5129155E-08
    1.2620000E+00    1.4945570E-08
    1.2660000E+00    1.4779490E-08
    1.2700000E+00    1.4629289E-08
    1.2740000E+00    1.4493489E-08
    1.2780000E+00    1.4370744E-08
    1.2820000E+00    1.4259831E-08
    1.2860000E+00    1.4159640E-08
    1.2900000E+00    1.4069158E-08
    1.2940000E+00    1.3987470E-08
    1.2980000E+00    1.3913742E-08
    1.3020000E+00    1.3847218E-08
    1.3060000E+00    1.3787210E-08
    1.3100000E+00    1.3733096E-08
    1.3140000E+00    1.3684311E-08
    1.3180000E+00    1.3640343E-08
    1.3220000E+00    1.3600728E-08
    1.3260000E+00    1.3565045E-08
    1.3300000E+00    1.3532913E-08
    1.3340000E+00    1.3503987E-08
    1.3380000E+00    1.3477954E-08
    1.3420000E+00    1.3454532E-08
    1.3460000E+00    1.3433465E-08
    1.3500000E+00    1.3414522E-08
    1.3540000E+00    1.3397493E-08
    1.3580000E+00    1.3382189E-08
    1.3620000E+00    1.3368439E-08
    1.3660000E+00    1.3356089E-08
    1.3700000E+00    1.3345000E-08
    1.3740000E+00    1.3335046E-08
    1.3780000E+00    1.3326113E-08
    1.3820000E+00    1.3318099E-08
    1.3860000E+00    1.3310910E-08
    1.3900000E+00    1.3304465E-08
    1.3940000E+00    1.3298687E-08
    1.3980000E+00    1.3293510E-08
    1.4020000E+00    1.3288871E-08
    1.4060000E+00    1.3284717E-08
    1.4100000E+00    1.3280997E-08
    1.4140000E+00    1.3277667E-08
    1.4180000E+00    1.3274687E-08
    1.4220000E+00    1.3272021E-08
    1.4260000E+00    1.3269637E-08
    1.4300000E+00    1.3267505E-08
    1.4340000E+00    1.3265599E-08
    1.4380000E+00    1.3263896E-08
    1.4420000E+00    1.3262374E-08
    1.4460000E+00    1.3261016E-08
    1.4500000E+00    1.3259802E-08
    1.4540000E+00    1.3258719E-08
    1.4580000E+00    1.3257753E-08
    1.4620000E+00    1.3256890E-08
    1.4660000E+00    1.3256121E-08
    1.4700000E+00    1.3255435E-08
    1.4740000E+00    1.3254824E-08
    1.4780000E+00    1.3254279E-08
    1.4820000E+00    1.3253794E-08
    1.4860000E+00    1.3253362E-08
    1.4900000E+00    1.3252977E-08
    1.4940000E+00    1.3252634E-08
    1.4980000E+00    1.3252329E-08
    1.5020000E+00    1.3252058E-08
    1.5060000E+00    1.3251817E-08
    1.5100000E+00    1.3251602E-08
    1.5140000E+00    1.3251411E-08
    1.5180000E+00    1.3251242E-08
    1.5220000E+00    1.3251091E-08
    1.5260000E+00    1.3250958E-08
    1.5300000E+00    1.3250839E-08
    1.5340000E+00    1.3250733E-08
    1.5380000E+00    1.3250640E-08
    1.5420000E+00    1.3250557E-08
    1.5460000E+00    1.3250483E-08
    1.5500000E+00    1.3250418E-08
    1.5540000E+00    1.3250360E-08
    1.5580000E+00    1.3250309E-08
    1.5620000E+00    1.3250263E-08
    1.5660000E+00    1.3250223E-08
    1.5700000E+00    1.3250187E-08
    1.5740000E+00    1.3250156E-08
    1.5780000E+00    1.3250128E-08
    1.5820000E+00    1.3250103E-08
    1.5860000E+00    1.3250081E-08
    1.5900000E+00    1.3250062E-08
    1.5940000E+00    1.3250044E-08
    1.5980000E+00    1.3250029E-08
    1.6020000E+00    1.3250016E-08
    1.6060000E+00    1.3250004E-08
    1.6100000E+00    1.3249994E-08
    1.6140000E+00    1.3249985E-08
    1.6180000E+00    1.3249976E-08
    1.6220000E+00    1.3249969E-08
    1.6260000E+00    1.3249963E-08
    1.6300000E+00    1.3249957E-08
    1.6340000E+00    1.3249952E-08
    1.6380000E+00    1.3249948E-08
    1.6420000E+00    1.3249944E-08
    1.6460000E+00    1.3249941E-08
    1.6500000E+00    1.3249938E-08
    1.6540000E+00    1.3249935E-08
    1.6580000E+00    1.3249933E-08
    1.6620000E+00    1.3249931E-08
    1.6660000E+00    1.3249929E-08
    1.6700000E+00    1.3249928E-08
    1.6740000E+00    1.3249926E-08
    1.6780000E+00    1.3249925E-08
    1.6820000E+00    1.3249924E-08
    1.6860000E+00    1.3249923E-08
    1.6900000E+00    1.3249922E-08
    1.6940000E+00    1.3249922E-08
    1.6980000E+00    1.3249921E-08
    1.7020000E+00    1.3249920E-08
    1.7060000E+00    1.3249920E-08
    1.7100000E+00    1.3249919E-08
    1.7140000E+00    1.3249919E-08
    1.7180000E+00    1.3249919E-08
    1.7220000E+00    1.3249918E-08
    1.7260000E+00    1.3249918E-08
    1.7300000E+00    1.3249918E-08
    1.7340000E+00    1.3249918E-08
    1.7380000E+00    1.3249918E-08
    1.7420000E+00    1.3249917E-08
    1.7460000E+00    1.3249917E-08
    1.7500000E+00    1.3249917E-08
    1.7540000E+00    1.3249917E-08
    1.7580000E+00    1.3249917E-08
    1.7620000E+00    1.3249917E-08
    1.7660000E+00    1.3249917E-08
    1.7700000E+00    1.3249917E-08
    1.7740000E+00    1.3249917E-08
    1.7780000E+00    1.3249917E-08
    1.7820000E+00    1.3249917E-08
    1.7860000E+00    1.3249917E-08
    1.7900000E+00    1.3249917E-08
    1.7940000E+00    1.3249917E-08
    1.7980000E+00    1.3249917E-08
    1.8020000E+00    1.3249917E-08
    1.8060000E+00    1.3249916E-08
    1.8100000E+00    1.3249916E-08
    1.8140000E+00    1.3249916E-08
    1.8180000E+00    1.3249916E-08
    1.8220000E+00    1.3249916E-08
    1.8260000E+00    1.3249916E-08
    1.8300000E+00    1.3249916E-08
    1.8340000E+00    1.3249916E-08
    1.8380000E+00    1.3249916E-08
    1.8420000E+00    1.3249916E-08
    1.8460000E+00    1.3249916E-08
    1.8500000E+00    1.3249916E-08
    1.8540000E+00    1.3249916E-08
    1.8580000E+00    1.3249916E-08
    1.8620000E+00    1.3249916E-08
    1.8660000E+00    1.3249916E-08
    1.8700000E+00    1.3249916E-08
    1.8740000E+00    1.3249916E-08
    1.8780000E+00    1.3249916E-08
    1.8820000E+00    1.3249916E-08
    1.8860000E+00    1.3249916E-08
    1.8900000E+00    1.3249916E-08
    1.8940000E+00    1.3249916E-08
    1.8980000E+00    1.3249916E-08
    1.9020000E+00    1.3249916E-08
    1.9060000E+00    1.3249916E-08
    1.9100000E+00    1.3249916E-08
    1.9140000E+00    1.3249916E-08
    1.9180000E+00    1.3249916E-08
    1.9220000E+00    1.3249916E-08
    1.9260000E+00    1.3249916E-08
    1.9300000E+00    1.3249916E-08
    1.9340000E+00    1.3249916E-08
    1.9380000E+00    1.3249916E-08
    1.9420000E+00    1.3249916E-08
    1.9460000E+00    1.3249916E-08
    1.9500000E+00    1.3249916E-08
    1.9540000E+00    1.3249916E-08
    1.9580000E+00    1.3249916E-08
    1.9620000E+00    1.3249916E-08
    1.9660000E+00    1.3249916E-08
    1.9700000E+00    1.3249916E-08
    1.9740000E+00    1.3249916E-08
    1.9780000E+00    1.3249916E-08
    1.9820000E+00    1.3249916E-08
    1.9860000E+00    1.3249916E-08
    1.9900000E+00    1.3249916E-08
    1.9940000E+00    1.3249916E-08
    1.9980000E+00    1.3249916E-08
    2.0020000E+00    1.3249916E-08
    2.0060000E+00    1.3249916E-08
    2.0100000E+00    1.3249916E-08
    2.0140000E+00    1.3249916E-08
    2.0180000E+00    1.3249916E-08
    2.0220000E+00    1.3249916E-08
    2.0260000E+00    1.3249916E-08
    2.0300000E+00    1.3249916E-08
    2.0340000E+00    1.3249916E-08
    2.0380000E+00    1.3249916E-08
    2.0420000E+00    1.3249916E-08
    2.0460000E+00    1.3249916E-08
    2.0500000E+00    1.3249916E-08
    2.0540000E+00    1.3249916E-08
    2.0580000E+00    1.3249916E-08
    2.0620000E+00    1.3249916E-08
    2.0660000E+00    1.3249916E-08
    2.0700000E+00    1.3249916E-08
    2.0740000E+00    1.3249916E-08
    2.0780000E+00    1.3249916E-08
    2.0820000E+00    1.3249916E-08
    2.0860000E+00    1.3249916E-08
    2.0900000E+00    1.3249916E-08
    2.0940000E+00    1.3249916E-08
    2.0980000E+00    1.3249916E-08
    2.1020000E+00    1.3249916E-08
    2.1060000E+00    1.3249916E-08
    2.1100000E+00    1.3249916E-08
    2.1140000E+00    1.3249916E-08
    2.1180000E+00    1.3249916E-08
    2.1220000E+00    1.3249916E-08
    2.1260000E+00    1.3249916E-08
    2.1300000E+00    1.3249916E-08
    2.1340000E+00    1.3249916E-08
    2.1380000E+00    1.3249916E-08
    2.1420000E+00    1.3249916E-08
    2.1460000E+00    1.3249916E-08
    2.1500000E+00    1.3249916E-08
    2.1540000E+00    1.3249916E-08
    2.1580000E+00    1.3249916E-08
    2.1620000E+00    1.3249916E-08
    2.1660000E+00    1.3249916E-08
    2.1700000E+00    1.3249916E-08
    2.1740000E+00    1.3249916E-08
    2.1780000E+00    1.3249916E-08
    2.1820000E+00    1.3249916E-08
    2.1860000E+00    1.3249916E-08
    2.1900000E+00    1.3249916E-08
    2.1940000E+00    1.3249916E-08
    2.1980000E+00    1.3249916E-08
    2.2020000E+00    1.3249916E-08
    2.2060000E+00    1.3249916E-08
    2.2100000E+00    1.3249916E-08
    2.2140000E+00    1.3249916E-08
    2.2180000E+00    1.3249916E-08
    2.2220000E+00    1.3249916E-08
    2.2260000E+00    1.3249916E-08
    2.2300000E+00    1.3249916E-08
    2.2340000E+00    1.3249916E-08
    2.2380000E+00    1.3249916E-08
    2.2420000E+00    1.3249916E-08
    2.2460000E+00    1.3249916E-08
    2.2500000E+00    1.3249916E-08
    2.2540000E+00    1.3249916E-08
    2.2580000E+00    1.3249916E-08
    2.2620000E+00    1.3249916E-08
    2.2660000E+00    1.3249916E-08
    2.2700000E+00    1.3249916E-08
    2.2740000E+00    1.3249916E-08
    2.2780000E+00    1.3249916E-08
    2.2820000E+00    1.3249916E-08
    2.2860000E+00    1.3249916E-08
    2.2900000E+00    1.3249916E-08
    2.2940000E+00    1.3249916E-08
    2.2980000E+00    1.3249916E-08
    2.3020000E+00    1.3249916E-08
    2.3060000E+00    1.3249916E-08
    2.3100000E+00    1.3249916E-08
    2.3140000E+00    1.3249916E-08
    2.3180000E+00    1.3249916E-08
    2.3220000E+00    1.3249916E-08
    2.3260000E+00    1.3249916E-08
    2.3300000E+00    1.3249916E-08
    2.3340000E+00    1.3249916E-08
    2.3380000E+00    1.3249916E-08
    2.3420000E+00    1.3249916E-08
    2.3460000E+00    1.3249916E-08
    2.3500000E+00    1.3249916E-08
    2.3540000E+00    1.3249916E-08
    2.3580000E+00    1.3249916E-08
    2.3620000E+00    1.3249916E-08
    2.3660000E+00    1.3249916E-08
    2.3700000E+00    1.3249916E-08
    2.3740000E+00    1.3249916E-08
    2.3780000E+00    1.3249916E-08
    2.3820000E+00    1.3249916E-08
    2.3860000E+00    1.3249916E-08
    2.3900000E+00    1.3249916E-08
    2.3940000E+00    1.3249916E-08
    2.3980000E+00    1.3249916E-08
    2.4020000E+00    1.3249916E-08
    2.4060000E+00    1.3249916E-08
    2.4100000E+00    1.3249916E-08
    2.4140000E+00    1.3249916E-08
    2.4180000E+00    1.3249916E-08
    2.4220000E+00    1.3249916E-08
    2.4260000E+00    1.3249916E-08
    2.4300000E+00    1.3249916E-08
    2.4340000E+00    1.3249916E-08
    2.4380000E+00    1.3249916E-08
    2.4420000E+00    1.3249916E-08
    2.4460000E+00    1.3249916E-08
    2.4500000E+00    1.3249916E-08
    2.4540000E+00    1.3249916E-08
    2.4580000E+00    1.3249916E-08
    2.4620000E+00    1.3249916E-08
    2.4660000E+00    1.3249916E-08
    2.4700000E+00    1.3249916E-08
    2.4740000E+00    1.3249916E-08
    2.4780000E+00    1.3249916E-08
    2.4820000E+00    1.3249916E-08
    2.4860000E+00    1.3249916E-08
    2.4900000E+00    1.3249916E-08
    2.4940000E+00    1.3249916E-08
    2.4980000E+00    1.3249916E-08
    2.5020000E+00    1.3249916E-08
    2.5060000E+00    1.3249916E-08
    2.5100000E+00    1.3249916E-08
    2.5140000E+00    1.3249916E-08
    2.5180000E+00    1.3249916E-08
    2.5220000E+00    1.3249916E-08
    2.5260000E+00    1.3249916E-08
    2.5300000E+00    1.3249916E-08
    2.5340000E+00    1.3249916E-08
    2.5380000E+00    1.3249916E-08
    2.5420000E+00    1.3249916E-08
    2.5460000E+00    1.3249916E-08
    2.5500000E+00    1.3249916E-08
    2.5540000E+00    1.3249916E-08
    2.5580000E+00    1.3249916E-08
    2.5620000E+00    1.3249916E-08
    2.5660000E+00    1.3249916E-08
    2.5700000E+00    1.3249916E-08
    2.5740000E+00    1.3249916E-08
    2.5780000E+00    1.3249916E-08
    2.5820000E+00    1.3249916E-08
    2.5860000E+00    1.3249916E-08
    2.5900000E+00    1.3249916E-08
    2.5940000E+00    1.3249916E-08
    2.5980000E+00    1.3249916E-08
    2.6020000E+00    1.3249916E-08
    2.6060000E+00    1.3249916E-08
    2.6100000E+00    1.3249916E-08
    2.6140000E+00    1.3249916E-08
    2.6180000E+00    1.3249916E-08
    2.6220000E+00    1.3249916E-08
    2.6260000E+00    1.3249916E-08
    2.6300000E+00    1.3249916E-08
    2.6340000E+00    1.3249916E-08
    2.6380000E+00    1.3249916E-08
    2.6420000E+00    1.3249916E-08
    2.6460000E+00    1.3249916E-08
    2.6500000E+00    1.3249916E-08
    2.6540000E+00    1.3249916E-08
    2.6580000E+00    1.3249916E-08
    2.6620000E+00    1.3249916E-08
    2.6660000E+00    1.3249916E-08
    2.6700000E+00    1.3249916E-08
    2.6740000E+00    1.3249916E-08
    2.6780000E+00    1.3249916E-08
    2.6820000E+00    1.3249916E-08
    2.6860000E+00    1.3249916E-08
    2.6900000E+00    1.3249916E-08
    2.6940000E+00    1.3249916E-08
    2.6980000E+00    1.3249916E-08
    2.7020000E+00    1.3249916E-08
    2.7060000E+00    1.3249916E-08
    2.7100000E+00    1.3249916E-08
    2.7140000E+00    1.3249916E-08
    2.7180000E+00    1.3249916E-08
    2.7220000E+00    1.3249916E-08
    2.7260000E+00    1.3249916E-08
    2.7300000E+00    1.3249916E-08
    2.7340000E+00    1.3249916E-08
    2.7380000E+00    1.3249916E-08
    2.7420000E+00    1.3249916E-08
    2.7460000E+00    1.3249916E-08
    2.7500000E+00    1.3249916E-08
    2.7540000E+00    1.3249916E-08
    2.7580000E+00    1.3249916E-08
    2.7620000E+00    1.3249916E-08
    2.7660000E+00    1.3249916E-08
    2.7700000E+00    1.3249916E-08
    2.7740000E+00    1.3249916E-08
    2.7780000E+00    1.3249916E-08
    2.7820000E+00    1.3249916E-08
    2.7860000E+00    1.3249916E-08
    2.7900000E+00    1.3249916E-08
    2.7940000E+00    1.3249916E-08
    2.7980000E+00    1.3249916E-08
    2.8020000E+00    1.3249916E-08
    2.8060000E+00    1.3249916E-08
    2.8100000E+00    1.3249916E-08
    2.8140000E+00    1.3249916E-08
    2.8180000E+00    1.3249916E-08
    2.8220000E+00    1.3249916E-08
    2.8260000E+00    1.3249916E-08
    2.8300000E+00    1.3249916E-08
    2.8340000E+00    1.3249916E-08
    2.8380000E+00    1.3249916E-08
    2.8420000E+00    1.3249916E-08
    2.8460000E+00    1.3249916E-08
    2.8500000E+00    1.3249916E-08
    2.8540000E+00    1.3249916E-08
    2.8580000E+00    1.3249916E-08
    2.8620000E+00    1.3249916E-08
    2.8660000E+00    1.3249916E-08
    2.8700000E+00    1.3249916E-08
    2.8740000E+00    1.3249916E-08
    2.8780000E+00    1.3249916E-08
    2.8820000E+00    1.3249916E-08
    2.8860000E+00    1.3249916E-08
    2.8900000E+00    1.3249916E-08
    2.8940000E+00    1.3249916E-08
    2.8980000E+00    1.3249916E-08
    2.9020000E+00    1.3249916E-08
    2.9060000E+00    1.3249916E-08
    2.9100000E+00    1.3249916E-08
    2.9140000E+00    1.3249916E-08
    2.9180000E+00    1.3249916E-08
    2.9220000E+00    1.3249916E-08
    2.9260000E+00    1.3249916E-08
    2.9300000E+00    1.3249916E-08
    2.9340000E+00    1.3249916E-08
    2.9380000E+00    1.3249916E-08
    2.9420000E+00    1.3249916E-08
    2.9460000E+00    1.3249916E-08
    2.9500000E+00    1.3249916E-08
    2.9540000E+00    1.3249916E-08
    2.9580000E+00    1.3249916E-08
    2.9620000E+00    1.3249916E-08
    2.9660000E+00    1.3249916E-08
    2.9700000E+00    1.3249916E-08
    2.9740000E+00    1.3249916E-08
    2.9780000E+00    1.3249916E-08
    2.9820000E+00    1.3249916E-08
    2.9860000E+00    1.3249916E-08
    2.9900000E+00    1.3249916E-08
    2.9940000E+00    1.3249916E-08
    2.9980000E+00    1.3249916E-08
    3.0020000E+00    1.3249916E-08
    3.0060000E+00    1.3249916E-08
    3.0100000E+00    1.3249916E-08
    3.0140000E+00    1.3249916E-08
    3.0180000E+00    1.3249916E-08
    3.0220000E+00    1.3249916E-08
    3.0260000E+00    1.3249916E-08
    3.0300000E+00    1.3249916E-08
    3.0340000E+00    1.3249916E-08
    3.0380000E+00    1.3249916E-08
    3.0420000E+00    1.3249916E-08
    3.0460000E+00    1.3249916E-08
    3.0500000E+00    1.3249916E-08
    3.0540000E+00    1.3249916E-08
    3.0580000E+00    1.3249916E-08
    3.0620000E+00    1.3249916E-08
    3.0660000E+00    1.3249916E-08
    3.0700000E+00    1.3249916E-08
    3.0740000E+00    1.3249916E-08
    3.0780000E+00    1.3249916E-08
    3.0820000E+00    1.3249916E-08
    3.0860000E+00    1.3249916E-08
    3.0900000E+00    1.3249916E-08
    3.0940000E+00    1.3249916E-08
    3.0980000E+00    1.3249916E-08
    3.1020000E+00    1.3249916E-08
    3.1060000E+00    1.3249916E-08
    3.1100000E+00    1.3249916E-08
    3.1140000E+00    1.3249916E-08
    3.1180000E+00    1.3249916E-08
    3.1220000E+00    1.3249916E-08
    3.1260000E+00    1.3249916E-08
    3.1300000E+00    1.3249916E-08
    3.1340000E+00    1.3249916E-08
    3.1380000E+00    1.3249916E-08
    3.1420000E+00    1.3249916E-08
    3.1460000E+00    1.3249916E-08
    3.1500000E+00    1.3249916E-08
    3.1540000E+00    1.3249916E-08
    3.1580000E+00    1.3249916E-08
    3.1620000E+00    1.3249916E-08
    3.1660000E+00    1.3249916E-08
    3.1700000E+00    1.3249916E-08
    3.1740000E+00    1.3249916E-08
    3.1780000E+00    1.3249916E-08
    3.1820000E+00    1.3249916E-08
    3.1860000E+00    1.3249916E-08
    3.1900000E+00    1.3249916E-08
    3.1940000E+00    1.3249916E-08
    3.1980000E+00    1.3249916E-08
    3.2020000E+00    1.3249916E-08
    3.2060000E+00    1.3249916E-08
    3.2100000E+00    1.3249916E-08
    3.2140000E+00    1.3249916E-08
    3.2180000E+00    1.3249916E-08
    3.2220000E+00    1.3249916E-08
    3.2260000E+00    1.3249916E-08
    3.2300000E+00    1.3249916E-08
    3.2340000E+00    1.3249916E-08
    3.2380000E+00    1.3249916E-08
    3.2420000E+00    1.3249916E-08
    3.2460000E+00    1.3249916E-08
    3.2500000E+00    1.3249916E-08
    3.2540000E+00    1.3249916E-08
    3.2580000E+00    1.3249916E-08
    3.2620000E+00    1.3249916E-08
    3.2660000E+00    1.3249916E-08
    3.2700000E+00    1.3249916E-08
    3.2740000E+00    1.3249916E-08
    3.2780000E+00    1.3249916E-08
    3.2820000E+00    1.3249916E-08
    3.2860000E+00    1.3249916E-08
    3.2900000E+00    1.3249916E-08
    3.2940000E+00    1.3249916E-08
    3.2980000E+00    1.3249916E-08
    3.3020000E+00    1.3249916E-08
    3.3060000E+00    1.3249916E-08
    3.3100000E+00    1.3249916E-08
    3.3140000E+00    1.3249916E-08
    3.3180000E+00    1.3249916E-08
    3.3220000E+00    1.3249916E-08
    3.3260000E+00    1.3249916E-08
    3.3300000E+00    1.3249916E-08
    3.3340000E+00    1.3249916E-08
    3.3380000E+00    1.3249916E-08
    3.3420000E+00    1.3249916E-08
    3.3460000E+00    1.3249916E-08
    3.3500000E+00    1.3249916E-08
    3.3540000E+00    1.3249916E-08
    3.3580000E+00    1.3249916E-08
    3.3620000E+00    1.3249916E-08
    3.3660000E+00    1.3249916E-08
    3.3700000E+00    1.3249916E-08
    3.3740000E+00    1.3249916E-08
    3.3780000E+00    1.3249916E-08
    3.3820000E+00    1.3249916E-08
    3.3860000E+00    1.3249916E-08
    3.3900000E+00    1.3249916E-08
    3.3940000E+00    1.3249916E-08
    3.3980000E+00    1.3249916E-08
    3.4020000E+00    1.3249916E-08
    3.4060000E+00    1.3249916E-08
    3.4100000E+00    1.3249916E-08
    3.4140000E+00    1.3249916E-08
    3.4180000E+00    1.3249916E-08
    3.4220000E+00    1.3249916E-08
    3.4260000E+00    1.3249916E-08
    3.4300000E+00    1.3249916E-08
    3.4340000E+00    1.3249916E-08
    3.4380000E+00    1.3249916E-08
    3.4420000E+00    1.3249916E-08
    3.4460000E+00    1.3249916E-08
    3.4500000E+00    1.3249916E-08
    3.4540000E+00    1.3249916E-08
    3.4580000E+00    1.3249916E-08
    3.4620000E+00    1.3249916E-08
    3.4660000E+00    1.3249916E-08
    3.4700000E+00    1.3249916E-08
    3.4740000E+00    1.3249916E-08
    3.4780000E+00    1.3249916E-08
    3.4820000E+00    1.3249916E-08
    3.4860000E+00    1.3249916E-08
    3.4900000E+00    1.3249916E-08
    3.4940000E+00    1.3249916E-08
    3.4980000E+00    1.3249916E-08
    3.5020000E+00    1.3249916E-08
    3.5060000E+00    1.3249916E-08
    3.5100000E+00    1.3249916E-08
    3.5140000E+00    1.3249916E-08
    3.5180000E+00    1.3249916E-08
    3.5220000E+00    1.3249916E-08
    3.5260000E+00    1.3249916E-08
    3.5300000E+00    1.3249916E-08
    3.5340000E+00    1.3249916E-08
    3.5380000E+00    1.3249916E-08
    3.5420000E+00    1.3249916E-08
    3.5460000E+00    1.3249916E-08
    3.5500000E+00    1.3249916E-08
    3.5540000E+00    1.3249916E-08
    3.5580000E+00    1.3249916E-08
    3.5620000E+00    1.3249916E-08
    3.5660000E+00    1.3249916E-08
    3.5700000E+00    1.3249916E-08
    3.5740000E+00    1.3249916E-08
    3.5780000E+00    1.3249916E-08
    3.5820000E+00    1.3249916E-08
    3.5860000E+00    1.3249916E-08
    3.5900000E+00    1.3249916E-08
    3.5940000E+00    1.3249916E-08
    3.5980000E+00    1.3249916E-08
    3.6020000E+00    1.3249916E-08
    3.6060000E+00    1.3249916E-08
    3.6100000E+00    1.3249916E-08
    3.6140000E+00    1.3249916E-08
    3.6180000E+00    1.3249916E-08
    3.6220000E+00    1.3249916E-08
    3.6260000E+00    1.3249916E-08
    3.6300000E+00    1.3249916E-08
    3.6340000E+00    1.3249916E-08
    3.6380000E+00    1.3249916E-08
    3.6420000E+00    1.3249916E-08
    3.6460000E+00    1.3249916E-08
    3.6500000E+00    1.3249916E-08
    3.6540000E+00    1.3249916E-08
    3.6580000E+00    1.3249916E-08
    3.6620000E+00    1.3249916E-08
    3.6660000E+00    1.3249916E-08
    3.6700000E+00    1.3249916E-08
    3.6740000E+00    1.3249916E-08
    3.6780000E+00    1.3249916E-08
    3.6820000E+00    1.3249916E-08
    3.6860000E+00    1.3249916E-08
    3.6900000E+00    1.3249916E-08
    3.6940000E+00    1.3249916E-08
    3.6980000E+00    1.3249916E-08
    3.7020000E+00    1.3249916E-08
    3.7060000E+00    1.3249916E-08
    3.7100000E+00    1.3249916E-08
    3.7140000E+00    1.3249916E-08
    3.7180000E+00    1.3249916E-08
    3.7220000E+00    1.3249916E-08
    3.7260000E+00    1.3249916E-08
    3.7300000E+00    1.3249916E-08
    3.7340000E+00    1.3249916E-08
    3.7380000E+00    1.3249916E-08
    3.7420000E+00    1.3249916E-08
    3.7460000E+00    1.3249916E-08
    3.7500000E+00    1.3249916E-08
    3.7540000E+00    1.3249916E-08
    3.7580000E+00    1.3249916E-08
    3.7620000E+00    1.3249916E-08
    3.7660000E+00    1.3249916E-08
    3.7700000E+00    1.3249916E-08
    3.7740000E+00    1.3249916E-08
    3.7780000E+00    1.3249916E-08
    3.7820000E+00    1.3249916E-08
    3.7860000E+00    1.3249916E-08
    3.7900000E+00    1.3249916E-08
    3.7940000E+00    1.3249916E-08
    3.7980000E+00    1.3249916E-08
    3.8020000E+00    1.3249916E-08
    3.8060000E+00    1.3249916E-08
    3.8100000E+00    1.3249916E-08
    3.8140000E+00    1.3249916E-08
    3.8180000E+00    1.3249916E-08
    3.8220000E+00    1.3249916E-08
    3.8260000E+00    1.3249916E-08
    3.8300000E+00    1.3249916E-08
    3.8340000E+00    1.3249916E-08
    3.8380000E+00    1.3249916E-08
    3.8420000E+00    1.3249916E-08
    3.8460000E+00    1.3249916E-08
    3.8500000E+00    1.3249916E-08
    3.8540000E+00    1.3249916E-08
    3.8580000E+00    1.3249916E-08
    3.8620000E+00    1.3249916E-08
    3.8660000E+00    1.3249916E-08
    3.8700000E+00    1.3249916E-08
    3.8740000E+00    1.3249916E-08
    3.8780000E+00    1.3249916E-08
    3.8820000E+00    1.3249916E-08
    3.8860000E+00    1.3249916E-08
    3.8900000E+00    1.3249916E-08
    3.8940000E+00    1.3249916E-08
    3.8980000E+00    1.3249916E-08
    3.9020000E+00    1.3249916E-08
    3.9060000E+00    1.3249916E-08
    3.9100000E+00    1.3249916E-08
    3.9140000E+00    1.3249916E-08
    3.9180000E+00    1.3249916E-08
    3.9220000E+00    1.3249916E-08
    3.9260000E+00    1.3249916E-08
    3.9300000E+00    1.3249916E-08
    3.9340000E+00    1.3249916E-08
    3.9380000E+00    1.3249916E-08
    3.9420000E+00    1.3249916E-08
    3.9460000E+00    1.3249916E-08
    3.9500000E+00    1.3249916E-08
    3.9540000E+00    1.3249916E-08
    3.9580000E+00    1.3249916E-08
    3.9620000E+00    1.3249916E-08
    3.9660000E+00    1.3249916E-08
    3.9700000E+00    1.3249916E-08
    3.9740000E+00    1.3249916E-08
    3.9780000E+00    1.3249916E-08
    3.9820000E+00    1.3249916E-08
    3.9860000E+00    1.3249916E-08
    3.9900000E+00    1.3249916E-08
    3.9940000E+00    1.3249916E-08
    3.9980000E+00    1.3249916E-08
