# Time          1.0000E+01
# Units: Bars
    Distance        CO2(g)          
    2.0000000E-03    9.0616016E-02
    6.0000000E-03    9.2253711E-02
    1.0000000E-02    9.3860576E-02
    1.4000000E-02    9.5436862E-02
    1.8000000E-02    9.6982816E-02
    2.2000000E-02    9.8498688E-02
    2.6000000E-02    9.9984727E-02
    3.0000000E-02    1.0144118E-01
    3.4000000E-02    1.0286830E-01
    3.8000000E-02    1.0426632E-01
    4.2000000E-02    1.0563550E-01
    4.6000000E-02    1.0697608E-01
    5.0000000E-02    1.0828831E-01
    5.4000000E-02    1.0957243E-01
    5.8000000E-02    1.1082870E-01
    6.2000000E-02    1.1205734E-01
    6.6000000E-02    1.1325861E-01
    7.0000000E-02    1.1443274E-01
    7.4000000E-02    1.1557999E-01
    7.8000000E-02    1.1670060E-01
    8.2000000E-02    1.1779480E-01
    8.6000000E-02    1.1886283E-01
    9.0000000E-02    1.1990495E-01
    9.4000000E-02    1.2092138E-01
    9.8000000E-02    1.2191236E-01
    1.0200000E-01    1.2287815E-01
    1.0600000E-01    1.2381896E-01
    1.1000000E-01    1.2473505E-01
    1.1400000E-01    1.2562664E-01
    1.1800000E-01    1.2649397E-01
    1.2200000E-01    1.2733729E-01
    1.2600000E-01    1.2815682E-01
    1.3000000E-01    1.2895279E-01
    1.3400000E-01    1.2972545E-01
    1.3800000E-01    1.3047502E-01
    1.4200000E-01    1.3120174E-01
    1.4600000E-01    1.3190584E-01
    1.5000000E-01    1.3258754E-01
    1.5400000E-01    1.3324708E-01
    1.5800000E-01    1.3388468E-01
    1.6200000E-01    1.3450058E-01
    1.6600000E-01    1.3509501E-01
    1.7000000E-01    1.3566818E-01
    1.7400000E-01    1.3622033E-01
    1.7800000E-01    1.3675167E-01
    1.8200000E-01    1.3726244E-01
    1.8600000E-01    1.3775286E-01
    1.9000000E-01    1.3822315E-01
    1.9400000E-01    1.3867353E-01
    1.9800000E-01    1.3910422E-01
    2.0200000E-01    1.3951544E-01
    2.0600000E-01    1.3990742E-01
    2.1000000E-01    1.4028037E-01
    2.1400000E-01    1.4063451E-01
    2.1800000E-01    1.4097005E-01
    2.2200000E-01    1.4128721E-01
    2.2600000E-01    1.4158620E-01
    2.3000000E-01    1.4186724E-01
    2.3400000E-01    1.4213055E-01
    2.3800000E-01    1.4237633E-01
    2.4200000E-01    1.4260479E-01
    2.4600000E-01    1.4281615E-01
    2.5000000E-01    1.4301061E-01
    2.5400000E-01    1.4318838E-01
    2.5800000E-01    1.4334967E-01
    2.6200000E-01    1.4349469E-01
    2.6600000E-01    1.4362364E-01
    2.7000000E-01    1.4373672E-01
    2.7400000E-01    1.4383414E-01
    2.7800000E-01    1.4391610E-01
    2.8200000E-01    1.4398280E-01
    2.8600000E-01    1.4403444E-01
    2.9000000E-01    1.4407122E-01
    2.9400000E-01    1.4409334E-01
    2.9800000E-01    1.4410100E-01
    3.0200000E-01    1.4409439E-01
    3.0600000E-01    1.4407370E-01
    3.1000000E-01    1.4403914E-01
    3.1400000E-01    1.4399088E-01
    3.1800000E-01    1.4392914E-01
    3.2200000E-01    1.4385408E-01
    3.2600000E-01    1.4376592E-01
    3.3000000E-01    1.4366482E-01
    3.3400000E-01    1.4355099E-01
    3.3800000E-01    1.4342461E-01
    3.4200000E-01    1.4328586E-01
    3.4600000E-01    1.4313492E-01
    3.5000000E-01    1.4297198E-01
    3.5400000E-01    1.4279723E-01
    3.5800000E-01    1.4261084E-01
    3.6200000E-01    1.4241299E-01
    3.6600000E-01    1.4220386E-01
    3.7000000E-01    1.4198363E-01
    3.7400000E-01    1.4175247E-01
    3.7800000E-01    1.4151056E-01
    3.8200000E-01    1.4125807E-01
    3.8600000E-01    1.4099518E-01
    3.9000000E-01    1.4072206E-01
    3.9400000E-01    1.4043888E-01
    3.9800000E-01    1.4014580E-01
    4.0200000E-01    1.3984299E-01
    4.0600000E-01    1.3953063E-01
    4.1000000E-01    1.3920888E-01
    4.1400000E-01    1.3887790E-01
    4.1800000E-01    1.3853786E-01
    4.2200000E-01    1.3818891E-01
    4.2600000E-01    1.3783123E-01
    4.3000000E-01    1.3746496E-01
    4.3400000E-01    1.3709027E-01
    4.3800000E-01    1.3670732E-01
    4.4200000E-01    1.3631626E-01
    4.4600000E-01    1.3591724E-01
    4.5000000E-01    1.3551043E-01
    4.5400000E-01    1.3509597E-01
    4.5800000E-01    1.3467402E-01
    4.6200000E-01    1.3424472E-01
    4.6600000E-01    1.3380823E-01
    4.7000000E-01    1.3336469E-01
    4.7400000E-01    1.3291425E-01
    4.7800000E-01    1.3245705E-01
    4.8200000E-01    1.3199324E-01
    4.8600000E-01    1.3152297E-01
    4.9000000E-01    1.3104637E-01
    4.9400000E-01    1.3056359E-01
    4.9800000E-01    1.3007476E-01
    5.0200000E-01    1.2958003E-01
    5.0600000E-01    1.2907952E-01
    5.1000000E-01    1.2857338E-01
    5.1400000E-01    1.2806175E-01
    5.1800000E-01    1.2754475E-01
    5.2200000E-01    1.2702251E-01
    5.2600000E-01    1.2649517E-01
    5.3000000E-01    1.2596286E-01
    5.3400000E-01    1.2542571E-01
    5.3800000E-01    1.2488384E-01
    5.4200000E-01    1.2433738E-01
    5.4600000E-01    1.2378646E-01
    5.5000000E-01    1.2323120E-01
    5.5400000E-01    1.2267172E-01
    5.5800000E-01    1.2210814E-01
    5.6200000E-01    1.2154059E-01
    5.6600000E-01    1.2096918E-01
    5.7000000E-01    1.2039403E-01
    5.7400000E-01    1.1981526E-01
    5.7800000E-01    1.1923298E-01
    5.8200000E-01    1.1864731E-01
    5.8600000E-01    1.1805836E-01
    5.9000000E-01    1.1746625E-01
    5.9400000E-01    1.1687107E-01
    5.9800000E-01    1.1627295E-01
    6.0200000E-01    1.1567200E-01
    6.0600000E-01    1.1506831E-01
    6.1000000E-01    1.1446200E-01
    6.1400000E-01    1.1385317E-01
    6.1800000E-01    1.1324192E-01
    6.2200000E-01    1.1262836E-01
    6.2600000E-01    1.1201258E-01
    6.3000000E-01    1.1139470E-01
    6.3400000E-01    1.1077480E-01
    6.3800000E-01    1.1015299E-01
    6.4200000E-01    1.0952936E-01
    6.4600000E-01    1.0890401E-01
    6.5000000E-01    1.0827703E-01
    6.5400000E-01    1.0764852E-01
    6.5800000E-01    1.0701857E-01
    6.6200000E-01    1.0638727E-01
    6.6600000E-01    1.0575471E-01
    6.7000000E-01    1.0512098E-01
    6.7400000E-01    1.0448616E-01
    6.7800000E-01    1.0385035E-01
    6.8200000E-01    1.0321363E-01
    6.8600000E-01    1.0257608E-01
    6.9000000E-01    1.0193779E-01
    6.9400000E-01    1.0129884E-01
    6.9800000E-01    1.0065931E-01
    7.0200000E-01    1.0001928E-01
    7.0600000E-01    9.9378830E-02
    7.1000000E-01    9.8738040E-02
    7.1400000E-01    9.8096985E-02
    7.1800000E-01    9.7455742E-02
    7.2200000E-01    9.6814384E-02
    7.2600000E-01    9.6172987E-02
    7.3000000E-01    9.5531622E-02
    7.3400000E-01    9.4890362E-02
    7.3800000E-01    9.4249276E-02
    7.4200000E-01    9.3608436E-02
    7.4600000E-01    9.2967908E-02
    7.5000000E-01    9.2327761E-02
    7.5400000E-01    9.1688061E-02
    7.5800000E-01    9.1048875E-02
    7.6200000E-01    9.0410265E-02
    7.6600000E-01    8.9772297E-02
    7.7000000E-01    8.9135032E-02
    7.7400000E-01    8.8498533E-02
    7.7800000E-01    8.7862858E-02
    7.8200000E-01    8.7228069E-02
    7.8600000E-01    8.6594224E-02
    7.9000000E-01    8.5961381E-02
    7.9400000E-01    8.5329595E-02
    7.9800000E-01    8.4698924E-02
    8.0200000E-01    8.4069421E-02
    8.0600000E-01    8.3441140E-02
    8.1000000E-01    8.2814135E-02
    8.1400000E-01    8.2188458E-02
    8.1800000E-01    8.1564159E-02
    8.2200000E-01    8.0941289E-02
    8.2600000E-01    8.0319896E-02
    8.3000000E-01    7.9700030E-02
    8.3400000E-01    7.9081738E-02
    8.3800000E-01    7.8465065E-02
    8.4200000E-01    7.7850059E-02
    8.4600000E-01    7.7236763E-02
    8.5000000E-01    7.6625221E-02
    8.5400000E-01    7.6015477E-02
    8.5800000E-01    7.5407573E-02
    8.6200000E-01    7.4801550E-02
    8.6600000E-01    7.4197449E-02
    8.7000000E-01    7.3595308E-02
    8.7400000E-01    7.2995168E-02
    8.7800000E-01    7.2397065E-02
    8.8200000E-01    7.1801038E-02
    8.8600000E-01    7.1207122E-02
    8.9000000E-01    7.0615353E-02
    8.9400000E-01    7.0025766E-02
    8.9800000E-01    6.9438395E-02
    9.0200000E-01    6.8853272E-02
    9.0600000E-01    6.8270431E-02
    9.1000000E-01    6.7689903E-02
    9.1400000E-01    6.7111718E-02
    9.1800000E-01    6.6535908E-02
    9.2200000E-01    6.5962500E-02
    9.2600000E-01    6.5391524E-02
    9.3000000E-01    6.4823008E-02
    9.3400000E-01    6.4256979E-02
    9.3800000E-01    6.3693463E-02
    9.4200000E-01    6.3132486E-02
    9.4600000E-01    6.2574072E-02
    9.5000000E-01    6.2018247E-02
    9.5400000E-01    6.1465033E-02
    9.5800000E-01    6.0914454E-02
    9.6200000E-01    6.0366532E-02
    9.6600000E-01    5.9821288E-02
    9.7000000E-01    5.9278743E-02
    9.7400000E-01    5.8738918E-02
    9.7800000E-01    5.8201832E-02
    9.8200000E-01    5.7667503E-02
    9.8600000E-01    5.7135951E-02
    9.9000000E-01    5.6607193E-02
    9.9400000E-01    5.6081245E-02
    9.9800000E-01    5.5558124E-02
    1.0020000E+00    5.5037846E-02
    1.0060000E+00    5.4520427E-02
    1.0100000E+00    5.4005880E-02
    1.0140000E+00    5.3494219E-02
    1.0180000E+00    5.2985459E-02
    1.0220000E+00    5.2479611E-02
    1.0260000E+00    5.1976688E-02
    1.0300000E+00    5.1476703E-02
    1.0340000E+00    5.0979664E-02
    1.0380000E+00    5.0485585E-02
    1.0420000E+00    4.9994473E-02
    1.0460000E+00    4.9506340E-02
    1.0500000E+00    4.9021193E-02
    1.0540000E+00    4.8539042E-02
    1.0580000E+00    4.8059893E-02
    1.0620000E+00    4.7583756E-02
    1.0660000E+00    4.7110635E-02
    1.0700000E+00    4.6640538E-02
    1.0740000E+00    4.6173472E-02
    1.0780000E+00    4.5709440E-02
    1.0820000E+00    4.5248448E-02
    1.0860000E+00    4.4790501E-02
    1.0900000E+00    4.4335602E-02
    1.0940000E+00    4.3883755E-02
    1.0980000E+00    4.3434964E-02
    1.1020000E+00    4.2989230E-02
    1.1060000E+00    4.2546556E-02
    1.1100000E+00    4.2106944E-02
    1.1140000E+00    4.1670395E-02
    1.1180000E+00    4.1236910E-02
    1.1220000E+00    4.0806489E-02
    1.1260000E+00    4.0379133E-02
    1.1300000E+00    3.9954842E-02
    1.1340000E+00    3.9533614E-02
    1.1380000E+00    3.9115449E-02
    1.1420000E+00    3.8700344E-02
    1.1460000E+00    3.8288299E-02
    1.1500000E+00    3.7879311E-02
    1.1540000E+00    3.7473378E-02
    1.1580000E+00    3.7070496E-02
    1.1620000E+00    3.6670662E-02
    1.1660000E+00    3.6273872E-02
    1.1700000E+00    3.5880124E-02
    1.1740000E+00    3.5489411E-02
    1.1780000E+00    3.5101731E-02
    1.1820000E+00    3.4717077E-02
    1.1860000E+00    3.4335444E-02
    1.1900000E+00    3.3956827E-02
    1.1940000E+00    3.3581220E-02
    1.1980000E+00    3.3208617E-02
    1.2020000E+00    3.2839011E-02
    1.2060000E+00    3.2472395E-02
    1.2100000E+00    3.2108763E-02
    1.2140000E+00    3.1748107E-02
    1.2180000E+00    3.1390419E-02
    1.2220000E+00    3.1035692E-02
    1.2260000E+00    3.0683917E-02
    1.2300000E+00    3.0335086E-02
    1.2340000E+00    2.9989190E-02
    1.2380000E+00    2.9646221E-02
    1.2420000E+00    2.9306169E-02
    1.2460000E+00    2.8969025E-02
    1.2500000E+00    2.8634779E-02
    1.2540000E+00    2.8303421E-02
    1.2580000E+00    2.7974942E-02
    1.2620000E+00    2.7649332E-02
    1.2660000E+00    2.7326578E-02
    1.2700000E+00    2.7006672E-02
    1.2740000E+00    2.6689602E-02
    1.2780000E+00    2.6375357E-02
    1.2820000E+00    2.6063925E-02
    1.2860000E+00    2.5755296E-02
    1.2900000E+00    2.5449457E-02
    1.2940000E+00    2.5146397E-02
    1.2980000E+00    2.4846104E-02
    1.3020000E+00    2.4548566E-02
    1.3060000E+00    2.4253770E-02
    1.3100000E+00    2.3961704E-02
    1.3140000E+00    2.3672355E-02
    1.3180000E+00    2.3385710E-02
    1.3220000E+00    2.3101757E-02
    1.3260000E+00    2.2820482E-02
    1.3300000E+00    2.2541873E-02
    1.3340000E+00    2.2265915E-02
    1.3380000E+00    2.1992596E-02
    1.3420000E+00    2.1721901E-02
    1.3460000E+00    2.1453818E-02
    1.3500000E+00    2.1188332E-02
    1.3540000E+00    2.0925429E-02
    1.3580000E+00    2.0665096E-02
    1.3620000E+00    2.0407317E-02
    1.3660000E+00    2.0152080E-02
    1.3700000E+00    1.9899369E-02
    1.3740000E+00    1.9649169E-02
    1.3780000E+00    1.9401468E-02
    1.3820000E+00    1.9156249E-02
    1.3860000E+00    1.8913499E-02
    1.3900000E+00    1.8673201E-02
    1.3940000E+00    1.8435343E-02
    1.3980000E+00    1.8199908E-02
    1.4020000E+00    1.7966881E-02
    1.4060000E+00    1.7736248E-02
    1.4100000E+00    1.7507993E-02
    1.4140000E+00    1.7282102E-02
    1.4180000E+00    1.7058558E-02
    1.4220000E+00    1.6837347E-02
    1.4260000E+00    1.6618454E-02
    1.4300000E+00    1.6401862E-02
    1.4340000E+00    1.6187557E-02
    1.4380000E+00    1.5975523E-02
    1.4420000E+00    1.5765744E-02
    1.4460000E+00    1.5558205E-02
    1.4500000E+00    1.5352891E-02
    1.4540000E+00    1.5149785E-02
    1.4580000E+00    1.4948873E-02
    1.4620000E+00    1.4750138E-02
    1.4660000E+00    1.4553565E-02
    1.4700000E+00    1.4359139E-02
    1.4740000E+00    1.4166842E-02
    1.4780000E+00    1.3976661E-02
    1.4820000E+00    1.3788578E-02
    1.4860000E+00    1.3602579E-02
    1.4900000E+00    1.3418648E-02
    1.4940000E+00    1.3236768E-02
    1.4980000E+00    1.3056925E-02
    1.5020000E+00    1.2879102E-02
    1.5060000E+00    1.2703284E-02
    1.5100000E+00    1.2529454E-02
    1.5140000E+00    1.2357598E-02
    1.5180000E+00    1.2187700E-02
    1.5220000E+00    1.2019744E-02
    1.5260000E+00    1.1853714E-02
    1.5300000E+00    1.1689595E-02
    1.5340000E+00    1.1527370E-02
    1.5380000E+00    1.1367026E-02
    1.5420000E+00    1.1208545E-02
    1.5460000E+00    1.1051912E-02
    1.5500000E+00    1.0897113E-02
    1.5540000E+00    1.0744130E-02
    1.5580000E+00    1.0592950E-02
    1.5620000E+00    1.0443556E-02
    1.5660000E+00    1.0295934E-02
    1.5700000E+00    1.0150067E-02
    1.5740000E+00    1.0005940E-02
    1.5780000E+00    9.8635394E-03
    1.5820000E+00    9.7228483E-03
    1.5860000E+00    9.5838521E-03
    1.5900000E+00    9.4465357E-03
    1.5940000E+00    9.3108839E-03
    1.5980000E+00    9.1768817E-03
    1.6020000E+00    9.0445142E-03
    1.6060000E+00    8.9137664E-03
    1.6100000E+00    8.7846235E-03
    1.6140000E+00    8.6570705E-03
    1.6180000E+00    8.5310929E-03
    1.6220000E+00    8.4066758E-03
    1.6260000E+00    8.2838047E-03
    1.6300000E+00    8.1624648E-03
    1.6340000E+00    8.0426417E-03
    1.6380000E+00    7.9243210E-03
    1.6420000E+00    7.8074882E-03
    1.6460000E+00    7.6921290E-03
    1.6500000E+00    7.5782291E-03
    1.6540000E+00    7.4657742E-03
    1.6580000E+00    7.3547504E-03
    1.6620000E+00    7.2451434E-03
    1.6660000E+00    7.1369393E-03
    1.6700000E+00    7.0301241E-03
    1.6740000E+00    6.9246840E-03
    1.6780000E+00    6.8206051E-03
    1.6820000E+00    6.7178739E-03
    1.6860000E+00    6.6164765E-03
    1.6900000E+00    6.5163995E-03
    1.6940000E+00    6.4176293E-03
    1.6980000E+00    6.3201525E-03
    1.7020000E+00    6.2239558E-03
    1.7060000E+00    6.1290259E-03
    1.7100000E+00    6.0353496E-03
    1.7140000E+00    5.9429138E-03
    1.7180000E+00    5.8517054E-03
    1.7220000E+00    5.7617115E-03
    1.7260000E+00    5.6729193E-03
    1.7300000E+00    5.5853158E-03
    1.7340000E+00    5.4988884E-03
    1.7380000E+00    5.4136245E-03
    1.7420000E+00    5.3295115E-03
    1.7460000E+00    5.2465370E-03
    1.7500000E+00    5.1646884E-03
    1.7540000E+00    5.0839537E-03
    1.7580000E+00    5.0043204E-03
    1.7620000E+00    4.9257765E-03
    1.7660000E+00    4.8483099E-03
    1.7700000E+00    4.7719087E-03
    1.7740000E+00    4.6965609E-03
    1.7780000E+00    4.6222548E-03
    1.7820000E+00    4.5489787E-03
    1.7860000E+00    4.4767208E-03
    1.7900000E+00    4.4054697E-03
    1.7940000E+00    4.3352139E-03
    1.7980000E+00    4.2659420E-03
    1.8020000E+00    4.1976427E-03
    1.8060000E+00    4.1303049E-03
    1.8100000E+00    4.0639174E-03
    1.8140000E+00    3.9984692E-03
    1.8180000E+00    3.9339493E-03
    1.8220000E+00    3.8703468E-03
    1.8260000E+00    3.8076511E-03
    1.8300000E+00    3.7458514E-03
    1.8340000E+00    3.6849371E-03
    1.8380000E+00    3.6248977E-03
    1.8420000E+00    3.5657228E-03
    1.8460000E+00    3.5074021E-03
    1.8500000E+00    3.4499252E-03
    1.8540000E+00    3.3932820E-03
    1.8580000E+00    3.3374625E-03
    1.8620000E+00    3.2824566E-03
    1.8660000E+00    3.2282545E-03
    1.8700000E+00    3.1748463E-03
    1.8740000E+00    3.1222222E-03
    1.8780000E+00    3.0703727E-03
    1.8820000E+00    3.0192881E-03
    1.8860000E+00    2.9689589E-03
    1.8900000E+00    2.9193759E-03
    1.8940000E+00    2.8705296E-03
    1.8980000E+00    2.8224109E-03
    1.9020000E+00    2.7750106E-03
    1.9060000E+00    2.7283196E-03
    1.9100000E+00    2.6823290E-03
    1.9140000E+00    2.6370298E-03
    1.9180000E+00    2.5924134E-03
    1.9220000E+00    2.5484708E-03
    1.9260000E+00    2.5051936E-03
    1.9300000E+00    2.4625732E-03
    1.9340000E+00    2.4206010E-03
    1.9380000E+00    2.3792687E-03
    1.9420000E+00    2.3385680E-03
    1.9460000E+00    2.2984907E-03
    1.9500000E+00    2.2590286E-03
    1.9540000E+00    2.2201735E-03
    1.9580000E+00    2.1819177E-03
    1.9620000E+00    2.1442531E-03
    1.9660000E+00    2.1071719E-03
    1.9700000E+00    2.0706664E-03
    1.9740000E+00    2.0347288E-03
    1.9780000E+00    1.9993517E-03
    1.9820000E+00    1.9645276E-03
    1.9860000E+00    1.9302488E-03
    1.9900000E+00    1.8965082E-03
    1.9940000E+00    1.8632985E-03
    1.9980000E+00    1.8306123E-03
    2.0020000E+00    1.7984427E-03
    2.0060000E+00    1.7667826E-03
    2.0100000E+00    1.7356249E-03
    2.0140000E+00    1.7049628E-03
    2.0180000E+00    1.6747896E-03
    2.0220000E+00    1.6450983E-03
    2.0260000E+00    1.6158823E-03
    2.0300000E+00    1.5871351E-03
    2.0340000E+00    1.5588501E-03
    2.0380000E+00    1.5310209E-03
    2.0420000E+00    1.5036410E-03
    2.0460000E+00    1.4767042E-03
    2.0500000E+00    1.4502042E-03
    2.0540000E+00    1.4241348E-03
    2.0580000E+00    1.3984900E-03
    2.0620000E+00    1.3732636E-03
    2.0660000E+00    1.3484498E-03
    2.0700000E+00    1.3240426E-03
    2.0740000E+00    1.3000362E-03
    2.0780000E+00    1.2764249E-03
    2.0820000E+00    1.2532029E-03
    2.0860000E+00    1.2303647E-03
    2.0900000E+00    1.2079046E-03
    2.0940000E+00    1.1858172E-03
    2.0980000E+00    1.1640970E-03
    2.1020000E+00    1.1427387E-03
    2.1060000E+00    1.1217370E-03
    2.1100000E+00    1.1010866E-03
    2.1140000E+00    1.0807824E-03
    2.1180000E+00    1.0608193E-03
    2.1220000E+00    1.0411921E-03
    2.1260000E+00    1.0218960E-03
    2.1300000E+00    1.0029259E-03
    2.1340000E+00    9.8427709E-04
    2.1380000E+00    9.6594468E-04
    2.1420000E+00    9.4792393E-04
    2.1460000E+00    9.3021016E-04
    2.1500000E+00    9.1279874E-04
    2.1540000E+00    8.9568511E-04
    2.1580000E+00    8.7886474E-04
    2.1620000E+00    8.6233318E-04
    2.1660000E+00    8.4608603E-04
    2.1700000E+00    8.3011895E-04
    2.1740000E+00    8.1442764E-04
    2.1780000E+00    7.9900788E-04
    2.1820000E+00    7.8385549E-04
    2.1860000E+00    7.6896634E-04
    2.1900000E+00    7.5433636E-04
    2.1940000E+00    7.3996153E-04
    2.1980000E+00    7.2583788E-04
    2.2020000E+00    7.1196151E-04
    2.2060000E+00    6.9832855E-04
    2.2100000E+00    6.8493518E-04
    2.2140000E+00    6.7177766E-04
    2.2180000E+00    6.5885226E-04
    2.2220000E+00    6.4615532E-04
    2.2260000E+00    6.3368324E-04
    2.2300000E+00    6.2143246E-04
    2.2340000E+00    6.0939944E-04
    2.2380000E+00    5.9758073E-04
    2.2420000E+00    5.8597291E-04
    2.2460000E+00    5.7457260E-04
    2.2500000E+00    5.6337648E-04
    2.2540000E+00    5.5238126E-04
    2.2580000E+00    5.4158370E-04
    2.2620000E+00    5.3098061E-04
    2.2660000E+00    5.2056884E-04
    2.2700000E+00    5.1034529E-04
    2.2740000E+00    5.0030691E-04
    2.2780000E+00    4.9045066E-04
    2.2820000E+00    4.8077357E-04
    2.2860000E+00    4.7127271E-04
    2.2900000E+00    4.6194519E-04
    2.2940000E+00    4.5278815E-04
    2.2980000E+00    4.4379878E-04
    2.3020000E+00    4.3497432E-04
    2.3060000E+00    4.2631202E-04
    2.3100000E+00    4.1780921E-04
    2.3140000E+00    4.0946322E-04
    2.3180000E+00    4.0127144E-04
    2.3220000E+00    3.9323129E-04
    2.3260000E+00    3.8534023E-04
    2.3300000E+00    3.7759576E-04
    2.3340000E+00    3.6999542E-04
    2.3380000E+00    3.6253676E-04
    2.3420000E+00    3.5521741E-04
    2.3460000E+00    3.4803499E-04
    2.3500000E+00    3.4098719E-04
    2.3540000E+00    3.3407172E-04
    2.3580000E+00    3.2728631E-04
    2.3620000E+00    3.2062875E-04
    2.3660000E+00    3.1409685E-04
    2.3700000E+00    3.0768845E-04
    2.3740000E+00    3.0140143E-04
    2.3780000E+00    2.9523370E-04
    2.3820000E+00    2.8918320E-04
    2.3860000E+00    2.8324789E-04
    2.3900000E+00    2.7742579E-04
    2.3940000E+00    2.7171492E-04
    2.3980000E+00    2.6611335E-04
    2.4020000E+00    2.6061917E-04
    2.4060000E+00    2.5523050E-04
    2.4100000E+00    2.4994549E-04
    2.4140000E+00    2.4476233E-04
    2.4180000E+00    2.3967921E-04
    2.4220000E+00    2.3469438E-04
    2.4260000E+00    2.2980611E-04
    2.4300000E+00    2.2501267E-04
    2.4340000E+00    2.2031239E-04
    2.4380000E+00    2.1570361E-04
    2.4420000E+00    2.1118470E-04
    2.4460000E+00    2.0675406E-04
    2.4500000E+00    2.0241010E-04
    2.4540000E+00    1.9815128E-04
    2.4580000E+00    1.9397606E-04
    2.4620000E+00    1.8988295E-04
    2.4660000E+00    1.8587045E-04
    2.4700000E+00    1.8193712E-04
    2.4740000E+00    1.7808152E-04
    2.4780000E+00    1.7430224E-04
    2.4820000E+00    1.7059789E-04
    2.4860000E+00    1.6696711E-04
    2.4900000E+00    1.6340855E-04
    2.4940000E+00    1.5992090E-04
    2.4980000E+00    1.5650286E-04
    2.5020000E+00    1.5315314E-04
    2.5060000E+00    1.4987049E-04
    2.5100000E+00    1.4665369E-04
    2.5140000E+00    1.4350150E-04
    2.5180000E+00    1.4041273E-04
    2.5220000E+00    1.3738621E-04
    2.5260000E+00    1.3442079E-04
    2.5300000E+00    1.3151532E-04
    2.5340000E+00    1.2866870E-04
    2.5380000E+00    1.2587981E-04
    2.5420000E+00    1.2314758E-04
    2.5460000E+00    1.2047094E-04
    2.5500000E+00    1.1784886E-04
    2.5540000E+00    1.1528031E-04
    2.5580000E+00    1.1276427E-04
    2.5620000E+00    1.1029975E-04
    2.5660000E+00    1.0788578E-04
    2.5700000E+00    1.0552141E-04
    2.5740000E+00    1.0320568E-04
    2.5780000E+00    1.0093767E-04
    2.5820000E+00    9.8716479E-05
    2.5860000E+00    9.6541204E-05
    2.5900000E+00    9.4410967E-05
    2.5940000E+00    9.2324906E-05
    2.5980000E+00    9.0282172E-05
    2.6020000E+00    8.8281931E-05
    2.6060000E+00    8.6323364E-05
    2.6100000E+00    8.4405665E-05
    2.6140000E+00    8.2528045E-05
    2.6180000E+00    8.0689725E-05
    2.6220000E+00    7.8889943E-05
    2.6260000E+00    7.7127948E-05
    2.6300000E+00    7.5403005E-05
    2.6340000E+00    7.3714390E-05
    2.6380000E+00    7.2061392E-05
    2.6420000E+00    7.0443313E-05
    2.6460000E+00    6.8859468E-05
    2.6500000E+00    6.7309183E-05
    2.6540000E+00    6.5791797E-05
    2.6580000E+00    6.4306660E-05
    2.6620000E+00    6.2853136E-05
    2.6660000E+00    6.1430598E-05
    2.6700000E+00    6.0038431E-05
    2.6740000E+00    5.8676031E-05
    2.6780000E+00    5.7342806E-05
    2.6820000E+00    5.6038174E-05
    2.6860000E+00    5.4761564E-05
    2.6900000E+00    5.3512414E-05
    2.6940000E+00    5.2290174E-05
    2.6980000E+00    5.1094303E-05
    2.7020000E+00    4.9924272E-05
    2.7060000E+00    4.8779558E-05
    2.7100000E+00    4.7659651E-05
    2.7140000E+00    4.6564050E-05
    2.7180000E+00    4.5492261E-05
    2.7220000E+00    4.4443802E-05
    2.7260000E+00    4.3418198E-05
    2.7300000E+00    4.2414985E-05
    2.7340000E+00    4.1433704E-05
    2.7380000E+00    4.0473908E-05
    2.7420000E+00    3.9535158E-05
    2.7460000E+00    3.8617021E-05
    2.7500000E+00    3.7719075E-05
    2.7540000E+00    3.6840904E-05
    2.7580000E+00    3.5982101E-05
    2.7620000E+00    3.5142266E-05
    2.7660000E+00    3.4321006E-05
    2.7700000E+00    3.3517938E-05
    2.7740000E+00    3.2732683E-05
    2.7780000E+00    3.1964873E-05
    2.7820000E+00    3.1214143E-05
    2.7860000E+00    3.0480137E-05
    2.7900000E+00    2.9762507E-05
    2.7940000E+00    2.9060910E-05
    2.7980000E+00    2.8375010E-05
    2.8020000E+00    2.7704477E-05
    2.8060000E+00    2.7048989E-05
    2.8100000E+00    2.6408229E-05
    2.8140000E+00    2.5781887E-05
    2.8180000E+00    2.5169657E-05
    2.8220000E+00    2.4571242E-05
    2.8260000E+00    2.3986349E-05
    2.8300000E+00    2.3414690E-05
    2.8340000E+00    2.2855985E-05
    2.8380000E+00    2.2309957E-05
    2.8420000E+00    2.1776336E-05
    2.8460000E+00    2.1254858E-05
    2.8500000E+00    2.0745262E-05
    2.8540000E+00    2.0247294E-05
    2.8580000E+00    1.9760705E-05
    2.8620000E+00    1.9285249E-05
    2.8660000E+00    1.8820687E-05
    2.8700000E+00    1.8366785E-05
    2.8740000E+00    1.7923311E-05
    2.8780000E+00    1.7490041E-05
    2.8820000E+00    1.7066753E-05
    2.8860000E+00    1.6653230E-05
    2.8900000E+00    1.6249262E-05
    2.8940000E+00    1.5854638E-05
    2.8980000E+00    1.5469157E-05
    2.9020000E+00    1.5092617E-05
    2.9060000E+00    1.4724825E-05
    2.9100000E+00    1.4365587E-05
    2.9140000E+00    1.4014717E-05
    2.9180000E+00    1.3672030E-05
    2.9220000E+00    1.3337347E-05
    2.9260000E+00    1.3010492E-05
    2.9300000E+00    1.2691290E-05
    2.9340000E+00    1.2379574E-05
    2.9380000E+00    1.2075177E-05
    2.9420000E+00    1.1777937E-05
    2.9460000E+00    1.1487696E-05
    2.9500000E+00    1.1204298E-05
    2.9540000E+00    1.0927589E-05
    2.9580000E+00    1.0657422E-05
    2.9620000E+00    1.0393649E-05
    2.9660000E+00    1.0136129E-05
    2.9700000E+00    9.8847199E-06
    2.9740000E+00    9.6392856E-06
    2.9780000E+00    9.3996916E-06
    2.9820000E+00    9.1658064E-06
    2.9860000E+00    8.9375015E-06
    2.9900000E+00    8.7146507E-06
    2.9940000E+00    8.4971309E-06
    2.9980000E+00    8.2848212E-06
    3.0020000E+00    8.0776037E-06
    3.0060000E+00    7.8753625E-06
    3.0100000E+00    7.6779846E-06
    3.0140000E+00    7.4853592E-06
    3.0180000E+00    7.2973779E-06
    3.0220000E+00    7.1139346E-06
    3.0260000E+00    6.9349256E-06
    3.0300000E+00    6.7602491E-06
    3.0340000E+00    6.5898059E-06
    3.0380000E+00    6.4234987E-06
    3.0420000E+00    6.2612323E-06
    3.0460000E+00    6.1029136E-06
    3.0500000E+00    5.9484515E-06
    3.0540000E+00    5.7977569E-06
    3.0580000E+00    5.6507426E-06
    3.0620000E+00    5.5073233E-06
    3.0660000E+00    5.3674156E-06
    3.0700000E+00    5.2309378E-06
    3.0740000E+00    5.0978102E-06
    3.0780000E+00    4.9679547E-06
    3.0820000E+00    4.8412949E-06
    3.0860000E+00    4.7177560E-06
    3.0900000E+00    4.5972651E-06
    3.0940000E+00    4.4797507E-06
    3.0980000E+00    4.3651429E-06
    3.1020000E+00    4.2533735E-06
    3.1060000E+00    4.1443755E-06
    3.1100000E+00    4.0380837E-06
    3.1140000E+00    3.9344341E-06
    3.1180000E+00    3.8333644E-06
    3.1220000E+00    3.7348135E-06
    3.1260000E+00    3.6387216E-06
    3.1300000E+00    3.5450304E-06
    3.1340000E+00    3.4536828E-06
    3.1380000E+00    3.3646231E-06
    3.1420000E+00    3.2777966E-06
    3.1460000E+00    3.1931502E-06
    3.1500000E+00    3.1106316E-06
    3.1540000E+00    3.0301900E-06
    3.1580000E+00    2.9517756E-06
    3.1620000E+00    2.8753397E-06
    3.1660000E+00    2.8008348E-06
    3.1700000E+00    2.7282144E-06
    3.1740000E+00    2.6574331E-06
    3.1780000E+00    2.5884465E-06
    3.1820000E+00    2.5212112E-06
    3.1860000E+00    2.4556849E-06
    3.1900000E+00    2.3918261E-06
    3.1940000E+00    2.3295945E-06
    3.1980000E+00    2.2689504E-06
    3.2020000E+00    2.2098553E-06
    3.2060000E+00    2.1522713E-06
    3.2100000E+00    2.0961618E-06
    3.2140000E+00    2.0414905E-06
    3.2180000E+00    1.9882224E-06
    3.2220000E+00    1.9363231E-06
    3.2260000E+00    1.8857590E-06
    3.2300000E+00    1.8364973E-06
    3.2340000E+00    1.7885061E-06
    3.2380000E+00    1.7417539E-06
    3.2420000E+00    1.6962104E-06
    3.2460000E+00    1.6518456E-06
    3.2500000E+00    1.6086303E-06
    3.2540000E+00    1.5665362E-06
    3.2580000E+00    1.5255355E-06
    3.2620000E+00    1.4856010E-06
    3.2660000E+00    1.4467062E-06
    3.2700000E+00    1.4088253E-06
    3.2740000E+00    1.3719330E-06
    3.2780000E+00    1.3360046E-06
    3.2820000E+00    1.3010161E-06
    3.2860000E+00    1.2669439E-06
    3.2900000E+00    1.2337651E-06
    3.2940000E+00    1.2014573E-06
    3.2980000E+00    1.1699986E-06
    3.3020000E+00    1.1393677E-06
    3.3060000E+00    1.1095438E-06
    3.3100000E+00    1.0805064E-06
    3.3140000E+00    1.0522358E-06
    3.3180000E+00    1.0247126E-06
    3.3220000E+00    9.9791780E-07
    3.3260000E+00    9.7183302E-07
    3.3300000E+00    9.4644023E-07
    3.3340000E+00    9.2172185E-07
    3.3380000E+00    8.9766074E-07
    3.3420000E+00    8.7424016E-07
    3.3460000E+00    8.5144377E-07
    3.3500000E+00    8.2925565E-07
    3.3540000E+00    8.0766024E-07
    3.3580000E+00    7.8664237E-07
    3.3620000E+00    7.6618725E-07
    3.3660000E+00    7.4628043E-07
    3.3700000E+00    7.2690784E-07
    3.3740000E+00    7.0805573E-07
    3.3780000E+00    6.8971070E-07
    3.3820000E+00    6.7185967E-07
    3.3860000E+00    6.5448989E-07
    3.3900000E+00    6.3758892E-07
    3.3940000E+00    6.2114463E-07
    3.3980000E+00    6.0514518E-07
    3.4020000E+00    5.8957904E-07
    3.4060000E+00    5.7443494E-07
    3.4100000E+00    5.5970191E-07
    3.4140000E+00    5.4536925E-07
    3.4180000E+00    5.3142652E-07
    3.4220000E+00    5.1786353E-07
    3.4260000E+00    5.0467038E-07
    3.4300000E+00    4.9183737E-07
    3.4340000E+00    4.7935508E-07
    3.4380000E+00    4.6721431E-07
    3.4420000E+00    4.5540608E-07
    3.4460000E+00    4.4392166E-07
    3.4500000E+00    4.3275252E-07
    3.4540000E+00    4.2189035E-07
    3.4580000E+00    4.1132705E-07
    3.4620000E+00    4.0105474E-07
    3.4660000E+00    3.9106570E-07
    3.4700000E+00    3.8135244E-07
    3.4740000E+00    3.7190766E-07
    3.4780000E+00    3.6272421E-07
    3.4820000E+00    3.5379517E-07
    3.4860000E+00    3.4511377E-07
    3.4900000E+00    3.3667340E-07
    3.4940000E+00    3.2846764E-07
    3.4980000E+00    3.2049022E-07
    3.5020000E+00    3.1273506E-07
    3.5060000E+00    3.0519619E-07
    3.5100000E+00    2.9786783E-07
    3.5140000E+00    2.9074433E-07
    3.5180000E+00    2.8382020E-07
    3.5220000E+00    2.7709006E-07
    3.5260000E+00    2.7054872E-07
    3.5300000E+00    2.6419107E-07
    3.5340000E+00    2.5801217E-07
    3.5380000E+00    2.5200719E-07
    3.5420000E+00    2.4617143E-07
    3.5460000E+00    2.4050032E-07
    3.5500000E+00    2.3498940E-07
    3.5540000E+00    2.2963432E-07
    3.5580000E+00    2.2443085E-07
    3.5620000E+00    2.1937488E-07
    3.5660000E+00    2.1446240E-07
    3.5700000E+00    2.0968950E-07
    3.5740000E+00    2.0505237E-07
    3.5780000E+00    2.0054732E-07
    3.5820000E+00    1.9617074E-07
    3.5860000E+00    1.9191912E-07
    3.5900000E+00    1.8778904E-07
    3.5940000E+00    1.8377717E-07
    3.5980000E+00    1.7988027E-07
    3.6020000E+00    1.7609519E-07
    3.6060000E+00    1.7241887E-07
    3.6100000E+00    1.6884830E-07
    3.6140000E+00    1.6538060E-07
    3.6180000E+00    1.6201291E-07
    3.6220000E+00    1.5874249E-07
    3.6260000E+00    1.5556666E-07
    3.6300000E+00    1.5248280E-07
    3.6340000E+00    1.4948839E-07
    3.6380000E+00    1.4658094E-07
    3.6420000E+00    1.4375805E-07
    3.6460000E+00    1.4101738E-07
    3.6500000E+00    1.3835667E-07
    3.6540000E+00    1.3577368E-07
    3.6580000E+00    1.3326628E-07
    3.6620000E+00    1.3083236E-07
    3.6660000E+00    1.2846988E-07
    3.6700000E+00    1.2617686E-07
    3.6740000E+00    1.2395138E-07
    3.6780000E+00    1.2179155E-07
    3.6820000E+00    1.1969556E-07
    3.6860000E+00    1.1766163E-07
    3.6900000E+00    1.1568803E-07
    3.6940000E+00    1.1377309E-07
    3.6980000E+00    1.1191518E-07
    3.7020000E+00    1.1011271E-07
    3.7060000E+00    1.0836414E-07
    3.7100000E+00    1.0666797E-07
    3.7140000E+00    1.0502276E-07
    3.7180000E+00    1.0342707E-07
    3.7220000E+00    1.0187954E-07
    3.7260000E+00    1.0037883E-07
    3.7300000E+00    9.8923639E-08
    3.7340000E+00    9.7512711E-08
    3.7380000E+00    9.6144818E-08
    3.7420000E+00    9.4818770E-08
    3.7460000E+00    9.3533410E-08
    3.7500000E+00    9.2287616E-08
    3.7540000E+00    9.1080297E-08
    3.7580000E+00    8.9910394E-08
    3.7620000E+00    8.8776880E-08
    3.7660000E+00    8.7678757E-08
    3.7700000E+00    8.6615057E-08
    3.7740000E+00    8.5584840E-08
    3.7780000E+00    8.4587194E-08
    3.7820000E+00    8.3621235E-08
    3.7860000E+00    8.2686105E-08
    3.7900000E+00    8.1780973E-08
    3.7940000E+00    8.0905031E-08
    3.7980000E+00    8.0057497E-08
    3.8020000E+00    7.9237614E-08
    3.8060000E+00    7.8444647E-08
    3.8100000E+00    7.7677884E-08
    3.8140000E+00    7.6936637E-08
    3.8180000E+00    7.6220238E-08
    3.8220000E+00    7.5528041E-08
    3.8260000E+00    7.4859422E-08
    3.8300000E+00    7.4213775E-08
    3.8340000E+00    7.3590515E-08
    3.8380000E+00    7.2989077E-08
    3.8420000E+00    7.2408915E-08
    3.8460000E+00    7.1849500E-08
    3.8500000E+00    7.1310324E-08
    3.8540000E+00    7.0790893E-08
    3.8580000E+00    7.0290734E-08
    3.8620000E+00    6.9809388E-08
    3.8660000E+00    6.9346414E-08
    3.8700000E+00    6.8901389E-08
    3.8740000E+00    6.8473902E-08
    3.8780000E+00    6.8063561E-08
    3.8820000E+00    6.7669988E-08
    3.8860000E+00    6.7292820E-08
    3.8900000E+00    6.6931709E-08
    3.8940000E+00    6.6586321E-08
    3.8980000E+00    6.6256337E-08
    3.9020000E+00    6.5941451E-08
    3.9060000E+00    6.5641372E-08
    3.9100000E+00    6.5355820E-08
    3.9140000E+00    6.5084530E-08
    3.9180000E+00    6.4827251E-08
    3.9220000E+00    6.4583743E-08
    3.9260000E+00    6.4353779E-08
    3.9300000E+00    6.4137145E-08
    3.9340000E+00    6.3933639E-08
    3.9380000E+00    6.3743071E-08
    3.9420000E+00    6.3565263E-08
    3.9460000E+00    6.3400048E-08
    3.9500000E+00    6.3247273E-08
    3.9540000E+00    6.3106794E-08
    3.9580000E+00    6.2978479E-08
    3.9620000E+00    6.2862210E-08
    3.9660000E+00    6.2757875E-08
    3.9700000E+00    6.2665379E-08
    3.9740000E+00    6.2584633E-08
    3.9780000E+00    6.2515563E-08
    3.9820000E+00    6.2458104E-08
    3.9860000E+00    6.2412200E-08
    3.9900000E+00    6.2377811E-08
    3.9940000E+00    6.2354902E-08
    3.9980000E+00    6.2343453E-08
