# Time          7.5000E+02
# Units: Dimensionless
    Distance         pH
  2.0000E-03    1.0641E+01
  6.0000E-03    1.1116E+01
  1.0000E-02    1.1337E+01
  1.4000E-02    1.1482E+01
  1.8000E-02    1.1591E+01
  2.2000E-02    1.1677E+01
  2.6000E-02    1.1749E+01
  3.0000E-02    1.1811E+01
  3.4000E-02    1.1865E+01
  3.8000E-02    1.1912E+01
  4.2000E-02    1.1955E+01
  4.6000E-02    1.1994E+01
  5.0000E-02    1.2030E+01
  5.4000E-02    1.2063E+01
  5.8000E-02    1.2093E+01
  6.2000E-02    1.2122E+01
  6.6000E-02    1.2148E+01
  7.0000E-02    1.2173E+01
  7.4000E-02    1.2197E+01
  7.8000E-02    1.2219E+01
  8.2000E-02    1.2240E+01
  8.6000E-02    1.2260E+01
  9.0000E-02    1.2279E+01
  9.4000E-02    1.2298E+01
  9.8000E-02    1.2315E+01
  1.0200E-01    1.2332E+01
  1.0600E-01    1.2348E+01
  1.1000E-01    1.2364E+01
  1.1400E-01    1.2379E+01
  1.1800E-01    1.2393E+01
  1.2200E-01    1.2407E+01
  1.2600E-01    1.2420E+01
  1.3000E-01    1.2433E+01
  1.3400E-01    1.2446E+01
  1.3800E-01    1.2458E+01
  1.4200E-01    1.2470E+01
  1.4600E-01    1.2482E+01
  1.5000E-01    1.2493E+01
  1.5400E-01    1.2504E+01
  1.5800E-01    1.2514E+01
  1.6200E-01    1.2524E+01
  1.6600E-01    1.2534E+01
  1.7000E-01    1.2544E+01
  1.7400E-01    1.2554E+01
  1.7800E-01    1.2563E+01
  1.8200E-01    1.2572E+01
  1.8600E-01    1.2581E+01
  1.9000E-01    1.2590E+01
  1.9400E-01    1.2598E+01
  1.9800E-01    1.2607E+01
  2.0200E-01    1.2615E+01
  2.0600E-01    1.2623E+01
  2.1000E-01    1.2630E+01
  2.1400E-01    1.2638E+01
  2.1800E-01    1.2645E+01
  2.2200E-01    1.2653E+01
  2.2600E-01    1.2660E+01
  2.3000E-01    1.2667E+01
  2.3400E-01    1.2674E+01
  2.3800E-01    1.2681E+01
  2.4200E-01    1.2687E+01
  2.4600E-01    1.2694E+01
  2.5000E-01    1.2700E+01
  2.5400E-01    1.2707E+01
  2.5800E-01    1.2713E+01
  2.6200E-01    1.2719E+01
  2.6600E-01    1.2725E+01
  2.7000E-01    1.2731E+01
  2.7400E-01    1.2737E+01
  2.7800E-01    1.2743E+01
  2.8200E-01    1.2748E+01
  2.8600E-01    1.2754E+01
  2.9000E-01    1.2759E+01
  2.9400E-01    1.2765E+01
  2.9800E-01    1.2770E+01
  3.0200E-01    1.2775E+01
  3.0600E-01    1.2780E+01
  3.1000E-01    1.2785E+01
  3.1400E-01    1.2790E+01
  3.1800E-01    1.2795E+01
  3.2200E-01    1.2800E+01
  3.2600E-01    1.2805E+01
  3.3000E-01    1.2810E+01
  3.3400E-01    1.2815E+01
  3.3800E-01    1.2819E+01
  3.4200E-01    1.2824E+01
  3.4600E-01    1.2828E+01
  3.5000E-01    1.2833E+01
  3.5400E-01    1.2837E+01
  3.5800E-01    1.2841E+01
  3.6200E-01    1.2846E+01
  3.6600E-01    1.2850E+01
  3.7000E-01    1.2854E+01
  3.7400E-01    1.2858E+01
  3.7800E-01    1.2862E+01
  3.8200E-01    1.2866E+01
  3.8600E-01    1.2870E+01
  3.9000E-01    1.2874E+01
  3.9400E-01    1.2878E+01
  3.9800E-01    1.2882E+01
  4.0200E-01    1.2886E+01
  4.0600E-01    1.2889E+01
  4.1000E-01    1.2893E+01
  4.1400E-01    1.2897E+01
  4.1800E-01    1.2900E+01
  4.2200E-01    1.2904E+01
  4.2600E-01    1.2907E+01
  4.3000E-01    1.2911E+01
  4.3400E-01    1.2914E+01
  4.3800E-01    1.2918E+01
  4.4200E-01    1.2921E+01
  4.4600E-01    1.2925E+01
  4.5000E-01    1.2928E+01
  4.5400E-01    1.2931E+01
  4.5800E-01    1.2934E+01
  4.6200E-01    1.2938E+01
  4.6600E-01    1.2941E+01
  4.7000E-01    1.2944E+01
  4.7400E-01    1.2947E+01
  4.7800E-01    1.2950E+01
  4.8200E-01    1.2953E+01
  4.8600E-01    1.2956E+01
  4.9000E-01    1.2959E+01
  4.9400E-01    1.2962E+01
  4.9800E-01    1.2965E+01
  5.0200E-01    1.2968E+01
  5.0600E-01    1.2971E+01
  5.1000E-01    1.2974E+01
  5.1400E-01    1.2977E+01
  5.1800E-01    1.2980E+01
  5.2200E-01    1.2982E+01
  5.2600E-01    1.2985E+01
  5.3000E-01    1.2988E+01
  5.3400E-01    1.2991E+01
  5.3800E-01    1.2993E+01
  5.4200E-01    1.2996E+01
  5.4600E-01    1.2999E+01
  5.5000E-01    1.3001E+01
  5.5400E-01    1.3004E+01
  5.5800E-01    1.3006E+01
  5.6200E-01    1.3009E+01
  5.6600E-01    1.3012E+01
  5.7000E-01    1.3014E+01
  5.7400E-01    1.3017E+01
  5.7800E-01    1.3019E+01
  5.8200E-01    1.3021E+01
  5.8600E-01    1.3024E+01
  5.9000E-01    1.3026E+01
  5.9400E-01    1.3029E+01
  5.9800E-01    1.3031E+01
  6.0200E-01    1.3033E+01
  6.0600E-01    1.3036E+01
  6.1000E-01    1.3038E+01
  6.1400E-01    1.3040E+01
  6.1800E-01    1.3043E+01
  6.2200E-01    1.3045E+01
  6.2600E-01    1.3047E+01
  6.3000E-01    1.3049E+01
  6.3400E-01    1.3052E+01
  6.3800E-01    1.3054E+01
  6.4200E-01    1.3056E+01
  6.4600E-01    1.3058E+01
  6.5000E-01    1.3060E+01
  6.5400E-01    1.3062E+01
  6.5800E-01    1.3064E+01
  6.6200E-01    1.3066E+01
  6.6600E-01    1.3069E+01
  6.7000E-01    1.3071E+01
  6.7400E-01    1.3073E+01
  6.7800E-01    1.3075E+01
  6.8200E-01    1.3077E+01
  6.8600E-01    1.3079E+01
  6.9000E-01    1.3081E+01
  6.9400E-01    1.3083E+01
  6.9800E-01    1.3085E+01
  7.0200E-01    1.3087E+01
  7.0600E-01    1.3088E+01
  7.1000E-01    1.3090E+01
  7.1400E-01    1.3092E+01
  7.1800E-01    1.3094E+01
  7.2200E-01    1.3096E+01
  7.2600E-01    1.3098E+01
  7.3000E-01    1.3100E+01
  7.3400E-01    1.3102E+01
  7.3800E-01    1.3103E+01
  7.4200E-01    1.3105E+01
  7.4600E-01    1.3107E+01
  7.5000E-01    1.3109E+01
  7.5400E-01    1.3111E+01
  7.5800E-01    1.3112E+01
  7.6200E-01    1.3114E+01
  7.6600E-01    1.3116E+01
  7.7000E-01    1.3117E+01
  7.7400E-01    1.3119E+01
  7.7800E-01    1.3121E+01
  7.8200E-01    1.3123E+01
  7.8600E-01    1.3124E+01
  7.9000E-01    1.3126E+01
  7.9400E-01    1.3128E+01
  7.9800E-01    1.3129E+01
  8.0200E-01    1.3131E+01
  8.0600E-01    1.3132E+01
  8.1000E-01    1.3134E+01
  8.1400E-01    1.3136E+01
  8.1800E-01    1.3137E+01
  8.2200E-01    1.3139E+01
  8.2600E-01    1.3140E+01
  8.3000E-01    1.3142E+01
  8.3400E-01    1.3144E+01
  8.3800E-01    1.3145E+01
  8.4200E-01    1.3147E+01
  8.4600E-01    1.3148E+01
  8.5000E-01    1.3150E+01
  8.5400E-01    1.3151E+01
  8.5800E-01    1.3153E+01
  8.6200E-01    1.3154E+01
  8.6600E-01    1.3156E+01
  8.7000E-01    1.3157E+01
  8.7400E-01    1.3159E+01
  8.7800E-01    1.3160E+01
  8.8200E-01    1.3161E+01
  8.8600E-01    1.3163E+01
  8.9000E-01    1.3164E+01
  8.9400E-01    1.3166E+01
  8.9800E-01    1.3167E+01
  9.0200E-01    1.3168E+01
  9.0600E-01    1.3170E+01
  9.1000E-01    1.3171E+01
  9.1400E-01    1.3173E+01
  9.1800E-01    1.3174E+01
  9.2200E-01    1.3175E+01
  9.2600E-01    1.3177E+01
  9.3000E-01    1.3178E+01
  9.3400E-01    1.3179E+01
  9.3800E-01    1.3181E+01
  9.4200E-01    1.3182E+01
  9.4600E-01    1.3183E+01
  9.5000E-01    1.3185E+01
  9.5400E-01    1.3186E+01
  9.5800E-01    1.3187E+01
  9.6200E-01    1.3188E+01
  9.6600E-01    1.3190E+01
  9.7000E-01    1.3191E+01
  9.7400E-01    1.3192E+01
  9.7800E-01    1.3194E+01
  9.8200E-01    1.3195E+01
  9.8600E-01    1.3196E+01
  9.9000E-01    1.3197E+01
  9.9400E-01    1.3198E+01
  9.9800E-01    1.3200E+01
  1.0020E+00    1.3201E+01
  1.0060E+00    1.3202E+01
  1.0100E+00    1.3203E+01
  1.0140E+00    1.3204E+01
  1.0180E+00    1.3206E+01
  1.0220E+00    1.3207E+01
  1.0260E+00    1.3208E+01
  1.0300E+00    1.3209E+01
  1.0340E+00    1.3210E+01
  1.0380E+00    1.3211E+01
  1.0420E+00    1.3213E+01
  1.0460E+00    1.3214E+01
  1.0500E+00    1.3215E+01
  1.0540E+00    1.3216E+01
  1.0580E+00    1.3217E+01
  1.0620E+00    1.3218E+01
  1.0660E+00    1.3219E+01
  1.0700E+00    1.3220E+01
  1.0740E+00    1.3222E+01
  1.0780E+00    1.3223E+01
  1.0820E+00    1.3224E+01
  1.0860E+00    1.3225E+01
  1.0900E+00    1.3226E+01
  1.0940E+00    1.3227E+01
  1.0980E+00    1.3228E+01
  1.1020E+00    1.3229E+01
  1.1060E+00    1.3230E+01
  1.1100E+00    1.3231E+01
  1.1140E+00    1.3232E+01
  1.1180E+00    1.3233E+01
  1.1220E+00    1.3234E+01
  1.1260E+00    1.3235E+01
  1.1300E+00    1.3236E+01
  1.1340E+00    1.3237E+01
  1.1380E+00    1.3238E+01
  1.1420E+00    1.3239E+01
  1.1460E+00    1.3240E+01
  1.1500E+00    1.3241E+01
  1.1540E+00    1.3242E+01
  1.1580E+00    1.3243E+01
  1.1620E+00    1.3244E+01
  1.1660E+00    1.3245E+01
  1.1700E+00    1.3246E+01
  1.1740E+00    1.3247E+01
  1.1780E+00    1.3248E+01
  1.1820E+00    1.3249E+01
  1.1860E+00    1.3250E+01
  1.1900E+00    1.3251E+01
  1.1940E+00    1.3252E+01
  1.1980E+00    1.3253E+01
  1.2020E+00    1.3254E+01
  1.2060E+00    1.3255E+01
  1.2100E+00    1.3256E+01
  1.2140E+00    1.3256E+01
  1.2180E+00    1.3257E+01
  1.2220E+00    1.3258E+01
  1.2260E+00    1.3259E+01
  1.2300E+00    1.3260E+01
  1.2340E+00    1.3261E+01
  1.2380E+00    1.3262E+01
  1.2420E+00    1.3263E+01
  1.2460E+00    1.3264E+01
  1.2500E+00    1.3264E+01
  1.2540E+00    1.3265E+01
  1.2580E+00    1.3266E+01
  1.2620E+00    1.3267E+01
  1.2660E+00    1.3268E+01
  1.2700E+00    1.3269E+01
  1.2740E+00    1.3270E+01
  1.2780E+00    1.3270E+01
  1.2820E+00    1.3271E+01
  1.2860E+00    1.3272E+01
  1.2900E+00    1.3273E+01
  1.2940E+00    1.3274E+01
  1.2980E+00    1.3275E+01
  1.3020E+00    1.3275E+01
  1.3060E+00    1.3276E+01
  1.3100E+00    1.3277E+01
  1.3140E+00    1.3278E+01
  1.3180E+00    1.3279E+01
  1.3220E+00    1.3279E+01
  1.3260E+00    1.3280E+01
  1.3300E+00    1.3281E+01
  1.3340E+00    1.3282E+01
  1.3380E+00    1.3283E+01
  1.3420E+00    1.3283E+01
  1.3460E+00    1.3284E+01
  1.3500E+00    1.3285E+01
  1.3540E+00    1.3286E+01
  1.3580E+00    1.3287E+01
  1.3620E+00    1.3287E+01
  1.3660E+00    1.3288E+01
  1.3700E+00    1.3289E+01
  1.3740E+00    1.3290E+01
  1.3780E+00    1.3290E+01
  1.3820E+00    1.3291E+01
  1.3860E+00    1.3292E+01
  1.3900E+00    1.3293E+01
  1.3940E+00    1.3293E+01
  1.3980E+00    1.3294E+01
  1.4020E+00    1.3295E+01
  1.4060E+00    1.3295E+01
  1.4100E+00    1.3296E+01
  1.4140E+00    1.3297E+01
  1.4180E+00    1.3298E+01
  1.4220E+00    1.3298E+01
  1.4260E+00    1.3299E+01
  1.4300E+00    1.3300E+01
  1.4340E+00    1.3300E+01
  1.4380E+00    1.3301E+01
  1.4420E+00    1.3302E+01
  1.4460E+00    1.3303E+01
  1.4500E+00    1.3303E+01
  1.4540E+00    1.3304E+01
  1.4580E+00    1.3305E+01
  1.4620E+00    1.3305E+01
  1.4660E+00    1.3306E+01
  1.4700E+00    1.3307E+01
  1.4740E+00    1.3307E+01
  1.4780E+00    1.3308E+01
  1.4820E+00    1.3309E+01
  1.4860E+00    1.3309E+01
  1.4900E+00    1.3310E+01
  1.4940E+00    1.3311E+01
  1.4980E+00    1.3311E+01
  1.5020E+00    1.3312E+01
  1.5060E+00    1.3313E+01
  1.5100E+00    1.3313E+01
  1.5140E+00    1.3314E+01
  1.5180E+00    1.3315E+01
  1.5220E+00    1.3315E+01
  1.5260E+00    1.3316E+01
  1.5300E+00    1.3316E+01
  1.5340E+00    1.3317E+01
  1.5380E+00    1.3318E+01
  1.5420E+00    1.3318E+01
  1.5460E+00    1.3319E+01
  1.5500E+00    1.3320E+01
  1.5540E+00    1.3320E+01
  1.5580E+00    1.3321E+01
  1.5620E+00    1.3321E+01
  1.5660E+00    1.3322E+01
  1.5700E+00    1.3323E+01
  1.5740E+00    1.3323E+01
  1.5780E+00    1.3324E+01
  1.5820E+00    1.3324E+01
  1.5860E+00    1.3325E+01
  1.5900E+00    1.3326E+01
  1.5940E+00    1.3326E+01
  1.5980E+00    1.3327E+01
  1.6020E+00    1.3327E+01
  1.6060E+00    1.3328E+01
  1.6100E+00    1.3328E+01
  1.6140E+00    1.3329E+01
  1.6180E+00    1.3330E+01
  1.6220E+00    1.3330E+01
  1.6260E+00    1.3331E+01
  1.6300E+00    1.3331E+01
  1.6340E+00    1.3332E+01
  1.6380E+00    1.3332E+01
  1.6420E+00    1.3333E+01
  1.6460E+00    1.3334E+01
  1.6500E+00    1.3334E+01
  1.6540E+00    1.3335E+01
  1.6580E+00    1.3335E+01
  1.6620E+00    1.3336E+01
  1.6660E+00    1.3336E+01
  1.6700E+00    1.3337E+01
  1.6740E+00    1.3337E+01
  1.6780E+00    1.3338E+01
  1.6820E+00    1.3338E+01
  1.6860E+00    1.3339E+01
  1.6900E+00    1.3340E+01
  1.6940E+00    1.3340E+01
  1.6980E+00    1.3341E+01
  1.7020E+00    1.3341E+01
  1.7060E+00    1.3342E+01
  1.7100E+00    1.3342E+01
  1.7140E+00    1.3343E+01
  1.7180E+00    1.3343E+01
  1.7220E+00    1.3344E+01
  1.7260E+00    1.3344E+01
  1.7300E+00    1.3345E+01
  1.7340E+00    1.3345E+01
  1.7380E+00    1.3346E+01
  1.7420E+00    1.3346E+01
  1.7460E+00    1.3347E+01
  1.7500E+00    1.3347E+01
  1.7540E+00    1.3348E+01
  1.7580E+00    1.3348E+01
  1.7620E+00    1.3349E+01
  1.7660E+00    1.3349E+01
  1.7700E+00    1.3350E+01
  1.7740E+00    1.3350E+01
  1.7780E+00    1.3351E+01
  1.7820E+00    1.3351E+01
  1.7860E+00    1.3352E+01
  1.7900E+00    1.3352E+01
  1.7940E+00    1.3353E+01
  1.7980E+00    1.3353E+01
  1.8020E+00    1.3353E+01
  1.8060E+00    1.3354E+01
  1.8100E+00    1.3354E+01
  1.8140E+00    1.3355E+01
  1.8180E+00    1.3355E+01
  1.8220E+00    1.3356E+01
  1.8260E+00    1.3356E+01
  1.8300E+00    1.3357E+01
  1.8340E+00    1.3357E+01
  1.8380E+00    1.3358E+01
  1.8420E+00    1.3358E+01
  1.8460E+00    1.3359E+01
  1.8500E+00    1.3359E+01
  1.8540E+00    1.3359E+01
  1.8580E+00    1.3360E+01
  1.8620E+00    1.3360E+01
  1.8660E+00    1.3361E+01
  1.8700E+00    1.3361E+01
  1.8740E+00    1.3362E+01
  1.8780E+00    1.3362E+01
  1.8820E+00    1.3363E+01
  1.8860E+00    1.3363E+01
  1.8900E+00    1.3363E+01
  1.8940E+00    1.3364E+01
  1.8980E+00    1.3364E+01
  1.9020E+00    1.3365E+01
  1.9060E+00    1.3365E+01
  1.9100E+00    1.3366E+01
  1.9140E+00    1.3366E+01
  1.9180E+00    1.3366E+01
  1.9220E+00    1.3367E+01
  1.9260E+00    1.3367E+01
  1.9300E+00    1.3368E+01
  1.9340E+00    1.3368E+01
  1.9380E+00    1.3368E+01
  1.9420E+00    1.3369E+01
  1.9460E+00    1.3369E+01
  1.9500E+00    1.3370E+01
  1.9540E+00    1.3370E+01
  1.9580E+00    1.3370E+01
  1.9620E+00    1.3371E+01
  1.9660E+00    1.3371E+01
  1.9700E+00    1.3372E+01
  1.9740E+00    1.3372E+01
  1.9780E+00    1.3372E+01
  1.9820E+00    1.3373E+01
  1.9860E+00    1.3373E+01
  1.9900E+00    1.3374E+01
  1.9940E+00    1.3374E+01
  1.9980E+00    1.3374E+01
  2.0020E+00    1.3375E+01
  2.0060E+00    1.3375E+01
  2.0100E+00    1.3375E+01
  2.0140E+00    1.3376E+01
  2.0180E+00    1.3376E+01
  2.0220E+00    1.3377E+01
  2.0260E+00    1.3377E+01
  2.0300E+00    1.3377E+01
  2.0340E+00    1.3378E+01
  2.0380E+00    1.3378E+01
  2.0420E+00    1.3378E+01
  2.0460E+00    1.3379E+01
  2.0500E+00    1.3379E+01
  2.0540E+00    1.3380E+01
  2.0580E+00    1.3380E+01
  2.0620E+00    1.3380E+01
  2.0660E+00    1.3381E+01
  2.0700E+00    1.3381E+01
  2.0740E+00    1.3381E+01
  2.0780E+00    1.3382E+01
  2.0820E+00    1.3382E+01
  2.0860E+00    1.3382E+01
  2.0900E+00    1.3383E+01
  2.0940E+00    1.3383E+01
  2.0980E+00    1.3383E+01
  2.1020E+00    1.3384E+01
  2.1060E+00    1.3384E+01
  2.1100E+00    1.3385E+01
  2.1140E+00    1.3385E+01
  2.1180E+00    1.3385E+01
  2.1220E+00    1.3386E+01
  2.1260E+00    1.3386E+01
  2.1300E+00    1.3386E+01
  2.1340E+00    1.3387E+01
  2.1380E+00    1.3387E+01
  2.1420E+00    1.3387E+01
  2.1460E+00    1.3388E+01
  2.1500E+00    1.3388E+01
  2.1540E+00    1.3388E+01
  2.1580E+00    1.3389E+01
  2.1620E+00    1.3389E+01
  2.1660E+00    1.3389E+01
  2.1700E+00    1.3389E+01
  2.1740E+00    1.3390E+01
  2.1780E+00    1.3390E+01
  2.1820E+00    1.3390E+01
  2.1860E+00    1.3391E+01
  2.1900E+00    1.3391E+01
  2.1940E+00    1.3391E+01
  2.1980E+00    1.3392E+01
  2.2020E+00    1.3392E+01
  2.2060E+00    1.3392E+01
  2.2100E+00    1.3393E+01
  2.2140E+00    1.3393E+01
  2.2180E+00    1.3393E+01
  2.2220E+00    1.3394E+01
  2.2260E+00    1.3394E+01
  2.2300E+00    1.3394E+01
  2.2340E+00    1.3394E+01
  2.2380E+00    1.3395E+01
  2.2420E+00    1.3395E+01
  2.2460E+00    1.3395E+01
  2.2500E+00    1.3396E+01
  2.2540E+00    1.3396E+01
  2.2580E+00    1.3396E+01
  2.2620E+00    1.3397E+01
  2.2660E+00    1.3397E+01
  2.2700E+00    1.3397E+01
  2.2740E+00    1.3397E+01
  2.2780E+00    1.3398E+01
  2.2820E+00    1.3398E+01
  2.2860E+00    1.3398E+01
  2.2900E+00    1.3399E+01
  2.2940E+00    1.3399E+01
  2.2980E+00    1.3399E+01
  2.3020E+00    1.3399E+01
  2.3060E+00    1.3400E+01
  2.3100E+00    1.3400E+01
  2.3140E+00    1.3400E+01
  2.3180E+00    1.3401E+01
  2.3220E+00    1.3401E+01
  2.3260E+00    1.3401E+01
  2.3300E+00    1.3401E+01
  2.3340E+00    1.3402E+01
  2.3380E+00    1.3402E+01
  2.3420E+00    1.3402E+01
  2.3460E+00    1.3402E+01
  2.3500E+00    1.3403E+01
  2.3540E+00    1.3403E+01
  2.3580E+00    1.3403E+01
  2.3620E+00    1.3404E+01
  2.3660E+00    1.3404E+01
  2.3700E+00    1.3404E+01
  2.3740E+00    1.3404E+01
  2.3780E+00    1.3405E+01
  2.3820E+00    1.3405E+01
  2.3860E+00    1.3405E+01
  2.3900E+00    1.3405E+01
  2.3940E+00    1.3406E+01
  2.3980E+00    1.3406E+01
  2.4020E+00    1.3406E+01
  2.4060E+00    1.3406E+01
  2.4100E+00    1.3407E+01
  2.4140E+00    1.3407E+01
  2.4180E+00    1.3407E+01
  2.4220E+00    1.3407E+01
  2.4260E+00    1.3408E+01
  2.4300E+00    1.3408E+01
  2.4340E+00    1.3408E+01
  2.4380E+00    1.3408E+01
  2.4420E+00    1.3409E+01
  2.4460E+00    1.3409E+01
  2.4500E+00    1.3409E+01
  2.4540E+00    1.3409E+01
  2.4580E+00    1.3410E+01
  2.4620E+00    1.3410E+01
  2.4660E+00    1.3410E+01
  2.4700E+00    1.3410E+01
  2.4740E+00    1.3411E+01
  2.4780E+00    1.3411E+01
  2.4820E+00    1.3411E+01
  2.4860E+00    1.3411E+01
  2.4900E+00    1.3411E+01
  2.4940E+00    1.3412E+01
  2.4980E+00    1.3412E+01
  2.5020E+00    1.3412E+01
  2.5060E+00    1.3412E+01
  2.5100E+00    1.3413E+01
  2.5140E+00    1.3413E+01
  2.5180E+00    1.3413E+01
  2.5220E+00    1.3413E+01
  2.5260E+00    1.3414E+01
  2.5300E+00    1.3414E+01
  2.5340E+00    1.3414E+01
  2.5380E+00    1.3414E+01
  2.5420E+00    1.3414E+01
  2.5460E+00    1.3415E+01
  2.5500E+00    1.3415E+01
  2.5540E+00    1.3415E+01
  2.5580E+00    1.3415E+01
  2.5620E+00    1.3416E+01
  2.5660E+00    1.3416E+01
  2.5700E+00    1.3416E+01
  2.5740E+00    1.3416E+01
  2.5780E+00    1.3416E+01
  2.5820E+00    1.3417E+01
  2.5860E+00    1.3417E+01
  2.5900E+00    1.3417E+01
  2.5940E+00    1.3417E+01
  2.5980E+00    1.3417E+01
  2.6020E+00    1.3418E+01
  2.6060E+00    1.3418E+01
  2.6100E+00    1.3418E+01
  2.6140E+00    1.3418E+01
  2.6180E+00    1.3418E+01
  2.6220E+00    1.3419E+01
  2.6260E+00    1.3419E+01
  2.6300E+00    1.3419E+01
  2.6340E+00    1.3419E+01
  2.6380E+00    1.3419E+01
  2.6420E+00    1.3420E+01
  2.6460E+00    1.3420E+01
  2.6500E+00    1.3420E+01
  2.6540E+00    1.3420E+01
  2.6580E+00    1.3420E+01
  2.6620E+00    1.3421E+01
  2.6660E+00    1.3421E+01
  2.6700E+00    1.3421E+01
  2.6740E+00    1.3421E+01
  2.6780E+00    1.3421E+01
  2.6820E+00    1.3422E+01
  2.6860E+00    1.3422E+01
  2.6900E+00    1.3422E+01
  2.6940E+00    1.3422E+01
  2.6980E+00    1.3422E+01
  2.7020E+00    1.3423E+01
  2.7060E+00    1.3423E+01
  2.7100E+00    1.3423E+01
  2.7140E+00    1.3423E+01
  2.7180E+00    1.3423E+01
  2.7220E+00    1.3423E+01
  2.7260E+00    1.3424E+01
  2.7300E+00    1.3424E+01
  2.7340E+00    1.3424E+01
  2.7380E+00    1.3424E+01
  2.7420E+00    1.3424E+01
  2.7460E+00    1.3424E+01
  2.7500E+00    1.3425E+01
  2.7540E+00    1.3425E+01
  2.7580E+00    1.3425E+01
  2.7620E+00    1.3425E+01
  2.7660E+00    1.3425E+01
  2.7700E+00    1.3426E+01
  2.7740E+00    1.3426E+01
  2.7780E+00    1.3426E+01
  2.7820E+00    1.3426E+01
  2.7860E+00    1.3426E+01
  2.7900E+00    1.3426E+01
  2.7940E+00    1.3427E+01
  2.7980E+00    1.3427E+01
  2.8020E+00    1.3427E+01
  2.8060E+00    1.3427E+01
  2.8100E+00    1.3427E+01
  2.8140E+00    1.3427E+01
  2.8180E+00    1.3428E+01
  2.8220E+00    1.3428E+01
  2.8260E+00    1.3428E+01
  2.8300E+00    1.3428E+01
  2.8340E+00    1.3428E+01
  2.8380E+00    1.3428E+01
  2.8420E+00    1.3429E+01
  2.8460E+00    1.3429E+01
  2.8500E+00    1.3429E+01
  2.8540E+00    1.3429E+01
  2.8580E+00    1.3429E+01
  2.8620E+00    1.3429E+01
  2.8660E+00    1.3429E+01
  2.8700E+00    1.3430E+01
  2.8740E+00    1.3430E+01
  2.8780E+00    1.3430E+01
  2.8820E+00    1.3430E+01
  2.8860E+00    1.3430E+01
  2.8900E+00    1.3430E+01
  2.8940E+00    1.3431E+01
  2.8980E+00    1.3431E+01
  2.9020E+00    1.3431E+01
  2.9060E+00    1.3431E+01
  2.9100E+00    1.3431E+01
  2.9140E+00    1.3431E+01
  2.9180E+00    1.3431E+01
  2.9220E+00    1.3432E+01
  2.9260E+00    1.3432E+01
  2.9300E+00    1.3432E+01
  2.9340E+00    1.3432E+01
  2.9380E+00    1.3432E+01
  2.9420E+00    1.3432E+01
  2.9460E+00    1.3432E+01
  2.9500E+00    1.3433E+01
  2.9540E+00    1.3433E+01
  2.9580E+00    1.3433E+01
  2.9620E+00    1.3433E+01
  2.9660E+00    1.3433E+01
  2.9700E+00    1.3433E+01
  2.9740E+00    1.3433E+01
  2.9780E+00    1.3433E+01
  2.9820E+00    1.3434E+01
  2.9860E+00    1.3434E+01
  2.9900E+00    1.3434E+01
  2.9940E+00    1.3434E+01
  2.9980E+00    1.3434E+01
  3.0020E+00    1.3434E+01
  3.0060E+00    1.3434E+01
  3.0100E+00    1.3435E+01
  3.0140E+00    1.3435E+01
  3.0180E+00    1.3435E+01
  3.0220E+00    1.3435E+01
  3.0260E+00    1.3435E+01
  3.0300E+00    1.3435E+01
  3.0340E+00    1.3435E+01
  3.0380E+00    1.3435E+01
  3.0420E+00    1.3436E+01
  3.0460E+00    1.3436E+01
  3.0500E+00    1.3436E+01
  3.0540E+00    1.3436E+01
  3.0580E+00    1.3436E+01
  3.0620E+00    1.3436E+01
  3.0660E+00    1.3436E+01
  3.0700E+00    1.3436E+01
  3.0740E+00    1.3437E+01
  3.0780E+00    1.3437E+01
  3.0820E+00    1.3437E+01
  3.0860E+00    1.3437E+01
  3.0900E+00    1.3437E+01
  3.0940E+00    1.3437E+01
  3.0980E+00    1.3437E+01
  3.1020E+00    1.3437E+01
  3.1060E+00    1.3437E+01
  3.1100E+00    1.3438E+01
  3.1140E+00    1.3438E+01
  3.1180E+00    1.3438E+01
  3.1220E+00    1.3438E+01
  3.1260E+00    1.3438E+01
  3.1300E+00    1.3438E+01
  3.1340E+00    1.3438E+01
  3.1380E+00    1.3438E+01
  3.1420E+00    1.3438E+01
  3.1460E+00    1.3439E+01
  3.1500E+00    1.3439E+01
  3.1540E+00    1.3439E+01
  3.1580E+00    1.3439E+01
  3.1620E+00    1.3439E+01
  3.1660E+00    1.3439E+01
  3.1700E+00    1.3439E+01
  3.1740E+00    1.3439E+01
  3.1780E+00    1.3439E+01
  3.1820E+00    1.3440E+01
  3.1860E+00    1.3440E+01
  3.1900E+00    1.3440E+01
  3.1940E+00    1.3440E+01
  3.1980E+00    1.3440E+01
  3.2020E+00    1.3440E+01
  3.2060E+00    1.3440E+01
  3.2100E+00    1.3440E+01
  3.2140E+00    1.3440E+01
  3.2180E+00    1.3440E+01
  3.2220E+00    1.3441E+01
  3.2260E+00    1.3441E+01
  3.2300E+00    1.3441E+01
  3.2340E+00    1.3441E+01
  3.2380E+00    1.3441E+01
  3.2420E+00    1.3441E+01
  3.2460E+00    1.3441E+01
  3.2500E+00    1.3441E+01
  3.2540E+00    1.3441E+01
  3.2580E+00    1.3441E+01
  3.2620E+00    1.3441E+01
  3.2660E+00    1.3442E+01
  3.2700E+00    1.3442E+01
  3.2740E+00    1.3442E+01
  3.2780E+00    1.3442E+01
  3.2820E+00    1.3442E+01
  3.2860E+00    1.3442E+01
  3.2900E+00    1.3442E+01
  3.2940E+00    1.3442E+01
  3.2980E+00    1.3442E+01
  3.3020E+00    1.3442E+01
  3.3060E+00    1.3442E+01
  3.3100E+00    1.3442E+01
  3.3140E+00    1.3443E+01
  3.3180E+00    1.3443E+01
  3.3220E+00    1.3443E+01
  3.3260E+00    1.3443E+01
  3.3300E+00    1.3443E+01
  3.3340E+00    1.3443E+01
  3.3380E+00    1.3443E+01
  3.3420E+00    1.3443E+01
  3.3460E+00    1.3443E+01
  3.3500E+00    1.3443E+01
  3.3540E+00    1.3443E+01
  3.3580E+00    1.3443E+01
  3.3620E+00    1.3444E+01
  3.3660E+00    1.3444E+01
  3.3700E+00    1.3444E+01
  3.3740E+00    1.3444E+01
  3.3780E+00    1.3444E+01
  3.3820E+00    1.3444E+01
  3.3860E+00    1.3444E+01
  3.3900E+00    1.3444E+01
  3.3940E+00    1.3444E+01
  3.3980E+00    1.3444E+01
  3.4020E+00    1.3444E+01
  3.4060E+00    1.3444E+01
  3.4100E+00    1.3444E+01
  3.4140E+00    1.3445E+01
  3.4180E+00    1.3445E+01
  3.4220E+00    1.3445E+01
  3.4260E+00    1.3445E+01
  3.4300E+00    1.3445E+01
  3.4340E+00    1.3445E+01
  3.4380E+00    1.3445E+01
  3.4420E+00    1.3445E+01
  3.4460E+00    1.3445E+01
  3.4500E+00    1.3445E+01
  3.4540E+00    1.3445E+01
  3.4580E+00    1.3445E+01
  3.4620E+00    1.3445E+01
  3.4660E+00    1.3445E+01
  3.4700E+00    1.3445E+01
  3.4740E+00    1.3446E+01
  3.4780E+00    1.3446E+01
  3.4820E+00    1.3446E+01
  3.4860E+00    1.3446E+01
  3.4900E+00    1.3446E+01
  3.4940E+00    1.3446E+01
  3.4980E+00    1.3446E+01
  3.5020E+00    1.3446E+01
  3.5060E+00    1.3446E+01
  3.5100E+00    1.3446E+01
  3.5140E+00    1.3446E+01
  3.5180E+00    1.3446E+01
  3.5220E+00    1.3446E+01
  3.5260E+00    1.3446E+01
  3.5300E+00    1.3446E+01
  3.5340E+00    1.3446E+01
  3.5380E+00    1.3446E+01
  3.5420E+00    1.3447E+01
  3.5460E+00    1.3447E+01
  3.5500E+00    1.3447E+01
  3.5540E+00    1.3447E+01
  3.5580E+00    1.3447E+01
  3.5620E+00    1.3447E+01
  3.5660E+00    1.3447E+01
  3.5700E+00    1.3447E+01
  3.5740E+00    1.3447E+01
  3.5780E+00    1.3447E+01
  3.5820E+00    1.3447E+01
  3.5860E+00    1.3447E+01
  3.5900E+00    1.3447E+01
  3.5940E+00    1.3447E+01
  3.5980E+00    1.3447E+01
  3.6020E+00    1.3447E+01
  3.6060E+00    1.3447E+01
  3.6100E+00    1.3447E+01
  3.6140E+00    1.3447E+01
  3.6180E+00    1.3447E+01
  3.6220E+00    1.3447E+01
  3.6260E+00    1.3448E+01
  3.6300E+00    1.3448E+01
  3.6340E+00    1.3448E+01
  3.6380E+00    1.3448E+01
  3.6420E+00    1.3448E+01
  3.6460E+00    1.3448E+01
  3.6500E+00    1.3448E+01
  3.6540E+00    1.3448E+01
  3.6580E+00    1.3448E+01
  3.6620E+00    1.3448E+01
  3.6660E+00    1.3448E+01
  3.6700E+00    1.3448E+01
  3.6740E+00    1.3448E+01
  3.6780E+00    1.3448E+01
  3.6820E+00    1.3448E+01
  3.6860E+00    1.3448E+01
  3.6900E+00    1.3448E+01
  3.6940E+00    1.3448E+01
  3.6980E+00    1.3448E+01
  3.7020E+00    1.3448E+01
  3.7060E+00    1.3448E+01
  3.7100E+00    1.3448E+01
  3.7140E+00    1.3448E+01
  3.7180E+00    1.3448E+01
  3.7220E+00    1.3448E+01
  3.7260E+00    1.3448E+01
  3.7300E+00    1.3449E+01
  3.7340E+00    1.3449E+01
  3.7380E+00    1.3449E+01
  3.7420E+00    1.3449E+01
  3.7460E+00    1.3449E+01
  3.7500E+00    1.3449E+01
  3.7540E+00    1.3449E+01
  3.7580E+00    1.3449E+01
  3.7620E+00    1.3449E+01
  3.7660E+00    1.3449E+01
  3.7700E+00    1.3449E+01
  3.7740E+00    1.3449E+01
  3.7780E+00    1.3449E+01
  3.7820E+00    1.3449E+01
  3.7860E+00    1.3449E+01
  3.7900E+00    1.3449E+01
  3.7940E+00    1.3449E+01
  3.7980E+00    1.3449E+01
  3.8020E+00    1.3449E+01
  3.8060E+00    1.3449E+01
  3.8100E+00    1.3449E+01
  3.8140E+00    1.3449E+01
  3.8180E+00    1.3449E+01
  3.8220E+00    1.3449E+01
  3.8260E+00    1.3449E+01
  3.8300E+00    1.3449E+01
  3.8340E+00    1.3449E+01
  3.8380E+00    1.3449E+01
  3.8420E+00    1.3449E+01
  3.8460E+00    1.3449E+01
  3.8500E+00    1.3449E+01
  3.8540E+00    1.3449E+01
  3.8580E+00    1.3449E+01
  3.8620E+00    1.3449E+01
  3.8660E+00    1.3449E+01
  3.8700E+00    1.3449E+01
  3.8740E+00    1.3449E+01
  3.8780E+00    1.3449E+01
  3.8820E+00    1.3449E+01
  3.8860E+00    1.3449E+01
  3.8900E+00    1.3449E+01
  3.8940E+00    1.3449E+01
  3.8980E+00    1.3449E+01
  3.9020E+00    1.3449E+01
  3.9060E+00    1.3449E+01
  3.9100E+00    1.3449E+01
  3.9140E+00    1.3449E+01
  3.9180E+00    1.3449E+01
  3.9220E+00    1.3449E+01
  3.9260E+00    1.3449E+01
  3.9300E+00    1.3450E+01
  3.9340E+00    1.3450E+01
  3.9380E+00    1.3450E+01
  3.9420E+00    1.3450E+01
  3.9460E+00    1.3450E+01
  3.9500E+00    1.3450E+01
  3.9540E+00    1.3450E+01
  3.9580E+00    1.3450E+01
  3.9620E+00    1.3450E+01
  3.9660E+00    1.3450E+01
  3.9700E+00    1.3450E+01
  3.9740E+00    1.3450E+01
  3.9780E+00    1.3450E+01
  3.9820E+00    1.3450E+01
  3.9860E+00    1.3450E+01
  3.9900E+00    1.3450E+01
  3.9940E+00    1.3450E+01
  3.9980E+00    1.3450E+01
