# Time          1.0000E+01
# Units: Permil
    Distance        SO4--            SO164--         
    2.0000000E-03    2.1018041E+01    8.7419520E+00
    6.0000000E-03    2.1053862E+01    8.8684209E+00
    1.0000000E-02    2.1089512E+01    8.9938384E+00
    1.4000000E-02    2.1124993E+01    9.1182124E+00
    1.8000000E-02    2.1160305E+01    9.2415510E+00
    2.2000000E-02    2.1195450E+01    9.3638618E+00
    2.6000000E-02    2.1230427E+01    9.4851527E+00
    3.0000000E-02    2.1265238E+01    9.6054313E+00
    3.4000000E-02    2.1299882E+01    9.7247053E+00
    3.8000000E-02    2.1334362E+01    9.8429822E+00
    4.2000000E-02    2.1368677E+01    9.9602694E+00
    4.6000000E-02    2.1402828E+01    1.0076574E+01
    5.0000000E-02    2.1436816E+01    1.0191904E+01
    5.4000000E-02    2.1470641E+01    1.0306267E+01
    5.8000000E-02    2.1504305E+01    1.0419669E+01
    6.2000000E-02    2.1537807E+01    1.0532118E+01
    6.6000000E-02    2.1571149E+01    1.0643620E+01
    7.0000000E-02    2.1604332E+01    1.0754184E+01
    7.4000000E-02    2.1637355E+01    1.0863815E+01
    7.8000000E-02    2.1670219E+01    1.0972520E+01
    8.2000000E-02    2.1702926E+01    1.1080308E+01
    8.6000000E-02    2.1735476E+01    1.1187183E+01
    9.0000000E-02    2.1767869E+01    1.1293153E+01
    9.4000000E-02    2.1800107E+01    1.1398225E+01
    9.8000000E-02    2.1832189E+01    1.1502405E+01
    1.0200000E-01    2.1864117E+01    1.1605700E+01
    1.0600000E-01    2.1895891E+01    1.1708116E+01
    1.1000000E-01    2.1927513E+01    1.1809659E+01
    1.1400000E-01    2.1958981E+01    1.1910336E+01
    1.1800000E-01    2.1990298E+01    1.2010153E+01
    1.2200000E-01    2.2021464E+01    1.2109117E+01
    1.2600000E-01    2.2052479E+01    1.2207233E+01
    1.3000000E-01    2.2083345E+01    1.2304507E+01
    1.3400000E-01    2.2114061E+01    1.2400946E+01
    1.3800000E-01    2.2144629E+01    1.2496556E+01
    1.4200000E-01    2.2175049E+01    1.2591343E+01
    1.4600000E-01    2.2205322E+01    1.2685312E+01
    1.5000000E-01    2.2235449E+01    1.2778470E+01
    1.5400000E-01    2.2265429E+01    1.2870821E+01
    1.5800000E-01    2.2295265E+01    1.2962373E+01
    1.6200000E-01    2.2324956E+01    1.3053130E+01
    1.6600000E-01    2.2354503E+01    1.3143098E+01
    1.7000000E-01    2.2383906E+01    1.3232283E+01
    1.7400000E-01    2.2413167E+01    1.3320691E+01
    1.7800000E-01    2.2442286E+01    1.3408326E+01
    1.8200000E-01    2.2471264E+01    1.3495194E+01
    1.8600000E-01    2.2500101E+01    1.3581301E+01
    1.9000000E-01    2.2528798E+01    1.3666652E+01
    1.9400000E-01    2.2557356E+01    1.3751252E+01
    1.9800000E-01    2.2585774E+01    1.3835107E+01
    2.0200000E-01    2.2614055E+01    1.3918222E+01
    2.0600000E-01    2.2642198E+01    1.4000601E+01
    2.1000000E-01    2.2670204E+01    1.4082250E+01
    2.1400000E-01    2.2698074E+01    1.4163174E+01
    2.1800000E-01    2.2725808E+01    1.4243379E+01
    2.2200000E-01    2.2753408E+01    1.4322868E+01
    2.2600000E-01    2.2780873E+01    1.4401647E+01
    2.3000000E-01    2.2808204E+01    1.4479721E+01
    2.3400000E-01    2.2835402E+01    1.4557095E+01
    2.3800000E-01    2.2862467E+01    1.4633773E+01
    2.4200000E-01    2.2889401E+01    1.4709760E+01
    2.4600000E-01    2.2916204E+01    1.4785062E+01
    2.5000000E-01    2.2942875E+01    1.4859682E+01
    2.5400000E-01    2.2969417E+01    1.4933625E+01
    2.5800000E-01    2.2995829E+01    1.5006896E+01
    2.6200000E-01    2.3022113E+01    1.5079500E+01
    2.6600000E-01    2.3048268E+01    1.5151441E+01
    2.7000000E-01    2.3074295E+01    1.5222723E+01
    2.7400000E-01    2.3100196E+01    1.5293351E+01
    2.7800000E-01    2.3125970E+01    1.5363329E+01
    2.8200000E-01    2.3151618E+01    1.5432662E+01
    2.8600000E-01    2.3177141E+01    1.5501354E+01
    2.9000000E-01    2.3202540E+01    1.5569410E+01
    2.9400000E-01    2.3227814E+01    1.5636833E+01
    2.9800000E-01    2.3252965E+01    1.5703628E+01
    3.0200000E-01    2.3277994E+01    1.5769799E+01
    3.0600000E-01    2.3302900E+01    1.5835351E+01
    3.1000000E-01    2.3327684E+01    1.5900286E+01
    3.1400000E-01    2.3352347E+01    1.5964611E+01
    3.1800000E-01    2.3376890E+01    1.6028327E+01
    3.2200000E-01    2.3401313E+01    1.6091441E+01
    3.2600000E-01    2.3425616E+01    1.6153955E+01
    3.3000000E-01    2.3449801E+01    1.6215873E+01
    3.3400000E-01    2.3473868E+01    1.6277200E+01
    3.3800000E-01    2.3497817E+01    1.6337940E+01
    3.4200000E-01    2.3521649E+01    1.6398096E+01
    3.4600000E-01    2.3545364E+01    1.6457672E+01
    3.5000000E-01    2.3568964E+01    1.6516673E+01
    3.5400000E-01    2.3592448E+01    1.6575101E+01
    3.5800000E-01    2.3615818E+01    1.6632960E+01
    3.6200000E-01    2.3639073E+01    1.6690256E+01
    3.6600000E-01    2.3662215E+01    1.6746990E+01
    3.7000000E-01    2.3685243E+01    1.6803167E+01
    3.7400000E-01    2.3708160E+01    1.6858790E+01
    3.7800000E-01    2.3730964E+01    1.6913864E+01
    3.8200000E-01    2.3753656E+01    1.6968391E+01
    3.8600000E-01    2.3776238E+01    1.7022376E+01
    3.9000000E-01    2.3798710E+01    1.7075822E+01
    3.9400000E-01    2.3821071E+01    1.7128732E+01
    3.9800000E-01    2.3843324E+01    1.7181110E+01
    4.0200000E-01    2.3865468E+01    1.7232959E+01
    4.0600000E-01    2.3887503E+01    1.7284284E+01
    4.1000000E-01    2.3909432E+01    1.7335087E+01
    4.1400000E-01    2.3931252E+01    1.7385372E+01
    4.1800000E-01    2.3952967E+01    1.7435142E+01
    4.2200000E-01    2.3974575E+01    1.7484400E+01
    4.2600000E-01    2.3996078E+01    1.7533151E+01
    4.3000000E-01    2.4017476E+01    1.7581397E+01
    4.3400000E-01    2.4038770E+01    1.7629142E+01
    4.3800000E-01    2.4059960E+01    1.7676389E+01
    4.4200000E-01    2.4081046E+01    1.7723141E+01
    4.4600000E-01    2.4102029E+01    1.7769402E+01
    4.5000000E-01    2.4122910E+01    1.7815175E+01
    4.5400000E-01    2.4143690E+01    1.7860463E+01
    4.5800000E-01    2.4164367E+01    1.7905269E+01
    4.6200000E-01    2.4184945E+01    1.7949596E+01
    4.6600000E-01    2.4205421E+01    1.7993449E+01
    4.7000000E-01    2.4225798E+01    1.8036829E+01
    4.7400000E-01    2.4246076E+01    1.8079740E+01
    4.7800000E-01    2.4266255E+01    1.8122186E+01
    4.8200000E-01    2.4286336E+01    1.8164168E+01
    4.8600000E-01    2.4306319E+01    1.8205691E+01
    4.9000000E-01    2.4326204E+01    1.8246758E+01
    4.9400000E-01    2.4345993E+01    1.8287371E+01
    4.9800000E-01    2.4365686E+01    1.8327534E+01
    5.0200000E-01    2.4385282E+01    1.8367249E+01
    5.0600000E-01    2.4404784E+01    1.8406521E+01
    5.1000000E-01    2.4424190E+01    1.8445350E+01
    5.1400000E-01    2.4443502E+01    1.8483742E+01
    5.1800000E-01    2.4462721E+01    1.8521699E+01
    5.2200000E-01    2.4481846E+01    1.8559223E+01
    5.2600000E-01    2.4500878E+01    1.8596318E+01
    5.3000000E-01    2.4519817E+01    1.8632986E+01
    5.3400000E-01    2.4538665E+01    1.8669231E+01
    5.3800000E-01    2.4557421E+01    1.8705056E+01
    5.4200000E-01    2.4576086E+01    1.8740463E+01
    5.4600000E-01    2.4594661E+01    1.8775455E+01
    5.5000000E-01    2.4613145E+01    1.8810036E+01
    5.5400000E-01    2.4631540E+01    1.8844208E+01
    5.5800000E-01    2.4649846E+01    1.8877974E+01
    5.6200000E-01    2.4668063E+01    1.8911337E+01
    5.6600000E-01    2.4686191E+01    1.8944300E+01
    5.7000000E-01    2.4704232E+01    1.8976866E+01
    5.7400000E-01    2.4722186E+01    1.9009037E+01
    5.7800000E-01    2.4740053E+01    1.9040816E+01
    5.8200000E-01    2.4757833E+01    1.9072206E+01
    5.8600000E-01    2.4775527E+01    1.9103211E+01
    5.9000000E-01    2.4793136E+01    1.9133832E+01
    5.9400000E-01    2.4810660E+01    1.9164073E+01
    5.9800000E-01    2.4828099E+01    1.9193937E+01
    6.0200000E-01    2.4845454E+01    1.9223426E+01
    6.0600000E-01    2.4862725E+01    1.9252542E+01
    6.1000000E-01    2.4879913E+01    1.9281290E+01
    6.1400000E-01    2.4897017E+01    1.9309671E+01
    6.1800000E-01    2.4914040E+01    1.9337688E+01
    6.2200000E-01    2.4930980E+01    1.9365344E+01
    6.2600000E-01    2.4947839E+01    1.9392642E+01
    6.3000000E-01    2.4964616E+01    1.9419585E+01
    6.3400000E-01    2.4981313E+01    1.9446175E+01
    6.3800000E-01    2.4997929E+01    1.9472415E+01
    6.4200000E-01    2.5014465E+01    1.9498308E+01
    6.4600000E-01    2.5030922E+01    1.9523856E+01
    6.5000000E-01    2.5047300E+01    1.9549063E+01
    6.5400000E-01    2.5063599E+01    1.9573930E+01
    6.5800000E-01    2.5079820E+01    1.9598461E+01
    6.6200000E-01    2.5095963E+01    1.9622658E+01
    6.6600000E-01    2.5112028E+01    1.9646525E+01
    6.7000000E-01    2.5128017E+01    1.9670063E+01
    6.7400000E-01    2.5143929E+01    1.9693275E+01
    6.7800000E-01    2.5159764E+01    1.9716164E+01
    6.8200000E-01    2.5175524E+01    1.9738733E+01
    6.8600000E-01    2.5191208E+01    1.9760985E+01
    6.9000000E-01    2.5206817E+01    1.9782921E+01
    6.9400000E-01    2.5222352E+01    1.9804546E+01
    6.9800000E-01    2.5237812E+01    1.9825860E+01
    7.0200000E-01    2.5253199E+01    1.9846868E+01
    7.0600000E-01    2.5268511E+01    1.9867571E+01
    7.1000000E-01    2.5283751E+01    1.9887973E+01
    7.1400000E-01    2.5298918E+01    1.9908075E+01
    7.1800000E-01    2.5314013E+01    1.9927882E+01
    7.2200000E-01    2.5329036E+01    1.9947394E+01
    7.2600000E-01    2.5343987E+01    1.9966615E+01
    7.3000000E-01    2.5358867E+01    1.9985548E+01
    7.3400000E-01    2.5373677E+01    2.0004195E+01
    7.3800000E-01    2.5388415E+01    2.0022558E+01
    7.4200000E-01    2.5403084E+01    2.0040641E+01
    7.4600000E-01    2.5417683E+01    2.0058446E+01
    7.5000000E-01    2.5432213E+01    2.0075975E+01
    7.5400000E-01    2.5446674E+01    2.0093232E+01
    7.5800000E-01    2.5461066E+01    2.0110218E+01
    7.6200000E-01    2.5475390E+01    2.0126936E+01
    7.6600000E-01    2.5489646E+01    2.0143389E+01
    7.7000000E-01    2.5503834E+01    2.0159580E+01
    7.7400000E-01    2.5517955E+01    2.0175511E+01
    7.7800000E-01    2.5532010E+01    2.0191185E+01
    7.8200000E-01    2.5545998E+01    2.0206603E+01
    7.8600000E-01    2.5559920E+01    2.0221770E+01
    7.9000000E-01    2.5573776E+01    2.0236686E+01
    7.9400000E-01    2.5587567E+01    2.0251356E+01
    7.9800000E-01    2.5601292E+01    2.0265781E+01
    8.0200000E-01    2.5614953E+01    2.0279964E+01
    8.0600000E-01    2.5628550E+01    2.0293908E+01
    8.1000000E-01    2.5642083E+01    2.0307614E+01
    8.1400000E-01    2.5655552E+01    2.0321086E+01
    8.1800000E-01    2.5668957E+01    2.0334327E+01
    8.2200000E-01    2.5682300E+01    2.0347337E+01
    8.2600000E-01    2.5695580E+01    2.0360121E+01
    8.3000000E-01    2.5708797E+01    2.0372681E+01
    8.3400000E-01    2.5721953E+01    2.0385019E+01
    8.3800000E-01    2.5735046E+01    2.0397137E+01
    8.4200000E-01    2.5748079E+01    2.0409039E+01
    8.4600000E-01    2.5761050E+01    2.0420726E+01
    8.5000000E-01    2.5773961E+01    2.0432201E+01
    8.5400000E-01    2.5786811E+01    2.0443467E+01
    8.5800000E-01    2.5799602E+01    2.0454525E+01
    8.6200000E-01    2.5812332E+01    2.0465380E+01
    8.6600000E-01    2.5825003E+01    2.0476032E+01
    8.7000000E-01    2.5837615E+01    2.0486484E+01
    8.7400000E-01    2.5850168E+01    2.0496739E+01
    8.7800000E-01    2.5862663E+01    2.0506800E+01
    8.8200000E-01    2.5875099E+01    2.0516668E+01
    8.8600000E-01    2.5887478E+01    2.0526346E+01
    8.9000000E-01    2.5899799E+01    2.0535837E+01
    8.9400000E-01    2.5912063E+01    2.0545143E+01
    8.9800000E-01    2.5924270E+01    2.0554265E+01
    9.0200000E-01    2.5936420E+01    2.0563208E+01
    9.0600000E-01    2.5948514E+01    2.0571972E+01
    9.1000000E-01    2.5960552E+01    2.0580561E+01
    9.1400000E-01    2.5972534E+01    2.0588977E+01
    9.1800000E-01    2.5984460E+01    2.0597221E+01
    9.2200000E-01    2.5996332E+01    2.0605297E+01
    9.2600000E-01    2.6008149E+01    2.0613207E+01
    9.3000000E-01    2.6019911E+01    2.0620952E+01
    9.3400000E-01    2.6031618E+01    2.0628536E+01
    9.3800000E-01    2.6043272E+01    2.0635961E+01
    9.4200000E-01    2.6054872E+01    2.0643228E+01
    9.4600000E-01    2.6066419E+01    2.0650341E+01
    9.5000000E-01    2.6077912E+01    2.0657301E+01
    9.5400000E-01    2.6089353E+01    2.0664110E+01
    9.5800000E-01    2.6100741E+01    2.0670772E+01
    9.6200000E-01    2.6112077E+01    2.0677287E+01
    9.6600000E-01    2.6123361E+01    2.0683659E+01
    9.7000000E-01    2.6134593E+01    2.0689890E+01
    9.7400000E-01    2.6145774E+01    2.0695981E+01
    9.7800000E-01    2.6156903E+01    2.0701935E+01
    9.8200000E-01    2.6167982E+01    2.0707754E+01
    9.8600000E-01    2.6179009E+01    2.0713440E+01
    9.9000000E-01    2.6189987E+01    2.0718996E+01
    9.9400000E-01    2.6200914E+01    2.0724422E+01
    9.9800000E-01    2.6211792E+01    2.0729723E+01
    1.0020000E+00    2.6222620E+01    2.0734899E+01
    1.0060000E+00    2.6233399E+01    2.0739952E+01
    1.0100000E+00    2.6244128E+01    2.0744886E+01
    1.0140000E+00    2.6254809E+01    2.0749701E+01
    1.0180000E+00    2.6265442E+01    2.0754400E+01
    1.0220000E+00    2.6276026E+01    2.0758985E+01
    1.0260000E+00    2.6286562E+01    2.0763457E+01
    1.0300000E+00    2.6297050E+01    2.0767820E+01
    1.0340000E+00    2.6307491E+01    2.0772074E+01
    1.0380000E+00    2.6317885E+01    2.0776222E+01
    1.0420000E+00    2.6328231E+01    2.0780265E+01
    1.0460000E+00    2.6338531E+01    2.0784206E+01
    1.0500000E+00    2.6348785E+01    2.0788047E+01
    1.0540000E+00    2.6358992E+01    2.0791788E+01
    1.0580000E+00    2.6369153E+01    2.0795434E+01
    1.0620000E+00    2.6379268E+01    2.0798984E+01
    1.0660000E+00    2.6389338E+01    2.0802441E+01
    1.0700000E+00    2.6399363E+01    2.0805806E+01
    1.0740000E+00    2.6409342E+01    2.0809082E+01
    1.0780000E+00    2.6419277E+01    2.0812271E+01
    1.0820000E+00    2.6429167E+01    2.0815373E+01
    1.0860000E+00    2.6439013E+01    2.0818391E+01
    1.0900000E+00    2.6448815E+01    2.0821327E+01
    1.0940000E+00    2.6458573E+01    2.0824182E+01
    1.0980000E+00    2.6468287E+01    2.0826957E+01
    1.1020000E+00    2.6477958E+01    2.0829656E+01
    1.1060000E+00    2.6487586E+01    2.0832278E+01
    1.1100000E+00    2.6497171E+01    2.0834826E+01
    1.1140000E+00    2.6506713E+01    2.0837302E+01
    1.1180000E+00    2.6516213E+01    2.0839706E+01
    1.1220000E+00    2.6525670E+01    2.0842041E+01
    1.1260000E+00    2.6535086E+01    2.0844308E+01
    1.1300000E+00    2.6544459E+01    2.0846509E+01
    1.1340000E+00    2.6553792E+01    2.0848645E+01
    1.1380000E+00    2.6563082E+01    2.0850717E+01
    1.1420000E+00    2.6572332E+01    2.0852728E+01
    1.1460000E+00    2.6581541E+01    2.0854678E+01
    1.1500000E+00    2.6590709E+01    2.0856569E+01
    1.1540000E+00    2.6599836E+01    2.0858402E+01
    1.1580000E+00    2.6608923E+01    2.0860179E+01
    1.1620000E+00    2.6617971E+01    2.0861901E+01
    1.1660000E+00    2.6626978E+01    2.0863570E+01
    1.1700000E+00    2.6635946E+01    2.0865186E+01
    1.1740000E+00    2.6644874E+01    2.0866752E+01
    1.1780000E+00    2.6653763E+01    2.0868268E+01
    1.1820000E+00    2.6662613E+01    2.0869735E+01
    1.1860000E+00    2.6671424E+01    2.0871155E+01
    1.1900000E+00    2.6680197E+01    2.0872530E+01
    1.1940000E+00    2.6688931E+01    2.0873859E+01
    1.1980000E+00    2.6697627E+01    2.0875145E+01
    1.2020000E+00    2.6706286E+01    2.0876389E+01
    1.2060000E+00    2.6714906E+01    2.0877591E+01
    1.2100000E+00    2.6723489E+01    2.0878754E+01
    1.2140000E+00    2.6732034E+01    2.0879877E+01
    1.2180000E+00    2.6740542E+01    2.0880962E+01
    1.2220000E+00    2.6749013E+01    2.0882011E+01
    1.2260000E+00    2.6757448E+01    2.0883023E+01
    1.2300000E+00    2.6765846E+01    2.0884001E+01
    1.2340000E+00    2.6774207E+01    2.0884945E+01
    1.2380000E+00    2.6782532E+01    2.0885856E+01
    1.2420000E+00    2.6790821E+01    2.0886735E+01
    1.2460000E+00    2.6799075E+01    2.0887584E+01
    1.2500000E+00    2.6807292E+01    2.0888402E+01
    1.2540000E+00    2.6815474E+01    2.0889191E+01
    1.2580000E+00    2.6823621E+01    2.0889952E+01
    1.2620000E+00    2.6831733E+01    2.0890685E+01
    1.2660000E+00    2.6839810E+01    2.0891392E+01
    1.2700000E+00    2.6847852E+01    2.0892074E+01
    1.2740000E+00    2.6855860E+01    2.0892730E+01
    1.2780000E+00    2.6863833E+01    2.0893362E+01
    1.2820000E+00    2.6871773E+01    2.0893971E+01
    1.2860000E+00    2.6879678E+01    2.0894558E+01
    1.2900000E+00    2.6887549E+01    2.0895122E+01
    1.2940000E+00    2.6895387E+01    2.0895665E+01
    1.2980000E+00    2.6903191E+01    2.0896188E+01
    1.3020000E+00    2.6910962E+01    2.0896692E+01
    1.3060000E+00    2.6918700E+01    2.0897176E+01
    1.3100000E+00    2.6926405E+01    2.0897641E+01
    1.3140000E+00    2.6934077E+01    2.0898089E+01
    1.3180000E+00    2.6941717E+01    2.0898520E+01
    1.3220000E+00    2.6949324E+01    2.0898934E+01
    1.3260000E+00    2.6956899E+01    2.0899332E+01
    1.3300000E+00    2.6964442E+01    2.0899714E+01
    1.3340000E+00    2.6971952E+01    2.0900082E+01
    1.3380000E+00    2.6979432E+01    2.0900436E+01
    1.3420000E+00    2.6986879E+01    2.0900775E+01
    1.3460000E+00    2.6994295E+01    2.0901101E+01
    1.3500000E+00    2.7001680E+01    2.0901415E+01
    1.3540000E+00    2.7009034E+01    2.0901716E+01
    1.3580000E+00    2.7016357E+01    2.0902005E+01
    1.3620000E+00    2.7023649E+01    2.0902283E+01
    1.3660000E+00    2.7030911E+01    2.0902549E+01
    1.3700000E+00    2.7038142E+01    2.0902806E+01
    1.3740000E+00    2.7045343E+01    2.0903051E+01
    1.3780000E+00    2.7052514E+01    2.0903288E+01
    1.3820000E+00    2.7059654E+01    2.0903514E+01
    1.3860000E+00    2.7066765E+01    2.0903732E+01
    1.3900000E+00    2.7073847E+01    2.0903941E+01
    1.3940000E+00    2.7080898E+01    2.0904142E+01
    1.3980000E+00    2.7087921E+01    2.0904335E+01
    1.4020000E+00    2.7094914E+01    2.0904520E+01
    1.4060000E+00    2.7101878E+01    2.0904698E+01
    1.4100000E+00    2.7108814E+01    2.0904869E+01
    1.4140000E+00    2.7115720E+01    2.0905033E+01
    1.4180000E+00    2.7122598E+01    2.0905191E+01
    1.4220000E+00    2.7129448E+01    2.0905342E+01
    1.4260000E+00    2.7136269E+01    2.0905488E+01
    1.4300000E+00    2.7143062E+01    2.0905628E+01
    1.4340000E+00    2.7149827E+01    2.0905762E+01
    1.4380000E+00    2.7156565E+01    2.0905891E+01
    1.4420000E+00    2.7163274E+01    2.0906015E+01
    1.4460000E+00    2.7169956E+01    2.0906135E+01
    1.4500000E+00    2.7176611E+01    2.0906250E+01
    1.4540000E+00    2.7183238E+01    2.0906361E+01
    1.4580000E+00    2.7189838E+01    2.0906467E+01
    1.4620000E+00    2.7196412E+01    2.0906569E+01
    1.4660000E+00    2.7202958E+01    2.0906668E+01
    1.4700000E+00    2.7209478E+01    2.0906763E+01
    1.4740000E+00    2.7215971E+01    2.0906855E+01
    1.4780000E+00    2.7222437E+01    2.0906943E+01
    1.4820000E+00    2.7228877E+01    2.0907028E+01
    1.4860000E+00    2.7235292E+01    2.0907110E+01
    1.4900000E+00    2.7241680E+01    2.0907190E+01
    1.4940000E+00    2.7248042E+01    2.0907266E+01
    1.4980000E+00    2.7254378E+01    2.0907340E+01
    1.5020000E+00    2.7260689E+01    2.0907411E+01
    1.5060000E+00    2.7266974E+01    2.0907480E+01
    1.5100000E+00    2.7273234E+01    2.0907547E+01
    1.5140000E+00    2.7279469E+01    2.0907612E+01
    1.5180000E+00    2.7285679E+01    2.0907674E+01
    1.5220000E+00    2.7291863E+01    2.0907735E+01
    1.5260000E+00    2.7298023E+01    2.0907793E+01
    1.5300000E+00    2.7304158E+01    2.0907850E+01
    1.5340000E+00    2.7310268E+01    2.0907905E+01
    1.5380000E+00    2.7316354E+01    2.0907959E+01
    1.5420000E+00    2.7322416E+01    2.0908011E+01
    1.5460000E+00    2.7328453E+01    2.0908061E+01
    1.5500000E+00    2.7334467E+01    2.0908110E+01
    1.5540000E+00    2.7340456E+01    2.0908158E+01
    1.5580000E+00    2.7346421E+01    2.0908204E+01
    1.5620000E+00    2.7352363E+01    2.0908249E+01
    1.5660000E+00    2.7358281E+01    2.0908293E+01
    1.5700000E+00    2.7364176E+01    2.0908335E+01
    1.5740000E+00    2.7370048E+01    2.0908377E+01
    1.5780000E+00    2.7375896E+01    2.0908418E+01
    1.5820000E+00    2.7381721E+01    2.0908457E+01
    1.5860000E+00    2.7387523E+01    2.0908496E+01
    1.5900000E+00    2.7393302E+01    2.0908534E+01
    1.5940000E+00    2.7399058E+01    2.0908570E+01
    1.5980000E+00    2.7404792E+01    2.0908606E+01
    1.6020000E+00    2.7410503E+01    2.0908641E+01
    1.6060000E+00    2.7416192E+01    2.0908676E+01
    1.6100000E+00    2.7421858E+01    2.0908709E+01
    1.6140000E+00    2.7427502E+01    2.0908742E+01
    1.6180000E+00    2.7433124E+01    2.0908775E+01
    1.6220000E+00    2.7438725E+01    2.0908806E+01
    1.6260000E+00    2.7444303E+01    2.0908837E+01
    1.6300000E+00    2.7449860E+01    2.0908867E+01
    1.6340000E+00    2.7455395E+01    2.0908897E+01
    1.6380000E+00    2.7460908E+01    2.0908926E+01
    1.6420000E+00    2.7466400E+01    2.0908955E+01
    1.6460000E+00    2.7471871E+01    2.0908983E+01
    1.6500000E+00    2.7477320E+01    2.0909010E+01
    1.6540000E+00    2.7482749E+01    2.0909037E+01
    1.6580000E+00    2.7488156E+01    2.0909063E+01
    1.6620000E+00    2.7493543E+01    2.0909089E+01
    1.6660000E+00    2.7498909E+01    2.0909115E+01
    1.6700000E+00    2.7504254E+01    2.0909140E+01
    1.6740000E+00    2.7509579E+01    2.0909165E+01
    1.6780000E+00    2.7514883E+01    2.0909189E+01
    1.6820000E+00    2.7520167E+01    2.0909213E+01
    1.6860000E+00    2.7525430E+01    2.0909236E+01
    1.6900000E+00    2.7530674E+01    2.0909259E+01
    1.6940000E+00    2.7535897E+01    2.0909282E+01
    1.6980000E+00    2.7541100E+01    2.0909304E+01
    1.7020000E+00    2.7546284E+01    2.0909326E+01
    1.7060000E+00    2.7551448E+01    2.0909347E+01
    1.7100000E+00    2.7556592E+01    2.0909368E+01
    1.7140000E+00    2.7561717E+01    2.0909389E+01
    1.7180000E+00    2.7566822E+01    2.0909410E+01
    1.7220000E+00    2.7571908E+01    2.0909430E+01
    1.7260000E+00    2.7576975E+01    2.0909450E+01
    1.7300000E+00    2.7582022E+01    2.0909469E+01
    1.7340000E+00    2.7587051E+01    2.0909488E+01
    1.7380000E+00    2.7592060E+01    2.0909507E+01
    1.7420000E+00    2.7597051E+01    2.0909526E+01
    1.7460000E+00    2.7602023E+01    2.0909544E+01
    1.7500000E+00    2.7606976E+01    2.0909562E+01
    1.7540000E+00    2.7611911E+01    2.0909580E+01
    1.7580000E+00    2.7616827E+01    2.0909598E+01
    1.7620000E+00    2.7621725E+01    2.0909615E+01
    1.7660000E+00    2.7626604E+01    2.0909632E+01
    1.7700000E+00    2.7631466E+01    2.0909648E+01
    1.7740000E+00    2.7636309E+01    2.0909665E+01
    1.7780000E+00    2.7641134E+01    2.0909681E+01
    1.7820000E+00    2.7645941E+01    2.0909697E+01
    1.7860000E+00    2.7650731E+01    2.0909712E+01
    1.7900000E+00    2.7655502E+01    2.0909728E+01
    1.7940000E+00    2.7660256E+01    2.0909743E+01
    1.7980000E+00    2.7664993E+01    2.0909758E+01
    1.8020000E+00    2.7669712E+01    2.0909773E+01
    1.8060000E+00    2.7674413E+01    2.0909787E+01
    1.8100000E+00    2.7679097E+01    2.0909801E+01
    1.8140000E+00    2.7683764E+01    2.0909816E+01
    1.8180000E+00    2.7688414E+01    2.0909829E+01
    1.8220000E+00    2.7693047E+01    2.0909843E+01
    1.8260000E+00    2.7697663E+01    2.0909856E+01
    1.8300000E+00    2.7702262E+01    2.0909870E+01
    1.8340000E+00    2.7706844E+01    2.0909882E+01
    1.8380000E+00    2.7711409E+01    2.0909895E+01
    1.8420000E+00    2.7715958E+01    2.0909908E+01
    1.8460000E+00    2.7720490E+01    2.0909920E+01
    1.8500000E+00    2.7725006E+01    2.0909932E+01
    1.8540000E+00    2.7729505E+01    2.0909944E+01
    1.8580000E+00    2.7733988E+01    2.0909956E+01
    1.8620000E+00    2.7738455E+01    2.0909968E+01
    1.8660000E+00    2.7742906E+01    2.0909979E+01
    1.8700000E+00    2.7747340E+01    2.0909991E+01
    1.8740000E+00    2.7751759E+01    2.0910002E+01
    1.8780000E+00    2.7756162E+01    2.0910013E+01
    1.8820000E+00    2.7760548E+01    2.0910023E+01
    1.8860000E+00    2.7764920E+01    2.0910034E+01
    1.8900000E+00    2.7769275E+01    2.0910044E+01
    1.8940000E+00    2.7773615E+01    2.0910054E+01
    1.8980000E+00    2.7777939E+01    2.0910065E+01
    1.9020000E+00    2.7782248E+01    2.0910074E+01
    1.9060000E+00    2.7786542E+01    2.0910084E+01
    1.9100000E+00    2.7790820E+01    2.0910094E+01
    1.9140000E+00    2.7795083E+01    2.0910103E+01
    1.9180000E+00    2.7799331E+01    2.0910112E+01
    1.9220000E+00    2.7803564E+01    2.0910122E+01
    1.9260000E+00    2.7807782E+01    2.0910131E+01
    1.9300000E+00    2.7811985E+01    2.0910139E+01
    1.9340000E+00    2.7816173E+01    2.0910148E+01
    1.9380000E+00    2.7820346E+01    2.0910157E+01
    1.9420000E+00    2.7824505E+01    2.0910165E+01
    1.9460000E+00    2.7828649E+01    2.0910173E+01
    1.9500000E+00    2.7832779E+01    2.0910182E+01
    1.9540000E+00    2.7836894E+01    2.0910190E+01
    1.9580000E+00    2.7840994E+01    2.0910197E+01
    1.9620000E+00    2.7845081E+01    2.0910205E+01
    1.9660000E+00    2.7849153E+01    2.0910213E+01
    1.9700000E+00    2.7853210E+01    2.0910220E+01
    1.9740000E+00    2.7857254E+01    2.0910228E+01
    1.9780000E+00    2.7861284E+01    2.0910235E+01
    1.9820000E+00    2.7865300E+01    2.0910242E+01
    1.9860000E+00    2.7869301E+01    2.0910249E+01
    1.9900000E+00    2.7873289E+01    2.0910256E+01
    1.9940000E+00    2.7877263E+01    2.0910263E+01
    1.9980000E+00    2.7881224E+01    2.0910270E+01
    2.0020000E+00    2.7885170E+01    2.0910276E+01
    2.0060000E+00    2.7889104E+01    2.0910283E+01
    2.0100000E+00    2.7893023E+01    2.0910289E+01
    2.0140000E+00    2.7896929E+01    2.0910295E+01
    2.0180000E+00    2.7900822E+01    2.0910301E+01
    2.0220000E+00    2.7904702E+01    2.0910307E+01
    2.0260000E+00    2.7908568E+01    2.0910313E+01
    2.0300000E+00    2.7912421E+01    2.0910319E+01
    2.0340000E+00    2.7916261E+01    2.0910325E+01
    2.0380000E+00    2.7920088E+01    2.0910331E+01
    2.0420000E+00    2.7923902E+01    2.0910336E+01
    2.0460000E+00    2.7927703E+01    2.0910342E+01
    2.0500000E+00    2.7931491E+01    2.0910347E+01
    2.0540000E+00    2.7935266E+01    2.0910352E+01
    2.0580000E+00    2.7939029E+01    2.0910357E+01
    2.0620000E+00    2.7942779E+01    2.0910362E+01
    2.0660000E+00    2.7946516E+01    2.0910367E+01
    2.0700000E+00    2.7950241E+01    2.0910372E+01
    2.0740000E+00    2.7953953E+01    2.0910377E+01
    2.0780000E+00    2.7957653E+01    2.0910382E+01
    2.0820000E+00    2.7961340E+01    2.0910387E+01
    2.0860000E+00    2.7965015E+01    2.0910391E+01
    2.0900000E+00    2.7968678E+01    2.0910396E+01
    2.0940000E+00    2.7972328E+01    2.0910400E+01
    2.0980000E+00    2.7975967E+01    2.0910405E+01
    2.1020000E+00    2.7979593E+01    2.0910409E+01
    2.1060000E+00    2.7983208E+01    2.0910413E+01
    2.1100000E+00    2.7986810E+01    2.0910417E+01
    2.1140000E+00    2.7990400E+01    2.0910421E+01
    2.1180000E+00    2.7993979E+01    2.0910425E+01
    2.1220000E+00    2.7997546E+01    2.0910429E+01
    2.1260000E+00    2.8001101E+01    2.0910433E+01
    2.1300000E+00    2.8004644E+01    2.0910437E+01
    2.1340000E+00    2.8008176E+01    2.0910440E+01
    2.1380000E+00    2.8011697E+01    2.0910444E+01
    2.1420000E+00    2.8015205E+01    2.0910448E+01
    2.1460000E+00    2.8018703E+01    2.0910451E+01
    2.1500000E+00    2.8022189E+01    2.0910455E+01
    2.1540000E+00    2.8025663E+01    2.0910458E+01
    2.1580000E+00    2.8029126E+01    2.0910461E+01
    2.1620000E+00    2.8032578E+01    2.0910465E+01
    2.1660000E+00    2.8036019E+01    2.0910468E+01
    2.1700000E+00    2.8039449E+01    2.0910471E+01
    2.1740000E+00    2.8042868E+01    2.0910474E+01
    2.1780000E+00    2.8046275E+01    2.0910477E+01
    2.1820000E+00    2.8049672E+01    2.0910480E+01
    2.1860000E+00    2.8053058E+01    2.0910483E+01
    2.1900000E+00    2.8056433E+01    2.0910486E+01
    2.1940000E+00    2.8059797E+01    2.0910489E+01
    2.1980000E+00    2.8063150E+01    2.0910492E+01
    2.2020000E+00    2.8066493E+01    2.0910495E+01
    2.2060000E+00    2.8069825E+01    2.0910497E+01
    2.2100000E+00    2.8073146E+01    2.0910500E+01
    2.2140000E+00    2.8076457E+01    2.0910502E+01
    2.2180000E+00    2.8079757E+01    2.0910505E+01
    2.2220000E+00    2.8083047E+01    2.0910507E+01
    2.2260000E+00    2.8086327E+01    2.0910510E+01
    2.2300000E+00    2.8089596E+01    2.0910512E+01
    2.2340000E+00    2.8092855E+01    2.0910515E+01
    2.2380000E+00    2.8096103E+01    2.0910517E+01
    2.2420000E+00    2.8099342E+01    2.0910519E+01
    2.2460000E+00    2.8102570E+01    2.0910522E+01
    2.2500000E+00    2.8105788E+01    2.0910524E+01
    2.2540000E+00    2.8108996E+01    2.0910526E+01
    2.2580000E+00    2.8112194E+01    2.0910528E+01
    2.2620000E+00    2.8115383E+01    2.0910530E+01
    2.2660000E+00    2.8118561E+01    2.0910532E+01
    2.2700000E+00    2.8121729E+01    2.0910534E+01
    2.2740000E+00    2.8124888E+01    2.0910536E+01
    2.2780000E+00    2.8128036E+01    2.0910538E+01
    2.2820000E+00    2.8131176E+01    2.0910540E+01
    2.2860000E+00    2.8134305E+01    2.0910542E+01
    2.2900000E+00    2.8137425E+01    2.0910544E+01
    2.2940000E+00    2.8140535E+01    2.0910545E+01
    2.2980000E+00    2.8143636E+01    2.0910547E+01
    2.3020000E+00    2.8146727E+01    2.0910549E+01
    2.3060000E+00    2.8149808E+01    2.0910551E+01
    2.3100000E+00    2.8152881E+01    2.0910552E+01
    2.3140000E+00    2.8155944E+01    2.0910554E+01
    2.3180000E+00    2.8158997E+01    2.0910555E+01
    2.3220000E+00    2.8162042E+01    2.0910557E+01
    2.3260000E+00    2.8165077E+01    2.0910559E+01
    2.3300000E+00    2.8168103E+01    2.0910560E+01
    2.3340000E+00    2.8171120E+01    2.0910562E+01
    2.3380000E+00    2.8174127E+01    2.0910563E+01
    2.3420000E+00    2.8177126E+01    2.0910564E+01
    2.3460000E+00    2.8180116E+01    2.0910566E+01
    2.3500000E+00    2.8183097E+01    2.0910567E+01
    2.3540000E+00    2.8186069E+01    2.0910569E+01
    2.3580000E+00    2.8189032E+01    2.0910570E+01
    2.3620000E+00    2.8191986E+01    2.0910571E+01
    2.3660000E+00    2.8194931E+01    2.0910572E+01
    2.3700000E+00    2.8197868E+01    2.0910574E+01
    2.3740000E+00    2.8200796E+01    2.0910575E+01
    2.3780000E+00    2.8203715E+01    2.0910576E+01
    2.3820000E+00    2.8206626E+01    2.0910577E+01
    2.3860000E+00    2.8209528E+01    2.0910578E+01
    2.3900000E+00    2.8212421E+01    2.0910579E+01
    2.3940000E+00    2.8215306E+01    2.0910581E+01
    2.3980000E+00    2.8218183E+01    2.0910582E+01
    2.4020000E+00    2.8221051E+01    2.0910583E+01
    2.4060000E+00    2.8223911E+01    2.0910584E+01
    2.4100000E+00    2.8226762E+01    2.0910585E+01
    2.4140000E+00    2.8229605E+01    2.0910586E+01
    2.4180000E+00    2.8232440E+01    2.0910587E+01
    2.4220000E+00    2.8235267E+01    2.0910588E+01
    2.4260000E+00    2.8238086E+01    2.0910589E+01
    2.4300000E+00    2.8240896E+01    2.0910590E+01
    2.4340000E+00    2.8243698E+01    2.0910590E+01
    2.4380000E+00    2.8246493E+01    2.0910591E+01
    2.4420000E+00    2.8249279E+01    2.0910592E+01
    2.4460000E+00    2.8252057E+01    2.0910593E+01
    2.4500000E+00    2.8254827E+01    2.0910594E+01
    2.4540000E+00    2.8257590E+01    2.0910595E+01
    2.4580000E+00    2.8260344E+01    2.0910596E+01
    2.4620000E+00    2.8263091E+01    2.0910596E+01
    2.4660000E+00    2.8265830E+01    2.0910597E+01
    2.4700000E+00    2.8268561E+01    2.0910598E+01
    2.4740000E+00    2.8271285E+01    2.0910599E+01
    2.4780000E+00    2.8274001E+01    2.0910599E+01
    2.4820000E+00    2.8276709E+01    2.0910600E+01
    2.4860000E+00    2.8279410E+01    2.0910601E+01
    2.4900000E+00    2.8282103E+01    2.0910601E+01
    2.4940000E+00    2.8284788E+01    2.0910602E+01
    2.4980000E+00    2.8287466E+01    2.0910603E+01
    2.5020000E+00    2.8290137E+01    2.0910603E+01
    2.5060000E+00    2.8292800E+01    2.0910604E+01
    2.5100000E+00    2.8295456E+01    2.0910605E+01
    2.5140000E+00    2.8298105E+01    2.0910605E+01
    2.5180000E+00    2.8300746E+01    2.0910606E+01
    2.5220000E+00    2.8303380E+01    2.0910606E+01
    2.5260000E+00    2.8306007E+01    2.0910607E+01
    2.5300000E+00    2.8308626E+01    2.0910608E+01
    2.5340000E+00    2.8311239E+01    2.0910608E+01
    2.5380000E+00    2.8313844E+01    2.0910609E+01
    2.5420000E+00    2.8316442E+01    2.0910609E+01
    2.5460000E+00    2.8319033E+01    2.0910610E+01
    2.5500000E+00    2.8321617E+01    2.0910610E+01
    2.5540000E+00    2.8324195E+01    2.0910611E+01
    2.5580000E+00    2.8326765E+01    2.0910611E+01
    2.5620000E+00    2.8329328E+01    2.0910612E+01
    2.5660000E+00    2.8331885E+01    2.0910612E+01
    2.5700000E+00    2.8334434E+01    2.0910612E+01
    2.5740000E+00    2.8336977E+01    2.0910613E+01
    2.5780000E+00    2.8339513E+01    2.0910613E+01
    2.5820000E+00    2.8342043E+01    2.0910614E+01
    2.5860000E+00    2.8344565E+01    2.0910614E+01
    2.5900000E+00    2.8347081E+01    2.0910615E+01
    2.5940000E+00    2.8349591E+01    2.0910615E+01
    2.5980000E+00    2.8352093E+01    2.0910615E+01
    2.6020000E+00    2.8354589E+01    2.0910616E+01
    2.6060000E+00    2.8357079E+01    2.0910616E+01
    2.6100000E+00    2.8359562E+01    2.0910616E+01
    2.6140000E+00    2.8362039E+01    2.0910617E+01
    2.6180000E+00    2.8364509E+01    2.0910617E+01
    2.6220000E+00    2.8366973E+01    2.0910618E+01
    2.6260000E+00    2.8369431E+01    2.0910618E+01
    2.6300000E+00    2.8371882E+01    2.0910618E+01
    2.6340000E+00    2.8374327E+01    2.0910619E+01
    2.6380000E+00    2.8376766E+01    2.0910619E+01
    2.6420000E+00    2.8379199E+01    2.0910619E+01
    2.6460000E+00    2.8381625E+01    2.0910619E+01
    2.6500000E+00    2.8384045E+01    2.0910620E+01
    2.6540000E+00    2.8386459E+01    2.0910620E+01
    2.6580000E+00    2.8388867E+01    2.0910620E+01
    2.6620000E+00    2.8391269E+01    2.0910621E+01
    2.6660000E+00    2.8393665E+01    2.0910621E+01
    2.6700000E+00    2.8396055E+01    2.0910621E+01
    2.6740000E+00    2.8398439E+01    2.0910621E+01
    2.6780000E+00    2.8400818E+01    2.0910622E+01
    2.6820000E+00    2.8403190E+01    2.0910622E+01
    2.6860000E+00    2.8405556E+01    2.0910622E+01
    2.6900000E+00    2.8407917E+01    2.0910622E+01
    2.6940000E+00    2.8410272E+01    2.0910623E+01
    2.6980000E+00    2.8412621E+01    2.0910623E+01
    2.7020000E+00    2.8414964E+01    2.0910623E+01
    2.7060000E+00    2.8417302E+01    2.0910623E+01
    2.7100000E+00    2.8419634E+01    2.0910623E+01
    2.7140000E+00    2.8421961E+01    2.0910624E+01
    2.7180000E+00    2.8424282E+01    2.0910624E+01
    2.7220000E+00    2.8426597E+01    2.0910624E+01
    2.7260000E+00    2.8428907E+01    2.0910624E+01
    2.7300000E+00    2.8431211E+01    2.0910624E+01
    2.7340000E+00    2.8433510E+01    2.0910625E+01
    2.7380000E+00    2.8435804E+01    2.0910625E+01
    2.7420000E+00    2.8438092E+01    2.0910625E+01
    2.7460000E+00    2.8440375E+01    2.0910625E+01
    2.7500000E+00    2.8442653E+01    2.0910625E+01
    2.7540000E+00    2.8444925E+01    2.0910625E+01
    2.7580000E+00    2.8447192E+01    2.0910626E+01
    2.7620000E+00    2.8449454E+01    2.0910626E+01
    2.7660000E+00    2.8451711E+01    2.0910626E+01
    2.7700000E+00    2.8453962E+01    2.0910626E+01
    2.7740000E+00    2.8456209E+01    2.0910626E+01
    2.7780000E+00    2.8458451E+01    2.0910626E+01
    2.7820000E+00    2.8460687E+01    2.0910627E+01
    2.7860000E+00    2.8462919E+01    2.0910627E+01
    2.7900000E+00    2.8465145E+01    2.0910627E+01
    2.7940000E+00    2.8467367E+01    2.0910627E+01
    2.7980000E+00    2.8469584E+01    2.0910627E+01
    2.8020000E+00    2.8471796E+01    2.0910627E+01
    2.8060000E+00    2.8474003E+01    2.0910627E+01
    2.8100000E+00    2.8476205E+01    2.0910627E+01
    2.8140000E+00    2.8478403E+01    2.0910628E+01
    2.8180000E+00    2.8480596E+01    2.0910628E+01
    2.8220000E+00    2.8482784E+01    2.0910628E+01
    2.8260000E+00    2.8484968E+01    2.0910628E+01
    2.8300000E+00    2.8487147E+01    2.0910628E+01
    2.8340000E+00    2.8489322E+01    2.0910628E+01
    2.8380000E+00    2.8491492E+01    2.0910628E+01
    2.8420000E+00    2.8493657E+01    2.0910628E+01
    2.8460000E+00    2.8495819E+01    2.0910628E+01
    2.8500000E+00    2.8497975E+01    2.0910628E+01
    2.8540000E+00    2.8500128E+01    2.0910629E+01
    2.8580000E+00    2.8502276E+01    2.0910629E+01
    2.8620000E+00    2.8504420E+01    2.0910629E+01
    2.8660000E+00    2.8506560E+01    2.0910629E+01
    2.8700000E+00    2.8508695E+01    2.0910629E+01
    2.8740000E+00    2.8510827E+01    2.0910629E+01
    2.8780000E+00    2.8512954E+01    2.0910629E+01
    2.8820000E+00    2.8515077E+01    2.0910629E+01
    2.8860000E+00    2.8517196E+01    2.0910629E+01
    2.8900000E+00    2.8519312E+01    2.0910629E+01
    2.8940000E+00    2.8521423E+01    2.0910629E+01
    2.8980000E+00    2.8523530E+01    2.0910629E+01
    2.9020000E+00    2.8525634E+01    2.0910630E+01
    2.9060000E+00    2.8527733E+01    2.0910630E+01
    2.9100000E+00    2.8529829E+01    2.0910630E+01
    2.9140000E+00    2.8531922E+01    2.0910630E+01
    2.9180000E+00    2.8534010E+01    2.0910630E+01
    2.9220000E+00    2.8536095E+01    2.0910630E+01
    2.9260000E+00    2.8538177E+01    2.0910630E+01
    2.9300000E+00    2.8540254E+01    2.0910630E+01
    2.9340000E+00    2.8542329E+01    2.0910630E+01
    2.9380000E+00    2.8544400E+01    2.0910630E+01
    2.9420000E+00    2.8546467E+01    2.0910630E+01
    2.9460000E+00    2.8548532E+01    2.0910630E+01
    2.9500000E+00    2.8550592E+01    2.0910630E+01
    2.9540000E+00    2.8552650E+01    2.0910630E+01
    2.9580000E+00    2.8554705E+01    2.0910630E+01
    2.9620000E+00    2.8556756E+01    2.0910630E+01
    2.9660000E+00    2.8558804E+01    2.0910630E+01
    2.9700000E+00    2.8560850E+01    2.0910631E+01
    2.9740000E+00    2.8562892E+01    2.0910631E+01
    2.9780000E+00    2.8564931E+01    2.0910631E+01
    2.9820000E+00    2.8566968E+01    2.0910631E+01
    2.9860000E+00    2.8569001E+01    2.0910631E+01
    2.9900000E+00    2.8571032E+01    2.0910631E+01
    2.9940000E+00    2.8573061E+01    2.0910631E+01
    2.9980000E+00    2.8575086E+01    2.0910631E+01
    3.0020000E+00    2.8577109E+01    2.0910631E+01
    3.0060000E+00    2.8579130E+01    2.0910631E+01
    3.0100000E+00    2.8581148E+01    2.0910631E+01
    3.0140000E+00    2.8583164E+01    2.0910631E+01
    3.0180000E+00    2.8585177E+01    2.0910631E+01
    3.0220000E+00    2.8587188E+01    2.0910631E+01
    3.0260000E+00    2.8589197E+01    2.0910631E+01
    3.0300000E+00    2.8591204E+01    2.0910631E+01
    3.0340000E+00    2.8593208E+01    2.0910631E+01
    3.0380000E+00    2.8595211E+01    2.0910631E+01
    3.0420000E+00    2.8597212E+01    2.0910631E+01
    3.0460000E+00    2.8599211E+01    2.0910631E+01
    3.0500000E+00    2.8601208E+01    2.0910631E+01
    3.0540000E+00    2.8603203E+01    2.0910631E+01
    3.0580000E+00    2.8605197E+01    2.0910631E+01
    3.0620000E+00    2.8607189E+01    2.0910631E+01
    3.0660000E+00    2.8609180E+01    2.0910631E+01
    3.0700000E+00    2.8611169E+01    2.0910631E+01
    3.0740000E+00    2.8613157E+01    2.0910631E+01
    3.0780000E+00    2.8615144E+01    2.0910631E+01
    3.0820000E+00    2.8617129E+01    2.0910631E+01
    3.0860000E+00    2.8619114E+01    2.0910631E+01
    3.0900000E+00    2.8621097E+01    2.0910632E+01
    3.0940000E+00    2.8623080E+01    2.0910632E+01
    3.0980000E+00    2.8625062E+01    2.0910632E+01
    3.1020000E+00    2.8627043E+01    2.0910632E+01
    3.1060000E+00    2.8629023E+01    2.0910632E+01
    3.1100000E+00    2.8631003E+01    2.0910632E+01
    3.1140000E+00    2.8632982E+01    2.0910632E+01
    3.1180000E+00    2.8634961E+01    2.0910632E+01
    3.1220000E+00    2.8636940E+01    2.0910632E+01
    3.1260000E+00    2.8638919E+01    2.0910632E+01
    3.1300000E+00    2.8640897E+01    2.0910632E+01
    3.1340000E+00    2.8642876E+01    2.0910632E+01
    3.1380000E+00    2.8644854E+01    2.0910632E+01
    3.1420000E+00    2.8646833E+01    2.0910632E+01
    3.1460000E+00    2.8648813E+01    2.0910632E+01
    3.1500000E+00    2.8650792E+01    2.0910632E+01
    3.1540000E+00    2.8652773E+01    2.0910632E+01
    3.1580000E+00    2.8654754E+01    2.0910632E+01
    3.1620000E+00    2.8656736E+01    2.0910632E+01
    3.1660000E+00    2.8658719E+01    2.0910632E+01
    3.1700000E+00    2.8660703E+01    2.0910632E+01
    3.1740000E+00    2.8662688E+01    2.0910632E+01
    3.1780000E+00    2.8664674E+01    2.0910632E+01
    3.1820000E+00    2.8666662E+01    2.0910632E+01
    3.1860000E+00    2.8668652E+01    2.0910632E+01
    3.1900000E+00    2.8670643E+01    2.0910632E+01
    3.1940000E+00    2.8672636E+01    2.0910632E+01
    3.1980000E+00    2.8674631E+01    2.0910632E+01
    3.2020000E+00    2.8676628E+01    2.0910632E+01
    3.2060000E+00    2.8678627E+01    2.0910632E+01
    3.2100000E+00    2.8680629E+01    2.0910632E+01
    3.2140000E+00    2.8682633E+01    2.0910632E+01
    3.2180000E+00    2.8684640E+01    2.0910632E+01
    3.2220000E+00    2.8686650E+01    2.0910632E+01
    3.2260000E+00    2.8688663E+01    2.0910632E+01
    3.2300000E+00    2.8690679E+01    2.0910632E+01
    3.2340000E+00    2.8692699E+01    2.0910632E+01
    3.2380000E+00    2.8694721E+01    2.0910632E+01
    3.2420000E+00    2.8696748E+01    2.0910632E+01
    3.2460000E+00    2.8698778E+01    2.0910632E+01
    3.2500000E+00    2.8700813E+01    2.0910632E+01
    3.2540000E+00    2.8702851E+01    2.0910632E+01
    3.2580000E+00    2.8704894E+01    2.0910632E+01
    3.2620000E+00    2.8706942E+01    2.0910632E+01
    3.2660000E+00    2.8708994E+01    2.0910632E+01
    3.2700000E+00    2.8711051E+01    2.0910632E+01
    3.2740000E+00    2.8713113E+01    2.0910632E+01
    3.2780000E+00    2.8715181E+01    2.0910632E+01
    3.2820000E+00    2.8717254E+01    2.0910632E+01
    3.2860000E+00    2.8719332E+01    2.0910632E+01
    3.2900000E+00    2.8721417E+01    2.0910632E+01
    3.2940000E+00    2.8723507E+01    2.0910632E+01
    3.2980000E+00    2.8725604E+01    2.0910632E+01
    3.3020000E+00    2.8727707E+01    2.0910632E+01
    3.3060000E+00    2.8729817E+01    2.0910632E+01
    3.3100000E+00    2.8731934E+01    2.0910632E+01
    3.3140000E+00    2.8734058E+01    2.0910632E+01
    3.3180000E+00    2.8736189E+01    2.0910632E+01
    3.3220000E+00    2.8738328E+01    2.0910632E+01
    3.3260000E+00    2.8740474E+01    2.0910632E+01
    3.3300000E+00    2.8742629E+01    2.0910632E+01
    3.3340000E+00    2.8744792E+01    2.0910632E+01
    3.3380000E+00    2.8746963E+01    2.0910632E+01
    3.3420000E+00    2.8749143E+01    2.0910632E+01
    3.3460000E+00    2.8751332E+01    2.0910632E+01
    3.3500000E+00    2.8753529E+01    2.0910632E+01
    3.3540000E+00    2.8755736E+01    2.0910632E+01
    3.3580000E+00    2.8757953E+01    2.0910632E+01
    3.3620000E+00    2.8760180E+01    2.0910632E+01
    3.3660000E+00    2.8762416E+01    2.0910632E+01
    3.3700000E+00    2.8764663E+01    2.0910632E+01
    3.3740000E+00    2.8766921E+01    2.0910632E+01
    3.3780000E+00    2.8769189E+01    2.0910632E+01
    3.3820000E+00    2.8771468E+01    2.0910632E+01
    3.3860000E+00    2.8773758E+01    2.0910632E+01
    3.3900000E+00    2.8776060E+01    2.0910632E+01
    3.3940000E+00    2.8778373E+01    2.0910632E+01
    3.3980000E+00    2.8780698E+01    2.0910632E+01
    3.4020000E+00    2.8783036E+01    2.0910632E+01
    3.4060000E+00    2.8785385E+01    2.0910632E+01
    3.4100000E+00    2.8787747E+01    2.0910632E+01
    3.4140000E+00    2.8790122E+01    2.0910632E+01
    3.4180000E+00    2.8792510E+01    2.0910632E+01
    3.4220000E+00    2.8794912E+01    2.0910632E+01
    3.4260000E+00    2.8797326E+01    2.0910632E+01
    3.4300000E+00    2.8799754E+01    2.0910632E+01
    3.4340000E+00    2.8802196E+01    2.0910632E+01
    3.4380000E+00    2.8804653E+01    2.0910632E+01
    3.4420000E+00    2.8807123E+01    2.0910632E+01
    3.4460000E+00    2.8809607E+01    2.0910632E+01
    3.4500000E+00    2.8812106E+01    2.0910632E+01
    3.4540000E+00    2.8814620E+01    2.0910632E+01
    3.4580000E+00    2.8817149E+01    2.0910632E+01
    3.4620000E+00    2.8819692E+01    2.0910632E+01
    3.4660000E+00    2.8822251E+01    2.0910632E+01
    3.4700000E+00    2.8824825E+01    2.0910632E+01
    3.4740000E+00    2.8827414E+01    2.0910632E+01
    3.4780000E+00    2.8830019E+01    2.0910632E+01
    3.4820000E+00    2.8832639E+01    2.0910632E+01
    3.4860000E+00    2.8835275E+01    2.0910632E+01
    3.4900000E+00    2.8837926E+01    2.0910632E+01
    3.4940000E+00    2.8840594E+01    2.0910632E+01
    3.4980000E+00    2.8843277E+01    2.0910632E+01
    3.5020000E+00    2.8845975E+01    2.0910632E+01
    3.5060000E+00    2.8848690E+01    2.0910632E+01
    3.5100000E+00    2.8851420E+01    2.0910632E+01
    3.5140000E+00    2.8854166E+01    2.0910632E+01
    3.5180000E+00    2.8856927E+01    2.0910632E+01
    3.5220000E+00    2.8859704E+01    2.0910632E+01
    3.5260000E+00    2.8862496E+01    2.0910632E+01
    3.5300000E+00    2.8865304E+01    2.0910632E+01
    3.5340000E+00    2.8868126E+01    2.0910632E+01
    3.5380000E+00    2.8870964E+01    2.0910632E+01
    3.5420000E+00    2.8873817E+01    2.0910632E+01
    3.5460000E+00    2.8876684E+01    2.0910632E+01
    3.5500000E+00    2.8879565E+01    2.0910632E+01
    3.5540000E+00    2.8882460E+01    2.0910632E+01
    3.5580000E+00    2.8885369E+01    2.0910632E+01
    3.5620000E+00    2.8888292E+01    2.0910632E+01
    3.5660000E+00    2.8891227E+01    2.0910632E+01
    3.5700000E+00    2.8894175E+01    2.0910632E+01
    3.5740000E+00    2.8897136E+01    2.0910632E+01
    3.5780000E+00    2.8900108E+01    2.0910632E+01
    3.5820000E+00    2.8903091E+01    2.0910632E+01
    3.5860000E+00    2.8906085E+01    2.0910632E+01
    3.5900000E+00    2.8909090E+01    2.0910632E+01
    3.5940000E+00    2.8912104E+01    2.0910632E+01
    3.5980000E+00    2.8915127E+01    2.0910632E+01
    3.6020000E+00    2.8918159E+01    2.0910632E+01
    3.6060000E+00    2.8921198E+01    2.0910632E+01
    3.6100000E+00    2.8924245E+01    2.0910632E+01
    3.6140000E+00    2.8927298E+01    2.0910632E+01
    3.6180000E+00    2.8930357E+01    2.0910632E+01
    3.6220000E+00    2.8933420E+01    2.0910632E+01
    3.6260000E+00    2.8936488E+01    2.0910632E+01
    3.6300000E+00    2.8939559E+01    2.0910632E+01
    3.6340000E+00    2.8942632E+01    2.0910632E+01
    3.6380000E+00    2.8945706E+01    2.0910632E+01
    3.6420000E+00    2.8948782E+01    2.0910632E+01
    3.6460000E+00    2.8951856E+01    2.0910632E+01
    3.6500000E+00    2.8954930E+01    2.0910632E+01
    3.6540000E+00    2.8958001E+01    2.0910632E+01
    3.6580000E+00    2.8961068E+01    2.0910632E+01
    3.6620000E+00    2.8964131E+01    2.0910632E+01
    3.6660000E+00    2.8967189E+01    2.0910632E+01
    3.6700000E+00    2.8970240E+01    2.0910632E+01
    3.6740000E+00    2.8973284E+01    2.0910632E+01
    3.6780000E+00    2.8976318E+01    2.0910632E+01
    3.6820000E+00    2.8979343E+01    2.0910632E+01
    3.6860000E+00    2.8982357E+01    2.0910632E+01
    3.6900000E+00    2.8985359E+01    2.0910632E+01
    3.6940000E+00    2.8988347E+01    2.0910632E+01
    3.6980000E+00    2.8991321E+01    2.0910632E+01
    3.7020000E+00    2.8994280E+01    2.0910632E+01
    3.7060000E+00    2.8997222E+01    2.0910632E+01
    3.7100000E+00    2.9000146E+01    2.0910632E+01
    3.7140000E+00    2.9003050E+01    2.0910632E+01
    3.7180000E+00    2.9005935E+01    2.0910632E+01
    3.7220000E+00    2.9008799E+01    2.0910632E+01
    3.7260000E+00    2.9011640E+01    2.0910632E+01
    3.7300000E+00    2.9014457E+01    2.0910632E+01
    3.7340000E+00    2.9017250E+01    2.0910632E+01
    3.7380000E+00    2.9020017E+01    2.0910632E+01
    3.7420000E+00    2.9022757E+01    2.0910632E+01
    3.7460000E+00    2.9025469E+01    2.0910632E+01
    3.7500000E+00    2.9028153E+01    2.0910632E+01
    3.7540000E+00    2.9030806E+01    2.0910632E+01
    3.7580000E+00    2.9033429E+01    2.0910632E+01
    3.7620000E+00    2.9036020E+01    2.0910632E+01
    3.7660000E+00    2.9038577E+01    2.0910632E+01
    3.7700000E+00    2.9041102E+01    2.0910632E+01
    3.7740000E+00    2.9043591E+01    2.0910632E+01
    3.7780000E+00    2.9046046E+01    2.0910632E+01
    3.7820000E+00    2.9048464E+01    2.0910632E+01
    3.7860000E+00    2.9050845E+01    2.0910632E+01
    3.7900000E+00    2.9053188E+01    2.0910632E+01
    3.7940000E+00    2.9055492E+01    2.0910632E+01
    3.7980000E+00    2.9057758E+01    2.0910632E+01
    3.8020000E+00    2.9059984E+01    2.0910632E+01
    3.8060000E+00    2.9062169E+01    2.0910632E+01
    3.8100000E+00    2.9064313E+01    2.0910632E+01
    3.8140000E+00    2.9066416E+01    2.0910632E+01
    3.8180000E+00    2.9068476E+01    2.0910632E+01
    3.8220000E+00    2.9070495E+01    2.0910632E+01
    3.8260000E+00    2.9072470E+01    2.0910632E+01
    3.8300000E+00    2.9074402E+01    2.0910632E+01
    3.8340000E+00    2.9076290E+01    2.0910632E+01
    3.8380000E+00    2.9078134E+01    2.0910632E+01
    3.8420000E+00    2.9079933E+01    2.0910632E+01
    3.8460000E+00    2.9081688E+01    2.0910632E+01
    3.8500000E+00    2.9083398E+01    2.0910632E+01
    3.8540000E+00    2.9085063E+01    2.0910632E+01
    3.8580000E+00    2.9086683E+01    2.0910632E+01
    3.8620000E+00    2.9088258E+01    2.0910632E+01
    3.8660000E+00    2.9089786E+01    2.0910632E+01
    3.8700000E+00    2.9091269E+01    2.0910632E+01
    3.8740000E+00    2.9092707E+01    2.0910632E+01
    3.8780000E+00    2.9094098E+01    2.0910632E+01
    3.8820000E+00    2.9095444E+01    2.0910632E+01
    3.8860000E+00    2.9096744E+01    2.0910632E+01
    3.8900000E+00    2.9097998E+01    2.0910632E+01
    3.8940000E+00    2.9099206E+01    2.0910632E+01
    3.8980000E+00    2.9100368E+01    2.0910632E+01
    3.9020000E+00    2.9101485E+01    2.0910632E+01
    3.9060000E+00    2.9102556E+01    2.0910632E+01
    3.9100000E+00    2.9103581E+01    2.0910632E+01
    3.9140000E+00    2.9104561E+01    2.0910632E+01
    3.9180000E+00    2.9105495E+01    2.0910632E+01
    3.9220000E+00    2.9106384E+01    2.0910632E+01
    3.9260000E+00    2.9107227E+01    2.0910632E+01
    3.9300000E+00    2.9108025E+01    2.0910632E+01
    3.9340000E+00    2.9108779E+01    2.0910632E+01
    3.9380000E+00    2.9109487E+01    2.0910632E+01
    3.9420000E+00    2.9110150E+01    2.0910632E+01
    3.9460000E+00    2.9110769E+01    2.0910632E+01
    3.9500000E+00    2.9111343E+01    2.0910632E+01
    3.9540000E+00    2.9111872E+01    2.0910632E+01
    3.9580000E+00    2.9112357E+01    2.0910632E+01
    3.9620000E+00    2.9112797E+01    2.0910632E+01
    3.9660000E+00    2.9113193E+01    2.0910632E+01
    3.9700000E+00    2.9113545E+01    2.0910632E+01
    3.9740000E+00    2.9113853E+01    2.0910632E+01
    3.9780000E+00    2.9114117E+01    2.0910632E+01
    3.9820000E+00    2.9114336E+01    2.0910632E+01
    3.9860000E+00    2.9114512E+01    2.0910632E+01
    3.9900000E+00    2.9114644E+01    2.0910632E+01
    3.9940000E+00    2.9114732E+01    2.0910632E+01
    3.9980000E+00    2.9114775E+01    2.0910632E+01
