# Time          2.5000E+02
# Units: Permil
    Distance        SO4--            SO164--         
    2.0000000E-03    2.1050284E+01    8.7518001E+00
    6.0000000E-03    2.1150726E+01    8.8975878E+00
    1.0000000E-02    2.1251178E+01    9.0418258E+00
    1.4000000E-02    2.1351640E+01    9.1845283E+00
    1.8000000E-02    2.1452112E+01    9.3257089E+00
    2.2000000E-02    2.1552595E+01    9.4653815E+00
    2.6000000E-02    2.1653089E+01    9.6035596E+00
    3.0000000E-02    2.1753592E+01    9.7402569E+00
    3.4000000E-02    2.1854106E+01    9.8754868E+00
    3.8000000E-02    2.1954631E+01    1.0009263E+01
    4.2000000E-02    2.2055166E+01    1.0141598E+01
    4.6000000E-02    2.2155711E+01    1.0272505E+01
    5.0000000E-02    2.2256267E+01    1.0401998E+01
    5.4000000E-02    2.2356834E+01    1.0530089E+01
    5.8000000E-02    2.2457411E+01    1.0656791E+01
    6.2000000E-02    2.2557998E+01    1.0782118E+01
    6.6000000E-02    2.2658597E+01    1.0906081E+01
    7.0000000E-02    2.2759205E+01    1.1028693E+01
    7.4000000E-02    2.2859825E+01    1.1149968E+01
    7.8000000E-02    2.2960455E+01    1.1269917E+01
    8.2000000E-02    2.3061096E+01    1.1388552E+01
    8.6000000E-02    2.3161747E+01    1.1505886E+01
    9.0000000E-02    2.3262409E+01    1.1621931E+01
    9.4000000E-02    2.3363082E+01    1.1736699E+01
    9.8000000E-02    2.3463765E+01    1.1850203E+01
    1.0200000E-01    2.3564460E+01    1.1962453E+01
    1.0600000E-01    2.3665165E+01    1.2073461E+01
    1.1000000E-01    2.3765881E+01    1.2183240E+01
    1.1400000E-01    2.3866608E+01    1.2291802E+01
    1.1800000E-01    2.3967345E+01    1.2399156E+01
    1.2200000E-01    2.4068094E+01    1.2505316E+01
    1.2600000E-01    2.4168853E+01    1.2610291E+01
    1.3000000E-01    2.4269623E+01    1.2714095E+01
    1.3400000E-01    2.4370405E+01    1.2816737E+01
    1.3800000E-01    2.4471197E+01    1.2918229E+01
    1.4200000E-01    2.4572000E+01    1.3018581E+01
    1.4600000E-01    2.4672815E+01    1.3117806E+01
    1.5000000E-01    2.4773640E+01    1.3215913E+01
    1.5400000E-01    2.4874476E+01    1.3312913E+01
    1.5800000E-01    2.4975324E+01    1.3408818E+01
    1.6200000E-01    2.5076182E+01    1.3503637E+01
    1.6600000E-01    2.5177052E+01    1.3597381E+01
    1.7000000E-01    2.5277933E+01    1.3690061E+01
    1.7400000E-01    2.5378825E+01    1.3781687E+01
    1.7800000E-01    2.5479728E+01    1.3872269E+01
    1.8200000E-01    2.5580643E+01    1.3961817E+01
    1.8600000E-01    2.5681568E+01    1.4050342E+01
    1.9000000E-01    2.5782505E+01    1.4137853E+01
    1.9400000E-01    2.5883454E+01    1.4224361E+01
    1.9800000E-01    2.5984414E+01    1.4309875E+01
    2.0200000E-01    2.6085385E+01    1.4394405E+01
    2.0600000E-01    2.6186367E+01    1.4477961E+01
    2.1000000E-01    2.6287361E+01    1.4560553E+01
    2.1400000E-01    2.6388366E+01    1.4642190E+01
    2.1800000E-01    2.6489383E+01    1.4722881E+01
    2.2200000E-01    2.6590411E+01    1.4802636E+01
    2.2600000E-01    2.6691451E+01    1.4881464E+01
    2.3000000E-01    2.6792502E+01    1.4959375E+01
    2.3400000E-01    2.6893565E+01    1.5036378E+01
    2.3800000E-01    2.6994639E+01    1.5112481E+01
    2.4200000E-01    2.7095725E+01    1.5187695E+01
    2.4600000E-01    2.7196823E+01    1.5262027E+01
    2.5000000E-01    2.7297932E+01    1.5335487E+01
    2.5400000E-01    2.7399053E+01    1.5408083E+01
    2.5800000E-01    2.7500186E+01    1.5479825E+01
    2.6200000E-01    2.7601330E+01    1.5550720E+01
    2.6600000E-01    2.7702487E+01    1.5620778E+01
    2.7000000E-01    2.7803655E+01    1.5690008E+01
    2.7400000E-01    2.7904835E+01    1.5758416E+01
    2.7800000E-01    2.8006027E+01    1.5826013E+01
    2.8200000E-01    2.8107230E+01    1.5892806E+01
    2.8600000E-01    2.8208446E+01    1.5958803E+01
    2.9000000E-01    2.8309673E+01    1.6024014E+01
    2.9400000E-01    2.8410913E+01    1.6088444E+01
    2.9800000E-01    2.8512164E+01    1.6152104E+01
    3.0200000E-01    2.8613428E+01    1.6215001E+01
    3.0600000E-01    2.8714704E+01    1.6277142E+01
    3.1000000E-01    2.8815991E+01    1.6338536E+01
    3.1400000E-01    2.8917291E+01    1.6399190E+01
    3.1800000E-01    2.9018603E+01    1.6459112E+01
    3.2200000E-01    2.9119927E+01    1.6518310E+01
    3.2600000E-01    2.9221264E+01    1.6576791E+01
    3.3000000E-01    2.9322612E+01    1.6634563E+01
    3.3400000E-01    2.9423973E+01    1.6691633E+01
    3.3800000E-01    2.9525346E+01    1.6748009E+01
    3.4200000E-01    2.9626732E+01    1.6803698E+01
    3.4600000E-01    2.9728130E+01    1.6858707E+01
    3.5000000E-01    2.9829540E+01    1.6913043E+01
    3.5400000E-01    2.9930963E+01    1.6966714E+01
    3.5800000E-01    3.0032398E+01    1.7019726E+01
    3.6200000E-01    3.0133845E+01    1.7072087E+01
    3.6600000E-01    3.0235306E+01    1.7123804E+01
    3.7000000E-01    3.0336778E+01    1.7174883E+01
    3.7400000E-01    3.0438263E+01    1.7225331E+01
    3.7800000E-01    3.0539761E+01    1.7275156E+01
    3.8200000E-01    3.0641272E+01    1.7324363E+01
    3.8600000E-01    3.0742795E+01    1.7372960E+01
    3.9000000E-01    3.0844331E+01    1.7420952E+01
    3.9400000E-01    3.0945879E+01    1.7468347E+01
    3.9800000E-01    3.1047441E+01    1.7515152E+01
    4.0200000E-01    3.1149015E+01    1.7561371E+01
    4.0600000E-01    3.1250602E+01    1.7607012E+01
    4.1000000E-01    3.1352202E+01    1.7652082E+01
    4.1400000E-01    3.1453815E+01    1.7696585E+01
    4.1800000E-01    3.1555440E+01    1.7740530E+01
    4.2200000E-01    3.1657079E+01    1.7783920E+01
    4.2600000E-01    3.1758731E+01    1.7826764E+01
    4.3000000E-01    3.1860395E+01    1.7869066E+01
    4.3400000E-01    3.1962073E+01    1.7910833E+01
    4.3800000E-01    3.2063764E+01    1.7952070E+01
    4.4200000E-01    3.2165468E+01    1.7992784E+01
    4.4600000E-01    3.2267185E+01    1.8032980E+01
    4.5000000E-01    3.2368915E+01    1.8072665E+01
    4.5400000E-01    3.2470659E+01    1.8111843E+01
    4.5800000E-01    3.2572416E+01    1.8150520E+01
    4.6200000E-01    3.2674186E+01    1.8188702E+01
    4.6600000E-01    3.2775969E+01    1.8226395E+01
    4.7000000E-01    3.2877766E+01    1.8263603E+01
    4.7400000E-01    3.2979577E+01    1.8300333E+01
    4.7800000E-01    3.3081400E+01    1.8336590E+01
    4.8200000E-01    3.3183237E+01    1.8372379E+01
    4.8600000E-01    3.3285088E+01    1.8407705E+01
    4.9000000E-01    3.3386952E+01    1.8442574E+01
    4.9400000E-01    3.3488830E+01    1.8476991E+01
    4.9800000E-01    3.3590722E+01    1.8510961E+01
    5.0200000E-01    3.3692627E+01    1.8544489E+01
    5.0600000E-01    3.3794546E+01    1.8577580E+01
    5.1000000E-01    3.3896478E+01    1.8610239E+01
    5.1400000E-01    3.3998425E+01    1.8642471E+01
    5.1800000E-01    3.4100385E+01    1.8674281E+01
    5.2200000E-01    3.4202359E+01    1.8705673E+01
    5.2600000E-01    3.4304347E+01    1.8736654E+01
    5.3000000E-01    3.4406348E+01    1.8767226E+01
    5.3400000E-01    3.4508364E+01    1.8797396E+01
    5.3800000E-01    3.4610394E+01    1.8827168E+01
    5.4200000E-01    3.4712437E+01    1.8856545E+01
    5.4600000E-01    3.4814495E+01    1.8885534E+01
    5.5000000E-01    3.4916567E+01    1.8914138E+01
    5.5400000E-01    3.5018653E+01    1.8942362E+01
    5.5800000E-01    3.5120753E+01    1.8970211E+01
    5.6200000E-01    3.5222868E+01    1.8997688E+01
    5.6600000E-01    3.5324996E+01    1.9024798E+01
    5.7000000E-01    3.5427139E+01    1.9051546E+01
    5.7400000E-01    3.5529297E+01    1.9077935E+01
    5.7800000E-01    3.5631468E+01    1.9103971E+01
    5.8200000E-01    3.5733654E+01    1.9129656E+01
    5.8600000E-01    3.5835855E+01    1.9154996E+01
    5.9000000E-01    3.5938070E+01    1.9179994E+01
    5.9400000E-01    3.6040299E+01    1.9204655E+01
    5.9800000E-01    3.6142543E+01    1.9228982E+01
    6.0200000E-01    3.6244802E+01    1.9252979E+01
    6.0600000E-01    3.6347075E+01    1.9276651E+01
    6.1000000E-01    3.6449363E+01    1.9300001E+01
    6.1400000E-01    3.6551666E+01    1.9323034E+01
    6.1800000E-01    3.6653984E+01    1.9345752E+01
    6.2200000E-01    3.6756316E+01    1.9368160E+01
    6.2600000E-01    3.6858663E+01    1.9390261E+01
    6.3000000E-01    3.6961025E+01    1.9412060E+01
    6.3400000E-01    3.7063402E+01    1.9433559E+01
    6.3800000E-01    3.7165794E+01    1.9454763E+01
    6.4200000E-01    3.7268201E+01    1.9475675E+01
    6.4600000E-01    3.7370623E+01    1.9496299E+01
    6.5000000E-01    3.7473060E+01    1.9516637E+01
    6.5400000E-01    3.7575512E+01    1.9536695E+01
    6.5800000E-01    3.7677979E+01    1.9556474E+01
    6.6200000E-01    3.7780462E+01    1.9575979E+01
    6.6600000E-01    3.7882960E+01    1.9595213E+01
    6.7000000E-01    3.7985473E+01    1.9614179E+01
    6.7400000E-01    3.8088001E+01    1.9632881E+01
    6.7800000E-01    3.8190545E+01    1.9651321E+01
    6.8200000E-01    3.8293104E+01    1.9669503E+01
    6.8600000E-01    3.8395679E+01    1.9687431E+01
    6.9000000E-01    3.8498269E+01    1.9705107E+01
    6.9400000E-01    3.8600875E+01    1.9722534E+01
    6.9800000E-01    3.8703496E+01    1.9739716E+01
    7.0200000E-01    3.8806133E+01    1.9756656E+01
    7.0600000E-01    3.8908786E+01    1.9773357E+01
    7.1000000E-01    3.9011454E+01    1.9789821E+01
    7.1400000E-01    3.9114138E+01    1.9806052E+01
    7.1800000E-01    3.9216838E+01    1.9822052E+01
    7.2200000E-01    3.9319554E+01    1.9837826E+01
    7.2600000E-01    3.9422285E+01    1.9853374E+01
    7.3000000E-01    3.9525033E+01    1.9868701E+01
    7.3400000E-01    3.9627796E+01    1.9883809E+01
    7.3800000E-01    3.9730576E+01    1.9898701E+01
    7.4200000E-01    3.9833371E+01    1.9913379E+01
    7.4600000E-01    3.9936183E+01    1.9927847E+01
    7.5000000E-01    4.0039011E+01    1.9942106E+01
    7.5400000E-01    4.0141855E+01    1.9956161E+01
    7.5800000E-01    4.0244715E+01    1.9970013E+01
    7.6200000E-01    4.0347592E+01    1.9983664E+01
    7.6600000E-01    4.0450484E+01    1.9997119E+01
    7.7000000E-01    4.0553394E+01    2.0010378E+01
    7.7400000E-01    4.0656319E+01    2.0023445E+01
    7.7800000E-01    4.0759261E+01    2.0036322E+01
    7.8200000E-01    4.0862220E+01    2.0049011E+01
    7.8600000E-01    4.0965195E+01    2.0061516E+01
    7.9000000E-01    4.1068187E+01    2.0073837E+01
    7.9400000E-01    4.1171195E+01    2.0085979E+01
    7.9800000E-01    4.1274220E+01    2.0097943E+01
    8.0200000E-01    4.1377262E+01    2.0109731E+01
    8.0600000E-01    4.1480320E+01    2.0121346E+01
    8.1000000E-01    4.1583395E+01    2.0132790E+01
    8.1400000E-01    4.1686487E+01    2.0144065E+01
    8.1800000E-01    4.1789596E+01    2.0155174E+01
    8.2200000E-01    4.1892722E+01    2.0166118E+01
    8.2600000E-01    4.1995865E+01    2.0176901E+01
    8.3000000E-01    4.2099025E+01    2.0187523E+01
    8.3400000E-01    4.2202202E+01    2.0197987E+01
    8.3800000E-01    4.2305396E+01    2.0208296E+01
    8.4200000E-01    4.2408608E+01    2.0218451E+01
    8.4600000E-01    4.2511836E+01    2.0228455E+01
    8.5000000E-01    4.2615082E+01    2.0238309E+01
    8.5400000E-01    4.2718345E+01    2.0248015E+01
    8.5800000E-01    4.2821626E+01    2.0257576E+01
    8.6200000E-01    4.2924924E+01    2.0266993E+01
    8.6600000E-01    4.3028239E+01    2.0276269E+01
    8.7000000E-01    4.3131572E+01    2.0285404E+01
    8.7400000E-01    4.3234922E+01    2.0294402E+01
    8.7800000E-01    4.3338290E+01    2.0303264E+01
    8.8200000E-01    4.3441676E+01    2.0311992E+01
    8.8600000E-01    4.3545079E+01    2.0320587E+01
    8.9000000E-01    4.3648500E+01    2.0329052E+01
    8.9400000E-01    4.3751938E+01    2.0337388E+01
    8.9800000E-01    4.3855395E+01    2.0345596E+01
    9.0200000E-01    4.3958869E+01    2.0353680E+01
    9.0600000E-01    4.4062361E+01    2.0361640E+01
    9.1000000E-01    4.4165872E+01    2.0369479E+01
    9.1400000E-01    4.4269400E+01    2.0377197E+01
    9.1800000E-01    4.4372946E+01    2.0384797E+01
    9.2200000E-01    4.4476510E+01    2.0392280E+01
    9.2600000E-01    4.4580093E+01    2.0399647E+01
    9.3000000E-01    4.4683693E+01    2.0406901E+01
    9.3400000E-01    4.4787312E+01    2.0414043E+01
    9.3800000E-01    4.4890949E+01    2.0421075E+01
    9.4200000E-01    4.4994605E+01    2.0427997E+01
    9.4600000E-01    4.5098278E+01    2.0434812E+01
    9.5000000E-01    4.5201971E+01    2.0441521E+01
    9.5400000E-01    4.5305681E+01    2.0448126E+01
    9.5800000E-01    4.5409410E+01    2.0454628E+01
    9.6200000E-01    4.5513158E+01    2.0461028E+01
    9.6600000E-01    4.5616924E+01    2.0467328E+01
    9.7000000E-01    4.5720709E+01    2.0473529E+01
    9.7400000E-01    4.5824513E+01    2.0479634E+01
    9.7800000E-01    4.5928335E+01    2.0485642E+01
    9.8200000E-01    4.6032176E+01    2.0491556E+01
    9.8600000E-01    4.6136036E+01    2.0497376E+01
    9.9000000E-01    4.6239915E+01    2.0503105E+01
    9.9400000E-01    4.6343813E+01    2.0508743E+01
    9.9800000E-01    4.6447729E+01    2.0514292E+01
    1.0020000E+00    4.6551665E+01    2.0519753E+01
    1.0060000E+00    4.6655620E+01    2.0525127E+01
    1.0100000E+00    4.6759594E+01    2.0530416E+01
    1.0140000E+00    4.6863587E+01    2.0535621E+01
    1.0180000E+00    4.6967599E+01    2.0540743E+01
    1.0220000E+00    4.7071630E+01    2.0545782E+01
    1.0260000E+00    4.7175681E+01    2.0550742E+01
    1.0300000E+00    4.7279751E+01    2.0555621E+01
    1.0340000E+00    4.7383840E+01    2.0560423E+01
    1.0380000E+00    4.7487949E+01    2.0565147E+01
    1.0420000E+00    4.7592077E+01    2.0569795E+01
    1.0460000E+00    4.7696225E+01    2.0574369E+01
    1.0500000E+00    4.7800392E+01    2.0578868E+01
    1.0540000E+00    4.7904579E+01    2.0583295E+01
    1.0580000E+00    4.8008786E+01    2.0587650E+01
    1.0620000E+00    4.8113012E+01    2.0591935E+01
    1.0660000E+00    4.8217258E+01    2.0596150E+01
    1.0700000E+00    4.8321523E+01    2.0600297E+01
    1.0740000E+00    4.8425809E+01    2.0604376E+01
    1.0780000E+00    4.8530114E+01    2.0608388E+01
    1.0820000E+00    4.8634440E+01    2.0612335E+01
    1.0860000E+00    4.8738785E+01    2.0616218E+01
    1.0900000E+00    4.8843150E+01    2.0620036E+01
    1.0940000E+00    4.8947536E+01    2.0623793E+01
    1.0980000E+00    4.9051941E+01    2.0627487E+01
    1.1020000E+00    4.9156367E+01    2.0631121E+01
    1.1060000E+00    4.9260812E+01    2.0634695E+01
    1.1100000E+00    4.9365278E+01    2.0638210E+01
    1.1140000E+00    4.9469764E+01    2.0641667E+01
    1.1180000E+00    4.9574271E+01    2.0645066E+01
    1.1220000E+00    4.9678798E+01    2.0648410E+01
    1.1260000E+00    4.9783345E+01    2.0651698E+01
    1.1300000E+00    4.9887913E+01    2.0654931E+01
    1.1340000E+00    4.9992501E+01    2.0658110E+01
    1.1380000E+00    5.0097109E+01    2.0661237E+01
    1.1420000E+00    5.0201739E+01    2.0664311E+01
    1.1460000E+00    5.0306388E+01    2.0667334E+01
    1.1500000E+00    5.0411059E+01    2.0670307E+01
    1.1540000E+00    5.0515750E+01    2.0673229E+01
    1.1580000E+00    5.0620462E+01    2.0676103E+01
    1.1620000E+00    5.0725195E+01    2.0678928E+01
    1.1660000E+00    5.0829948E+01    2.0681706E+01
    1.1700000E+00    5.0934722E+01    2.0684437E+01
    1.1740000E+00    5.1039518E+01    2.0687122E+01
    1.1780000E+00    5.1144334E+01    2.0689761E+01
    1.1820000E+00    5.1249171E+01    2.0692356E+01
    1.1860000E+00    5.1354029E+01    2.0694907E+01
    1.1900000E+00    5.1458908E+01    2.0697415E+01
    1.1940000E+00    5.1563809E+01    2.0699880E+01
    1.1980000E+00    5.1668730E+01    2.0702303E+01
    1.2020000E+00    5.1773673E+01    2.0704685E+01
    1.2060000E+00    5.1878637E+01    2.0707026E+01
    1.2100000E+00    5.1983622E+01    2.0709327E+01
    1.2140000E+00    5.2088628E+01    2.0711589E+01
    1.2180000E+00    5.2193656E+01    2.0713812E+01
    1.2220000E+00    5.2298705E+01    2.0715997E+01
    1.2260000E+00    5.2403775E+01    2.0718144E+01
    1.2300000E+00    5.2508867E+01    2.0720255E+01
    1.2340000E+00    5.2613981E+01    2.0722329E+01
    1.2380000E+00    5.2719116E+01    2.0724368E+01
    1.2420000E+00    5.2824272E+01    2.0726371E+01
    1.2460000E+00    5.2929450E+01    2.0728340E+01
    1.2500000E+00    5.3034650E+01    2.0730274E+01
    1.2540000E+00    5.3139871E+01    2.0732176E+01
    1.2580000E+00    5.3245114E+01    2.0734044E+01
    1.2620000E+00    5.3350379E+01    2.0735879E+01
    1.2660000E+00    5.3455666E+01    2.0737683E+01
    1.2700000E+00    5.3560974E+01    2.0739456E+01
    1.2740000E+00    5.3666304E+01    2.0741197E+01
    1.2780000E+00    5.3771656E+01    2.0742908E+01
    1.2820000E+00    5.3877030E+01    2.0744589E+01
    1.2860000E+00    5.3982426E+01    2.0746241E+01
    1.2900000E+00    5.4087844E+01    2.0747864E+01
    1.2940000E+00    5.4193284E+01    2.0749458E+01
    1.2980000E+00    5.4298746E+01    2.0751025E+01
    1.3020000E+00    5.4404230E+01    2.0752563E+01
    1.3060000E+00    5.4509736E+01    2.0754075E+01
    1.3100000E+00    5.4615264E+01    2.0755560E+01
    1.3140000E+00    5.4720815E+01    2.0757019E+01
    1.3180000E+00    5.4826387E+01    2.0758452E+01
    1.3220000E+00    5.4931982E+01    2.0759860E+01
    1.3260000E+00    5.5037599E+01    2.0761243E+01
    1.3300000E+00    5.5143239E+01    2.0762601E+01
    1.3340000E+00    5.5248900E+01    2.0763935E+01
    1.3380000E+00    5.5354584E+01    2.0765246E+01
    1.3420000E+00    5.5460290E+01    2.0766533E+01
    1.3460000E+00    5.5566019E+01    2.0767797E+01
    1.3500000E+00    5.5671770E+01    2.0769039E+01
    1.3540000E+00    5.5777544E+01    2.0770259E+01
    1.3580000E+00    5.5883340E+01    2.0771457E+01
    1.3620000E+00    5.5989159E+01    2.0772633E+01
    1.3660000E+00    5.6095000E+01    2.0773789E+01
    1.3700000E+00    5.6200863E+01    2.0774923E+01
    1.3740000E+00    5.6306749E+01    2.0776038E+01
    1.3780000E+00    5.6412658E+01    2.0777132E+01
    1.3820000E+00    5.6518590E+01    2.0778207E+01
    1.3860000E+00    5.6624544E+01    2.0779262E+01
    1.3900000E+00    5.6730520E+01    2.0780298E+01
    1.3940000E+00    5.6836520E+01    2.0781316E+01
    1.3980000E+00    5.6942542E+01    2.0782315E+01
    1.4020000E+00    5.7048586E+01    2.0783297E+01
    1.4060000E+00    5.7154654E+01    2.0784260E+01
    1.4100000E+00    5.7260744E+01    2.0785206E+01
    1.4140000E+00    5.7366857E+01    2.0786135E+01
    1.4180000E+00    5.7472993E+01    2.0787047E+01
    1.4220000E+00    5.7579152E+01    2.0787943E+01
    1.4260000E+00    5.7685333E+01    2.0788822E+01
    1.4300000E+00    5.7791537E+01    2.0789686E+01
    1.4340000E+00    5.7897765E+01    2.0790533E+01
    1.4380000E+00    5.8004015E+01    2.0791366E+01
    1.4420000E+00    5.8110288E+01    2.0792183E+01
    1.4460000E+00    5.8216583E+01    2.0792985E+01
    1.4500000E+00    5.8322902E+01    2.0793773E+01
    1.4540000E+00    5.8429244E+01    2.0794546E+01
    1.4580000E+00    5.8535608E+01    2.0795305E+01
    1.4620000E+00    5.8641996E+01    2.0796050E+01
    1.4660000E+00    5.8748406E+01    2.0796782E+01
    1.4700000E+00    5.8854840E+01    2.0797500E+01
    1.4740000E+00    5.8961296E+01    2.0798205E+01
    1.4780000E+00    5.9067775E+01    2.0798897E+01
    1.4820000E+00    5.9174278E+01    2.0799577E+01
    1.4860000E+00    5.9280803E+01    2.0800244E+01
    1.4900000E+00    5.9387351E+01    2.0800899E+01
    1.4940000E+00    5.9493923E+01    2.0801541E+01
    1.4980000E+00    5.9600517E+01    2.0802172E+01
    1.5020000E+00    5.9707134E+01    2.0802792E+01
    1.5060000E+00    5.9813775E+01    2.0803400E+01
    1.5100000E+00    5.9920438E+01    2.0803996E+01
    1.5140000E+00    6.0027124E+01    2.0804582E+01
    1.5180000E+00    6.0133834E+01    2.0805157E+01
    1.5220000E+00    6.0240566E+01    2.0805722E+01
    1.5260000E+00    6.0347322E+01    2.0806276E+01
    1.5300000E+00    6.0454100E+01    2.0806820E+01
    1.5340000E+00    6.0560901E+01    2.0807353E+01
    1.5380000E+00    6.0667726E+01    2.0807877E+01
    1.5420000E+00    6.0774573E+01    2.0808392E+01
    1.5460000E+00    6.0881444E+01    2.0808896E+01
    1.5500000E+00    6.0988337E+01    2.0809392E+01
    1.5540000E+00    6.1095253E+01    2.0809878E+01
    1.5580000E+00    6.1202192E+01    2.0810356E+01
    1.5620000E+00    6.1309155E+01    2.0810824E+01
    1.5660000E+00    6.1416140E+01    2.0811284E+01
    1.5700000E+00    6.1523148E+01    2.0811736E+01
    1.5740000E+00    6.1630179E+01    2.0812179E+01
    1.5780000E+00    6.1737233E+01    2.0812614E+01
    1.5820000E+00    6.1844310E+01    2.0813040E+01
    1.5860000E+00    6.1951409E+01    2.0813459E+01
    1.5900000E+00    6.2058532E+01    2.0813871E+01
    1.5940000E+00    6.2165677E+01    2.0814274E+01
    1.5980000E+00    6.2272845E+01    2.0814671E+01
    1.6020000E+00    6.2380036E+01    2.0815060E+01
    1.6060000E+00    6.2487250E+01    2.0815441E+01
    1.6100000E+00    6.2594487E+01    2.0815816E+01
    1.6140000E+00    6.2701746E+01    2.0816184E+01
    1.6180000E+00    6.2809028E+01    2.0816545E+01
    1.6220000E+00    6.2916332E+01    2.0816899E+01
    1.6260000E+00    6.3023659E+01    2.0817247E+01
    1.6300000E+00    6.3131009E+01    2.0817589E+01
    1.6340000E+00    6.3238382E+01    2.0817924E+01
    1.6380000E+00    6.3345777E+01    2.0818253E+01
    1.6420000E+00    6.3453194E+01    2.0818576E+01
    1.6460000E+00    6.3560634E+01    2.0818893E+01
    1.6500000E+00    6.3668097E+01    2.0819205E+01
    1.6540000E+00    6.3775582E+01    2.0819510E+01
    1.6580000E+00    6.3883089E+01    2.0819810E+01
    1.6620000E+00    6.3990619E+01    2.0820105E+01
    1.6660000E+00    6.4098171E+01    2.0820394E+01
    1.6700000E+00    6.4205745E+01    2.0820678E+01
    1.6740000E+00    6.4313342E+01    2.0820956E+01
    1.6780000E+00    6.4420960E+01    2.0821230E+01
    1.6820000E+00    6.4528601E+01    2.0821499E+01
    1.6860000E+00    6.4636264E+01    2.0821762E+01
    1.6900000E+00    6.4743949E+01    2.0822021E+01
    1.6940000E+00    6.4851656E+01    2.0822276E+01
    1.6980000E+00    6.4959385E+01    2.0822525E+01
    1.7020000E+00    6.5067136E+01    2.0822771E+01
    1.7060000E+00    6.5174909E+01    2.0823011E+01
    1.7100000E+00    6.5282703E+01    2.0823248E+01
    1.7140000E+00    6.5390520E+01    2.0823480E+01
    1.7180000E+00    6.5498358E+01    2.0823708E+01
    1.7220000E+00    6.5606217E+01    2.0823932E+01
    1.7260000E+00    6.5714098E+01    2.0824152E+01
    1.7300000E+00    6.5822001E+01    2.0824368E+01
    1.7340000E+00    6.5929925E+01    2.0824580E+01
    1.7380000E+00    6.6037871E+01    2.0824788E+01
    1.7420000E+00    6.6145837E+01    2.0824993E+01
    1.7460000E+00    6.6253826E+01    2.0825194E+01
    1.7500000E+00    6.6361835E+01    2.0825391E+01
    1.7540000E+00    6.6469865E+01    2.0825586E+01
    1.7580000E+00    6.6577917E+01    2.0825776E+01
    1.7620000E+00    6.6685989E+01    2.0825963E+01
    1.7660000E+00    6.6794082E+01    2.0826147E+01
    1.7700000E+00    6.6902196E+01    2.0826328E+01
    1.7740000E+00    6.7010331E+01    2.0826506E+01
    1.7780000E+00    6.7118486E+01    2.0826680E+01
    1.7820000E+00    6.7226663E+01    2.0826852E+01
    1.7860000E+00    6.7334859E+01    2.0827020E+01
    1.7900000E+00    6.7443076E+01    2.0827186E+01
    1.7940000E+00    6.7551313E+01    2.0827349E+01
    1.7980000E+00    6.7659571E+01    2.0827509E+01
    1.8020000E+00    6.7767848E+01    2.0827666E+01
    1.8060000E+00    6.7876146E+01    2.0827821E+01
    1.8100000E+00    6.7984463E+01    2.0827973E+01
    1.8140000E+00    6.8092801E+01    2.0828122E+01
    1.8180000E+00    6.8201158E+01    2.0828269E+01
    1.8220000E+00    6.8309535E+01    2.0828414E+01
    1.8260000E+00    6.8417931E+01    2.0828556E+01
    1.8300000E+00    6.8526347E+01    2.0828696E+01
    1.8340000E+00    6.8634782E+01    2.0828833E+01
    1.8380000E+00    6.8743236E+01    2.0828968E+01
    1.8420000E+00    6.8851710E+01    2.0829101E+01
    1.8460000E+00    6.8960202E+01    2.0829232E+01
    1.8500000E+00    6.9068714E+01    2.0829361E+01
    1.8540000E+00    6.9177244E+01    2.0829487E+01
    1.8580000E+00    6.9285793E+01    2.0829612E+01
    1.8620000E+00    6.9394360E+01    2.0829734E+01
    1.8660000E+00    6.9502946E+01    2.0829855E+01
    1.8700000E+00    6.9611550E+01    2.0829973E+01
    1.8740000E+00    6.9720173E+01    2.0830090E+01
    1.8780000E+00    6.9828813E+01    2.0830205E+01
    1.8820000E+00    6.9937471E+01    2.0830318E+01
    1.8860000E+00    7.0046147E+01    2.0830430E+01
    1.8900000E+00    7.0154841E+01    2.0830539E+01
    1.8940000E+00    7.0263552E+01    2.0830647E+01
    1.8980000E+00    7.0372281E+01    2.0830754E+01
    1.9020000E+00    7.0481026E+01    2.0830859E+01
    1.9060000E+00    7.0589789E+01    2.0830962E+01
    1.9100000E+00    7.0698569E+01    2.0831063E+01
    1.9140000E+00    7.0807366E+01    2.0831163E+01
    1.9180000E+00    7.0916179E+01    2.0831262E+01
    1.9220000E+00    7.1025009E+01    2.0831359E+01
    1.9260000E+00    7.1133855E+01    2.0831455E+01
    1.9300000E+00    7.1242717E+01    2.0831549E+01
    1.9340000E+00    7.1351595E+01    2.0831642E+01
    1.9380000E+00    7.1460489E+01    2.0831734E+01
    1.9420000E+00    7.1569399E+01    2.0831824E+01
    1.9460000E+00    7.1678324E+01    2.0831914E+01
    1.9500000E+00    7.1787265E+01    2.0832001E+01
    1.9540000E+00    7.1896221E+01    2.0832088E+01
    1.9580000E+00    7.2005192E+01    2.0832173E+01
    1.9620000E+00    7.2114177E+01    2.0832258E+01
    1.9660000E+00    7.2223178E+01    2.0832341E+01
    1.9700000E+00    7.2332192E+01    2.0832423E+01
    1.9740000E+00    7.2441222E+01    2.0832504E+01
    1.9780000E+00    7.2550265E+01    2.0832584E+01
    1.9820000E+00    7.2659322E+01    2.0832662E+01
    1.9860000E+00    7.2768392E+01    2.0832740E+01
    1.9900000E+00    7.2877477E+01    2.0832817E+01
    1.9940000E+00    7.2986574E+01    2.0832893E+01
    1.9980000E+00    7.3095685E+01    2.0832968E+01
    2.0020000E+00    7.3204809E+01    2.0833042E+01
    2.0060000E+00    7.3313945E+01    2.0833115E+01
    2.0100000E+00    7.3423094E+01    2.0833187E+01
    2.0140000E+00    7.3532255E+01    2.0833258E+01
    2.0180000E+00    7.3641428E+01    2.0833328E+01
    2.0220000E+00    7.3750613E+01    2.0833398E+01
    2.0260000E+00    7.3859809E+01    2.0833466E+01
    2.0300000E+00    7.3969017E+01    2.0833534E+01
    2.0340000E+00    7.4078236E+01    2.0833601E+01
    2.0380000E+00    7.4187467E+01    2.0833668E+01
    2.0420000E+00    7.4296707E+01    2.0833733E+01
    2.0460000E+00    7.4405959E+01    2.0833798E+01
    2.0500000E+00    7.4515220E+01    2.0833862E+01
    2.0540000E+00    7.4624492E+01    2.0833926E+01
    2.0580000E+00    7.4733773E+01    2.0833989E+01
    2.0620000E+00    7.4843064E+01    2.0834051E+01
    2.0660000E+00    7.4952364E+01    2.0834112E+01
    2.0700000E+00    7.5061673E+01    2.0834173E+01
    2.0740000E+00    7.5170990E+01    2.0834233E+01
    2.0780000E+00    7.5280316E+01    2.0834293E+01
    2.0820000E+00    7.5389651E+01    2.0834352E+01
    2.0860000E+00    7.5498993E+01    2.0834410E+01
    2.0900000E+00    7.5608343E+01    2.0834468E+01
    2.0940000E+00    7.5717701E+01    2.0834525E+01
    2.0980000E+00    7.5827065E+01    2.0834582E+01
    2.1020000E+00    7.5936437E+01    2.0834638E+01
    2.1060000E+00    7.6045815E+01    2.0834694E+01
    2.1100000E+00    7.6155199E+01    2.0834749E+01
    2.1140000E+00    7.6264589E+01    2.0834803E+01
    2.1180000E+00    7.6373985E+01    2.0834857E+01
    2.1220000E+00    7.6483386E+01    2.0834911E+01
    2.1260000E+00    7.6592792E+01    2.0834964E+01
    2.1300000E+00    7.6702204E+01    2.0835017E+01
    2.1340000E+00    7.6811619E+01    2.0835069E+01
    2.1380000E+00    7.6921039E+01    2.0835121E+01
    2.1420000E+00    7.7030462E+01    2.0835172E+01
    2.1460000E+00    7.7139890E+01    2.0835223E+01
    2.1500000E+00    7.7249320E+01    2.0835274E+01
    2.1540000E+00    7.7358753E+01    2.0835324E+01
    2.1580000E+00    7.7468189E+01    2.0835374E+01
    2.1620000E+00    7.7577627E+01    2.0835423E+01
    2.1660000E+00    7.7687067E+01    2.0835472E+01
    2.1700000E+00    7.7796508E+01    2.0835521E+01
    2.1740000E+00    7.7905951E+01    2.0835569E+01
    2.1780000E+00    7.8015394E+01    2.0835617E+01
    2.1820000E+00    7.8124838E+01    2.0835665E+01
    2.1860000E+00    7.8234282E+01    2.0835712E+01
    2.1900000E+00    7.8343726E+01    2.0835759E+01
    2.1940000E+00    7.8453169E+01    2.0835806E+01
    2.1980000E+00    7.8562612E+01    2.0835852E+01
    2.2020000E+00    7.8672053E+01    2.0835898E+01
    2.2060000E+00    7.8781492E+01    2.0835944E+01
    2.2100000E+00    7.8890929E+01    2.0835989E+01
    2.2140000E+00    7.9000364E+01    2.0836034E+01
    2.2180000E+00    7.9109796E+01    2.0836079E+01
    2.2220000E+00    7.9219224E+01    2.0836124E+01
    2.2260000E+00    7.9328649E+01    2.0836168E+01
    2.2300000E+00    7.9438070E+01    2.0836212E+01
    2.2340000E+00    7.9547487E+01    2.0836256E+01
    2.2380000E+00    7.9656899E+01    2.0836299E+01
    2.2420000E+00    7.9766305E+01    2.0836343E+01
    2.2460000E+00    7.9875706E+01    2.0836386E+01
    2.2500000E+00    7.9985100E+01    2.0836429E+01
    2.2540000E+00    8.0094488E+01    2.0836471E+01
    2.2580000E+00    8.0203869E+01    2.0836513E+01
    2.2620000E+00    8.0313243E+01    2.0836556E+01
    2.2660000E+00    8.0422609E+01    2.0836598E+01
    2.2700000E+00    8.0531966E+01    2.0836639E+01
    2.2740000E+00    8.0641315E+01    2.0836681E+01
    2.2780000E+00    8.0750655E+01    2.0836722E+01
    2.2820000E+00    8.0859985E+01    2.0836763E+01
    2.2860000E+00    8.0969305E+01    2.0836804E+01
    2.2900000E+00    8.1078614E+01    2.0836845E+01
    2.2940000E+00    8.1187912E+01    2.0836885E+01
    2.2980000E+00    8.1297199E+01    2.0836926E+01
    2.3020000E+00    8.1406474E+01    2.0836966E+01
    2.3060000E+00    8.1515736E+01    2.0837006E+01
    2.3100000E+00    8.1624986E+01    2.0837046E+01
    2.3140000E+00    8.1734222E+01    2.0837085E+01
    2.3180000E+00    8.1843444E+01    2.0837125E+01
    2.3220000E+00    8.1952651E+01    2.0837164E+01
    2.3260000E+00    8.2061844E+01    2.0837203E+01
    2.3300000E+00    8.2171021E+01    2.0837242E+01
    2.3340000E+00    8.2280182E+01    2.0837281E+01
    2.3380000E+00    8.2389327E+01    2.0837320E+01
    2.3420000E+00    8.2498454E+01    2.0837358E+01
    2.3460000E+00    8.2607564E+01    2.0837397E+01
    2.3500000E+00    8.2716656E+01    2.0837435E+01
    2.3540000E+00    8.2825730E+01    2.0837473E+01
    2.3580000E+00    8.2934784E+01    2.0837511E+01
    2.3620000E+00    8.3043818E+01    2.0837549E+01
    2.3660000E+00    8.3152832E+01    2.0837587E+01
    2.3700000E+00    8.3261825E+01    2.0837624E+01
    2.3740000E+00    8.3370797E+01    2.0837662E+01
    2.3780000E+00    8.3479747E+01    2.0837699E+01
    2.3820000E+00    8.3588674E+01    2.0837736E+01
    2.3860000E+00    8.3697578E+01    2.0837773E+01
    2.3900000E+00    8.3806458E+01    2.0837810E+01
    2.3940000E+00    8.3915314E+01    2.0837847E+01
    2.3980000E+00    8.4024145E+01    2.0837884E+01
    2.4020000E+00    8.4132951E+01    2.0837921E+01
    2.4060000E+00    8.4241730E+01    2.0837957E+01
    2.4100000E+00    8.4350482E+01    2.0837994E+01
    2.4140000E+00    8.4459208E+01    2.0838030E+01
    2.4180000E+00    8.4567905E+01    2.0838066E+01
    2.4220000E+00    8.4676573E+01    2.0838102E+01
    2.4260000E+00    8.4785213E+01    2.0838138E+01
    2.4300000E+00    8.4893822E+01    2.0838174E+01
    2.4340000E+00    8.5002401E+01    2.0838210E+01
    2.4380000E+00    8.5110948E+01    2.0838246E+01
    2.4420000E+00    8.5219464E+01    2.0838281E+01
    2.4460000E+00    8.5327948E+01    2.0838317E+01
    2.4500000E+00    8.5436398E+01    2.0838352E+01
    2.4540000E+00    8.5544814E+01    2.0838387E+01
    2.4580000E+00    8.5653196E+01    2.0838423E+01
    2.4620000E+00    8.5761542E+01    2.0838458E+01
    2.4660000E+00    8.5869853E+01    2.0838493E+01
    2.4700000E+00    8.5978127E+01    2.0838528E+01
    2.4740000E+00    8.6086363E+01    2.0838563E+01
    2.4780000E+00    8.6194562E+01    2.0838597E+01
    2.4820000E+00    8.6302722E+01    2.0838632E+01
    2.4860000E+00    8.6410842E+01    2.0838667E+01
    2.4900000E+00    8.6518923E+01    2.0838701E+01
    2.4940000E+00    8.6626962E+01    2.0838736E+01
    2.4980000E+00    8.6734960E+01    2.0838770E+01
    2.5020000E+00    8.6842915E+01    2.0838804E+01
    2.5060000E+00    8.6950828E+01    2.0838838E+01
    2.5100000E+00    8.7058696E+01    2.0838872E+01
    2.5140000E+00    8.7166520E+01    2.0838906E+01
    2.5180000E+00    8.7274298E+01    2.0838940E+01
    2.5220000E+00    8.7382030E+01    2.0838974E+01
    2.5260000E+00    8.7489716E+01    2.0839008E+01
    2.5300000E+00    8.7597353E+01    2.0839042E+01
    2.5340000E+00    8.7704942E+01    2.0839075E+01
    2.5380000E+00    8.7812482E+01    2.0839109E+01
    2.5420000E+00    8.7919972E+01    2.0839142E+01
    2.5460000E+00    8.8027410E+01    2.0839176E+01
    2.5500000E+00    8.8134797E+01    2.0839209E+01
    2.5540000E+00    8.8242132E+01    2.0839242E+01
    2.5580000E+00    8.8349413E+01    2.0839276E+01
    2.5620000E+00    8.8456640E+01    2.0839309E+01
    2.5660000E+00    8.8563812E+01    2.0839342E+01
    2.5700000E+00    8.8670928E+01    2.0839375E+01
    2.5740000E+00    8.8777987E+01    2.0839408E+01
    2.5780000E+00    8.8884989E+01    2.0839441E+01
    2.5820000E+00    8.8991932E+01    2.0839473E+01
    2.5860000E+00    8.9098816E+01    2.0839506E+01
    2.5900000E+00    8.9205639E+01    2.0839539E+01
    2.5940000E+00    8.9312402E+01    2.0839571E+01
    2.5980000E+00    8.9419103E+01    2.0839604E+01
    2.6020000E+00    8.9525741E+01    2.0839636E+01
    2.6060000E+00    8.9632315E+01    2.0839668E+01
    2.6100000E+00    8.9738824E+01    2.0839701E+01
    2.6140000E+00    8.9845268E+01    2.0839733E+01
    2.6180000E+00    8.9951645E+01    2.0839765E+01
    2.6220000E+00    9.0057955E+01    2.0839797E+01
    2.6260000E+00    9.0164197E+01    2.0839829E+01
    2.6300000E+00    9.0270369E+01    2.0839861E+01
    2.6340000E+00    9.0376472E+01    2.0839893E+01
    2.6380000E+00    9.0482503E+01    2.0839925E+01
    2.6420000E+00    9.0588461E+01    2.0839956E+01
    2.6460000E+00    9.0694347E+01    2.0839988E+01
    2.6500000E+00    9.0800159E+01    2.0840020E+01
    2.6540000E+00    9.0905896E+01    2.0840051E+01
    2.6580000E+00    9.1011556E+01    2.0840083E+01
    2.6620000E+00    9.1117140E+01    2.0840114E+01
    2.6660000E+00    9.1222646E+01    2.0840145E+01
    2.6700000E+00    9.1328072E+01    2.0840177E+01
    2.6740000E+00    9.1433419E+01    2.0840208E+01
    2.6780000E+00    9.1538685E+01    2.0840239E+01
    2.6820000E+00    9.1643868E+01    2.0840270E+01
    2.6860000E+00    9.1748969E+01    2.0840301E+01
    2.6900000E+00    9.1853985E+01    2.0840332E+01
    2.6940000E+00    9.1958916E+01    2.0840363E+01
    2.6980000E+00    9.2063761E+01    2.0840394E+01
    2.7020000E+00    9.2168519E+01    2.0840424E+01
    2.7060000E+00    9.2273189E+01    2.0840455E+01
    2.7100000E+00    9.2377769E+01    2.0840486E+01
    2.7140000E+00    9.2482259E+01    2.0840516E+01
    2.7180000E+00    9.2586657E+01    2.0840547E+01
    2.7220000E+00    9.2690962E+01    2.0840577E+01
    2.7260000E+00    9.2795174E+01    2.0840607E+01
    2.7300000E+00    9.2899291E+01    2.0840638E+01
    2.7340000E+00    9.3003312E+01    2.0840668E+01
    2.7380000E+00    9.3107236E+01    2.0840698E+01
    2.7420000E+00    9.3211062E+01    2.0840728E+01
    2.7460000E+00    9.3314789E+01    2.0840758E+01
    2.7500000E+00    9.3418415E+01    2.0840788E+01
    2.7540000E+00    9.3521940E+01    2.0840818E+01
    2.7580000E+00    9.3625362E+01    2.0840847E+01
    2.7620000E+00    9.3728680E+01    2.0840877E+01
    2.7660000E+00    9.3831893E+01    2.0840907E+01
    2.7700000E+00    9.3935000E+01    2.0840936E+01
    2.7740000E+00    9.4038000E+01    2.0840966E+01
    2.7780000E+00    9.4140891E+01    2.0840995E+01
    2.7820000E+00    9.4243672E+01    2.0841025E+01
    2.7860000E+00    9.4346343E+01    2.0841054E+01
    2.7900000E+00    9.4448901E+01    2.0841083E+01
    2.7940000E+00    9.4551346E+01    2.0841112E+01
    2.7980000E+00    9.4653677E+01    2.0841141E+01
    2.8020000E+00    9.4755892E+01    2.0841170E+01
    2.8060000E+00    9.4857990E+01    2.0841199E+01
    2.8100000E+00    9.4959969E+01    2.0841228E+01
    2.8140000E+00    9.5061830E+01    2.0841257E+01
    2.8180000E+00    9.5163569E+01    2.0841286E+01
    2.8220000E+00    9.5265187E+01    2.0841315E+01
    2.8260000E+00    9.5366682E+01    2.0841343E+01
    2.8300000E+00    9.5468052E+01    2.0841372E+01
    2.8340000E+00    9.5569296E+01    2.0841400E+01
    2.8380000E+00    9.5670413E+01    2.0841429E+01
    2.8420000E+00    9.5771402E+01    2.0841457E+01
    2.8460000E+00    9.5872262E+01    2.0841485E+01
    2.8500000E+00    9.5972991E+01    2.0841513E+01
    2.8540000E+00    9.6073587E+01    2.0841541E+01
    2.8580000E+00    9.6174050E+01    2.0841569E+01
    2.8620000E+00    9.6274378E+01    2.0841597E+01
    2.8660000E+00    9.6374570E+01    2.0841625E+01
    2.8700000E+00    9.6474625E+01    2.0841653E+01
    2.8740000E+00    9.6574541E+01    2.0841681E+01
    2.8780000E+00    9.6674317E+01    2.0841708E+01
    2.8820000E+00    9.6773951E+01    2.0841736E+01
    2.8860000E+00    9.6873443E+01    2.0841764E+01
    2.8900000E+00    9.6972790E+01    2.0841791E+01
    2.8940000E+00    9.7071992E+01    2.0841818E+01
    2.8980000E+00    9.7171047E+01    2.0841846E+01
    2.9020000E+00    9.7269953E+01    2.0841873E+01
    2.9060000E+00    9.7368710E+01    2.0841900E+01
    2.9100000E+00    9.7467316E+01    2.0841927E+01
    2.9140000E+00    9.7565770E+01    2.0841954E+01
    2.9180000E+00    9.7664069E+01    2.0841981E+01
    2.9220000E+00    9.7762213E+01    2.0842008E+01
    2.9260000E+00    9.7860201E+01    2.0842035E+01
    2.9300000E+00    9.7958030E+01    2.0842061E+01
    2.9340000E+00    9.8055700E+01    2.0842088E+01
    2.9380000E+00    9.8153209E+01    2.0842115E+01
    2.9420000E+00    9.8250556E+01    2.0842141E+01
    2.9460000E+00    9.8347739E+01    2.0842167E+01
    2.9500000E+00    9.8444756E+01    2.0842194E+01
    2.9540000E+00    9.8541607E+01    2.0842220E+01
    2.9580000E+00    9.8638289E+01    2.0842246E+01
    2.9620000E+00    9.8734802E+01    2.0842272E+01
    2.9660000E+00    9.8831143E+01    2.0842298E+01
    2.9700000E+00    9.8927312E+01    2.0842324E+01
    2.9740000E+00    9.9023307E+01    2.0842350E+01
    2.9780000E+00    9.9119126E+01    2.0842376E+01
    2.9820000E+00    9.9214769E+01    2.0842401E+01
    2.9860000E+00    9.9310232E+01    2.0842427E+01
    2.9900000E+00    9.9405515E+01    2.0842453E+01
    2.9940000E+00    9.9500617E+01    2.0842478E+01
    2.9980000E+00    9.9595536E+01    2.0842503E+01
    3.0020000E+00    9.9690270E+01    2.0842529E+01
    3.0060000E+00    9.9784817E+01    2.0842554E+01
    3.0100000E+00    9.9879177E+01    2.0842579E+01
    3.0140000E+00    9.9973348E+01    2.0842604E+01
    3.0180000E+00    1.0006733E+02    2.0842629E+01
    3.0220000E+00    1.0016112E+02    2.0842654E+01
    3.0260000E+00    1.0025471E+02    2.0842679E+01
    3.0300000E+00    1.0034811E+02    2.0842703E+01
    3.0340000E+00    1.0044131E+02    2.0842728E+01
    3.0380000E+00    1.0053431E+02    2.0842753E+01
    3.0420000E+00    1.0062711E+02    2.0842777E+01
    3.0460000E+00    1.0071971E+02    2.0842801E+01
    3.0500000E+00    1.0081211E+02    2.0842826E+01
    3.0540000E+00    1.0090430E+02    2.0842850E+01
    3.0580000E+00    1.0099629E+02    2.0842874E+01
    3.0620000E+00    1.0108807E+02    2.0842898E+01
    3.0660000E+00    1.0117963E+02    2.0842922E+01
    3.0700000E+00    1.0127099E+02    2.0842946E+01
    3.0740000E+00    1.0136213E+02    2.0842970E+01
    3.0780000E+00    1.0145306E+02    2.0842994E+01
    3.0820000E+00    1.0154378E+02    2.0843017E+01
    3.0860000E+00    1.0163427E+02    2.0843041E+01
    3.0900000E+00    1.0172455E+02    2.0843064E+01
    3.0940000E+00    1.0181460E+02    2.0843088E+01
    3.0980000E+00    1.0190443E+02    2.0843111E+01
    3.1020000E+00    1.0199404E+02    2.0843134E+01
    3.1060000E+00    1.0208342E+02    2.0843157E+01
    3.1100000E+00    1.0217257E+02    2.0843180E+01
    3.1140000E+00    1.0226150E+02    2.0843203E+01
    3.1180000E+00    1.0235019E+02    2.0843226E+01
    3.1220000E+00    1.0243865E+02    2.0843249E+01
    3.1260000E+00    1.0252688E+02    2.0843272E+01
    3.1300000E+00    1.0261487E+02    2.0843294E+01
    3.1340000E+00    1.0270262E+02    2.0843317E+01
    3.1380000E+00    1.0279014E+02    2.0843339E+01
    3.1420000E+00    1.0287741E+02    2.0843361E+01
    3.1460000E+00    1.0296444E+02    2.0843384E+01
    3.1500000E+00    1.0305122E+02    2.0843406E+01
    3.1540000E+00    1.0313776E+02    2.0843428E+01
    3.1580000E+00    1.0322406E+02    2.0843450E+01
    3.1620000E+00    1.0331010E+02    2.0843472E+01
    3.1660000E+00    1.0339589E+02    2.0843494E+01
    3.1700000E+00    1.0348143E+02    2.0843515E+01
    3.1740000E+00    1.0356671E+02    2.0843537E+01
    3.1780000E+00    1.0365174E+02    2.0843559E+01
    3.1820000E+00    1.0373651E+02    2.0843580E+01
    3.1860000E+00    1.0382102E+02    2.0843601E+01
    3.1900000E+00    1.0390527E+02    2.0843623E+01
    3.1940000E+00    1.0398925E+02    2.0843644E+01
    3.1980000E+00    1.0407297E+02    2.0843665E+01
    3.2020000E+00    1.0415643E+02    2.0843686E+01
    3.2060000E+00    1.0423962E+02    2.0843707E+01
    3.2100000E+00    1.0432253E+02    2.0843728E+01
    3.2140000E+00    1.0440518E+02    2.0843748E+01
    3.2180000E+00    1.0448755E+02    2.0843769E+01
    3.2220000E+00    1.0456964E+02    2.0843789E+01
    3.2260000E+00    1.0465146E+02    2.0843810E+01
    3.2300000E+00    1.0473300E+02    2.0843830E+01
    3.2340000E+00    1.0481426E+02    2.0843850E+01
    3.2380000E+00    1.0489524E+02    2.0843871E+01
    3.2420000E+00    1.0497594E+02    2.0843891E+01
    3.2460000E+00    1.0505634E+02    2.0843911E+01
    3.2500000E+00    1.0513647E+02    2.0843931E+01
    3.2540000E+00    1.0521630E+02    2.0843950E+01
    3.2580000E+00    1.0529584E+02    2.0843970E+01
    3.2620000E+00    1.0537509E+02    2.0843990E+01
    3.2660000E+00    1.0545405E+02    2.0844009E+01
    3.2700000E+00    1.0553270E+02    2.0844029E+01
    3.2740000E+00    1.0561107E+02    2.0844048E+01
    3.2780000E+00    1.0568913E+02    2.0844067E+01
    3.2820000E+00    1.0576689E+02    2.0844086E+01
    3.2860000E+00    1.0584435E+02    2.0844105E+01
    3.2900000E+00    1.0592150E+02    2.0844124E+01
    3.2940000E+00    1.0599835E+02    2.0844143E+01
    3.2980000E+00    1.0607488E+02    2.0844162E+01
    3.3020000E+00    1.0615111E+02    2.0844180E+01
    3.3060000E+00    1.0622703E+02    2.0844199E+01
    3.3100000E+00    1.0630263E+02    2.0844217E+01
    3.3140000E+00    1.0637792E+02    2.0844236E+01
    3.3180000E+00    1.0645289E+02    2.0844254E+01
    3.3220000E+00    1.0652755E+02    2.0844272E+01
    3.3260000E+00    1.0660188E+02    2.0844290E+01
    3.3300000E+00    1.0667589E+02    2.0844308E+01
    3.3340000E+00    1.0674957E+02    2.0844326E+01
    3.3380000E+00    1.0682294E+02    2.0844344E+01
    3.3420000E+00    1.0689597E+02    2.0844362E+01
    3.3460000E+00    1.0696867E+02    2.0844379E+01
    3.3500000E+00    1.0704105E+02    2.0844397E+01
    3.3540000E+00    1.0711309E+02    2.0844414E+01
    3.3580000E+00    1.0718479E+02    2.0844431E+01
    3.3620000E+00    1.0725617E+02    2.0844449E+01
    3.3660000E+00    1.0732720E+02    2.0844466E+01
    3.3700000E+00    1.0739789E+02    2.0844483E+01
    3.3740000E+00    1.0746824E+02    2.0844499E+01
    3.3780000E+00    1.0753825E+02    2.0844516E+01
    3.3820000E+00    1.0760792E+02    2.0844533E+01
    3.3860000E+00    1.0767724E+02    2.0844550E+01
    3.3900000E+00    1.0774621E+02    2.0844566E+01
    3.3940000E+00    1.0781483E+02    2.0844582E+01
    3.3980000E+00    1.0788310E+02    2.0844599E+01
    3.4020000E+00    1.0795102E+02    2.0844615E+01
    3.4060000E+00    1.0801858E+02    2.0844631E+01
    3.4100000E+00    1.0808578E+02    2.0844647E+01
    3.4140000E+00    1.0815263E+02    2.0844663E+01
    3.4180000E+00    1.0821912E+02    2.0844679E+01
    3.4220000E+00    1.0828524E+02    2.0844694E+01
    3.4260000E+00    1.0835100E+02    2.0844710E+01
    3.4300000E+00    1.0841640E+02    2.0844725E+01
    3.4340000E+00    1.0848143E+02    2.0844741E+01
    3.4380000E+00    1.0854609E+02    2.0844756E+01
    3.4420000E+00    1.0861038E+02    2.0844771E+01
    3.4460000E+00    1.0867430E+02    2.0844786E+01
    3.4500000E+00    1.0873785E+02    2.0844801E+01
    3.4540000E+00    1.0880102E+02    2.0844816E+01
    3.4580000E+00    1.0886382E+02    2.0844831E+01
    3.4620000E+00    1.0892624E+02    2.0844846E+01
    3.4660000E+00    1.0898827E+02    2.0844860E+01
    3.4700000E+00    1.0904993E+02    2.0844875E+01
    3.4740000E+00    1.0911120E+02    2.0844889E+01
    3.4780000E+00    1.0917209E+02    2.0844903E+01
    3.4820000E+00    1.0923259E+02    2.0844918E+01
    3.4860000E+00    1.0929271E+02    2.0844932E+01
    3.4900000E+00    1.0935243E+02    2.0844946E+01
    3.4940000E+00    1.0941176E+02    2.0844959E+01
    3.4980000E+00    1.0947070E+02    2.0844973E+01
    3.5020000E+00    1.0952925E+02    2.0844987E+01
    3.5060000E+00    1.0958740E+02    2.0845000E+01
    3.5100000E+00    1.0964515E+02    2.0845014E+01
    3.5140000E+00    1.0970250E+02    2.0845027E+01
    3.5180000E+00    1.0975946E+02    2.0845040E+01
    3.5220000E+00    1.0981601E+02    2.0845053E+01
    3.5260000E+00    1.0987215E+02    2.0845066E+01
    3.5300000E+00    1.0992789E+02    2.0845079E+01
    3.5340000E+00    1.0998323E+02    2.0845092E+01
    3.5380000E+00    1.1003815E+02    2.0845105E+01
    3.5420000E+00    1.1009267E+02    2.0845117E+01
    3.5460000E+00    1.1014677E+02    2.0845130E+01
    3.5500000E+00    1.1020047E+02    2.0845142E+01
    3.5540000E+00    1.1025374E+02    2.0845155E+01
    3.5580000E+00    1.1030660E+02    2.0845167E+01
    3.5620000E+00    1.1035905E+02    2.0845179E+01
    3.5660000E+00    1.1041107E+02    2.0845191E+01
    3.5700000E+00    1.1046268E+02    2.0845203E+01
    3.5740000E+00    1.1051386E+02    2.0845214E+01
    3.5780000E+00    1.1056462E+02    2.0845226E+01
    3.5820000E+00    1.1061495E+02    2.0845238E+01
    3.5860000E+00    1.1066486E+02    2.0845249E+01
    3.5900000E+00    1.1071434E+02    2.0845260E+01
    3.5940000E+00    1.1076340E+02    2.0845272E+01
    3.5980000E+00    1.1081202E+02    2.0845283E+01
    3.6020000E+00    1.1086021E+02    2.0845294E+01
    3.6060000E+00    1.1090797E+02    2.0845305E+01
    3.6100000E+00    1.1095529E+02    2.0845315E+01
    3.6140000E+00    1.1100218E+02    2.0845326E+01
    3.6180000E+00    1.1104862E+02    2.0845337E+01
    3.6220000E+00    1.1109464E+02    2.0845347E+01
    3.6260000E+00    1.1114021E+02    2.0845358E+01
    3.6300000E+00    1.1118534E+02    2.0845368E+01
    3.6340000E+00    1.1123002E+02    2.0845378E+01
    3.6380000E+00    1.1127427E+02    2.0845388E+01
    3.6420000E+00    1.1131806E+02    2.0845398E+01
    3.6460000E+00    1.1136141E+02    2.0845408E+01
    3.6500000E+00    1.1140432E+02    2.0845417E+01
    3.6540000E+00    1.1144677E+02    2.0845427E+01
    3.6580000E+00    1.1148878E+02    2.0845437E+01
    3.6620000E+00    1.1153033E+02    2.0845446E+01
    3.6660000E+00    1.1157143E+02    2.0845455E+01
    3.6700000E+00    1.1161208E+02    2.0845464E+01
    3.6740000E+00    1.1165227E+02    2.0845474E+01
    3.6780000E+00    1.1169200E+02    2.0845483E+01
    3.6820000E+00    1.1173128E+02    2.0845491E+01
    3.6860000E+00    1.1177009E+02    2.0845500E+01
    3.6900000E+00    1.1180845E+02    2.0845509E+01
    3.6940000E+00    1.1184635E+02    2.0845517E+01
    3.6980000E+00    1.1188378E+02    2.0845526E+01
    3.7020000E+00    1.1192076E+02    2.0845534E+01
    3.7060000E+00    1.1195726E+02    2.0845542E+01
    3.7100000E+00    1.1199330E+02    2.0845550E+01
    3.7140000E+00    1.1202888E+02    2.0845558E+01
    3.7180000E+00    1.1206399E+02    2.0845566E+01
    3.7220000E+00    1.1209862E+02    2.0845574E+01
    3.7260000E+00    1.1213279E+02    2.0845582E+01
    3.7300000E+00    1.1216649E+02    2.0845589E+01
    3.7340000E+00    1.1219971E+02    2.0845597E+01
    3.7380000E+00    1.1223247E+02    2.0845604E+01
    3.7420000E+00    1.1226475E+02    2.0845611E+01
    3.7460000E+00    1.1229655E+02    2.0845618E+01
    3.7500000E+00    1.1232788E+02    2.0845625E+01
    3.7540000E+00    1.1235873E+02    2.0845632E+01
    3.7580000E+00    1.1238910E+02    2.0845639E+01
    3.7620000E+00    1.1241899E+02    2.0845646E+01
    3.7660000E+00    1.1244841E+02    2.0845652E+01
    3.7700000E+00    1.1247734E+02    2.0845659E+01
    3.7740000E+00    1.1250579E+02    2.0845665E+01
    3.7780000E+00    1.1253376E+02    2.0845671E+01
    3.7820000E+00    1.1256125E+02    2.0845677E+01
    3.7860000E+00    1.1258825E+02    2.0845683E+01
    3.7900000E+00    1.1261477E+02    2.0845689E+01
    3.7940000E+00    1.1264080E+02    2.0845695E+01
    3.7980000E+00    1.1266634E+02    2.0845701E+01
    3.8020000E+00    1.1269140E+02    2.0845706E+01
    3.8060000E+00    1.1271597E+02    2.0845712E+01
    3.8100000E+00    1.1274005E+02    2.0845717E+01
    3.8140000E+00    1.1276364E+02    2.0845722E+01
    3.8180000E+00    1.1278674E+02    2.0845727E+01
    3.8220000E+00    1.1280935E+02    2.0845732E+01
    3.8260000E+00    1.1283146E+02    2.0845737E+01
    3.8300000E+00    1.1285309E+02    2.0845742E+01
    3.8340000E+00    1.1287422E+02    2.0845747E+01
    3.8380000E+00    1.1289485E+02    2.0845751E+01
    3.8420000E+00    1.1291499E+02    2.0845756E+01
    3.8460000E+00    1.1293464E+02    2.0845760E+01
    3.8500000E+00    1.1295379E+02    2.0845764E+01
    3.8540000E+00    1.1297245E+02    2.0845769E+01
    3.8580000E+00    1.1299060E+02    2.0845773E+01
    3.8620000E+00    1.1300826E+02    2.0845776E+01
    3.8660000E+00    1.1302542E+02    2.0845780E+01
    3.8700000E+00    1.1304209E+02    2.0845784E+01
    3.8740000E+00    1.1305825E+02    2.0845788E+01
    3.8780000E+00    1.1307391E+02    2.0845791E+01
    3.8820000E+00    1.1308908E+02    2.0845794E+01
    3.8860000E+00    1.1310374E+02    2.0845798E+01
    3.8900000E+00    1.1311790E+02    2.0845801E+01
    3.8940000E+00    1.1313156E+02    2.0845804E+01
    3.8980000E+00    1.1314472E+02    2.0845807E+01
    3.9020000E+00    1.1315737E+02    2.0845809E+01
    3.9060000E+00    1.1316952E+02    2.0845812E+01
    3.9100000E+00    1.1318117E+02    2.0845815E+01
    3.9140000E+00    1.1319231E+02    2.0845817E+01
    3.9180000E+00    1.1320295E+02    2.0845819E+01
    3.9220000E+00    1.1321309E+02    2.0845822E+01
    3.9260000E+00    1.1322272E+02    2.0845824E+01
    3.9300000E+00    1.1323185E+02    2.0845826E+01
    3.9340000E+00    1.1324047E+02    2.0845828E+01
    3.9380000E+00    1.1324858E+02    2.0845830E+01
    3.9420000E+00    1.1325619E+02    2.0845831E+01
    3.9460000E+00    1.1326329E+02    2.0845833E+01
    3.9500000E+00    1.1326989E+02    2.0845834E+01
    3.9540000E+00    1.1327598E+02    2.0845836E+01
    3.9580000E+00    1.1328156E+02    2.0845837E+01
    3.9620000E+00    1.1328664E+02    2.0845838E+01
    3.9660000E+00    1.1329121E+02    2.0845839E+01
    3.9700000E+00    1.1329527E+02    2.0845840E+01
    3.9740000E+00    1.1329882E+02    2.0845841E+01
    3.9780000E+00    1.1330187E+02    2.0845841E+01
    3.9820000E+00    1.1330441E+02    2.0845842E+01
    3.9860000E+00    1.1330644E+02    2.0845842E+01
    3.9900000E+00    1.1330797E+02    2.0845843E+01
    3.9940000E+00    1.1330898E+02    2.0845843E+01
    3.9980000E+00    1.1330949E+02    2.0845843E+01
