# Time          1.0000E+01
# Units: Mol/kgw
    Distance        SO4--            SO164--         
    2.0000000E-03    2.7932748E-02    2.6931186E-02
    6.0000000E-03    2.7789804E-02    2.6793756E-02
    1.0000000E-02    2.7647074E-02    2.6656528E-02
    1.4000000E-02    2.7504561E-02    2.6519503E-02
    1.8000000E-02    2.7362269E-02    2.6382684E-02
    2.2000000E-02    2.7220200E-02    2.6246075E-02
    2.6000000E-02    2.7078356E-02    2.6109677E-02
    3.0000000E-02    2.6936740E-02    2.5973494E-02
    3.4000000E-02    2.6795356E-02    2.5837528E-02
    3.8000000E-02    2.6654205E-02    2.5701783E-02
    4.2000000E-02    2.6513291E-02    2.5566260E-02
    4.6000000E-02    2.6372617E-02    2.5430962E-02
    5.0000000E-02    2.6232185E-02    2.5295893E-02
    5.4000000E-02    2.6091997E-02    2.5161054E-02
    5.8000000E-02    2.5952057E-02    2.5026449E-02
    6.2000000E-02    2.5812368E-02    2.4892079E-02
    6.6000000E-02    2.5672932E-02    2.4757949E-02
    7.0000000E-02    2.5533752E-02    2.4624060E-02
    7.4000000E-02    2.5394830E-02    2.4490416E-02
    7.8000000E-02    2.5256170E-02    2.4357018E-02
    8.2000000E-02    2.5117774E-02    2.4223870E-02
    8.6000000E-02    2.4979644E-02    2.4090974E-02
    9.0000000E-02    2.4841784E-02    2.3958334E-02
    9.4000000E-02    2.4704197E-02    2.3825950E-02
    9.8000000E-02    2.4566884E-02    2.3693827E-02
    1.0200000E-01    2.4429849E-02    2.3561967E-02
    1.0600000E-01    2.4293094E-02    2.3430372E-02
    1.1000000E-01    2.4156622E-02    2.3299045E-02
    1.1400000E-01    2.4020436E-02    2.3167989E-02
    1.1800000E-01    2.3884538E-02    2.3037206E-02
    1.2200000E-01    2.3748931E-02    2.2906699E-02
    1.2600000E-01    2.3613617E-02    2.2776470E-02
    1.3000000E-01    2.3478600E-02    2.2646523E-02
    1.3400000E-01    2.3343882E-02    2.2516859E-02
    1.3800000E-01    2.3209465E-02    2.2387482E-02
    1.4200000E-01    2.3075352E-02    2.2258393E-02
    1.4600000E-01    2.2941546E-02    2.2129596E-02
    1.5000000E-01    2.2808049E-02    2.2001092E-02
    1.5400000E-01    2.2674864E-02    2.1872885E-02
    1.5800000E-01    2.2541994E-02    2.1744977E-02
    1.6200000E-01    2.2409440E-02    2.1617370E-02
    1.6600000E-01    2.2277206E-02    2.1490067E-02
    1.7000000E-01    2.2145294E-02    2.1363070E-02
    1.7400000E-01    2.2013706E-02    2.1236382E-02
    1.7800000E-01    2.1882446E-02    2.1110005E-02
    1.8200000E-01    2.1751515E-02    2.0983942E-02
    1.8600000E-01    2.1620916E-02    2.0858196E-02
    1.9000000E-01    2.1490651E-02    2.0732767E-02
    1.9400000E-01    2.1360724E-02    2.0607660E-02
    1.9800000E-01    2.1231135E-02    2.0482876E-02
    2.0200000E-01    2.1101889E-02    2.0358418E-02
    2.0600000E-01    2.0972986E-02    2.0234287E-02
    2.1000000E-01    2.0844430E-02    2.0110487E-02
    2.1400000E-01    2.0716223E-02    1.9987020E-02
    2.1800000E-01    2.0588367E-02    1.9863888E-02
    2.2200000E-01    2.0460865E-02    1.9741093E-02
    2.2600000E-01    2.0333719E-02    1.9618637E-02
    2.3000000E-01    2.0206930E-02    1.9496524E-02
    2.3400000E-01    2.0080503E-02    1.9374754E-02
    2.3800000E-01    1.9954438E-02    1.9253331E-02
    2.4200000E-01    1.9828738E-02    1.9132256E-02
    2.4600000E-01    1.9703405E-02    1.9011532E-02
    2.5000000E-01    1.9578442E-02    1.8891161E-02
    2.5400000E-01    1.9453851E-02    1.8771145E-02
    2.5800000E-01    1.9329633E-02    1.8651485E-02
    2.6200000E-01    1.9205791E-02    1.8532186E-02
    2.6600000E-01    1.9082327E-02    1.8413247E-02
    2.7000000E-01    1.8959244E-02    1.8294672E-02
    2.7400000E-01    1.8836543E-02    1.8176463E-02
    2.7800000E-01    1.8714226E-02    1.8058621E-02
    2.8200000E-01    1.8592296E-02    1.7941148E-02
    2.8600000E-01    1.8470754E-02    1.7824048E-02
    2.9000000E-01    1.8349603E-02    1.7707320E-02
    2.9400000E-01    1.8228845E-02    1.7590969E-02
    2.9800000E-01    1.8108481E-02    1.7474994E-02
    3.0200000E-01    1.7988513E-02    1.7359399E-02
    3.0600000E-01    1.7868944E-02    1.7244186E-02
    3.1000000E-01    1.7749775E-02    1.7129355E-02
    3.1400000E-01    1.7631009E-02    1.7014910E-02
    3.1800000E-01    1.7512646E-02    1.6900851E-02
    3.2200000E-01    1.7394689E-02    1.6787181E-02
    3.2600000E-01    1.7277140E-02    1.6673902E-02
    3.3000000E-01    1.7160001E-02    1.6561014E-02
    3.3400000E-01    1.7043273E-02    1.6448521E-02
    3.3800000E-01    1.6926958E-02    1.6336423E-02
    3.4200000E-01    1.6811058E-02    1.6224723E-02
    3.4600000E-01    1.6695574E-02    1.6113422E-02
    3.5000000E-01    1.6580509E-02    1.6002521E-02
    3.5400000E-01    1.6465863E-02    1.5892023E-02
    3.5800000E-01    1.6351639E-02    1.5781929E-02
    3.6200000E-01    1.6237838E-02    1.5672241E-02
    3.6600000E-01    1.6124462E-02    1.5562959E-02
    3.7000000E-01    1.6011512E-02    1.5454087E-02
    3.7400000E-01    1.5898990E-02    1.5345624E-02
    3.7800000E-01    1.5786897E-02    1.5237573E-02
    3.8200000E-01    1.5675235E-02    1.5129936E-02
    3.8600000E-01    1.5564005E-02    1.5022712E-02
    3.9000000E-01    1.5453209E-02    1.4915905E-02
    3.9400000E-01    1.5342848E-02    1.4809516E-02
    3.9800000E-01    1.5232924E-02    1.4703545E-02
    4.0200000E-01    1.5123438E-02    1.4597994E-02
    4.0600000E-01    1.5014390E-02    1.4492865E-02
    4.1000000E-01    1.4905784E-02    1.4388158E-02
    4.1400000E-01    1.4797619E-02    1.4283875E-02
    4.1800000E-01    1.4689897E-02    1.4180018E-02
    4.2200000E-01    1.4582620E-02    1.4076587E-02
    4.2600000E-01    1.4475788E-02    1.3973584E-02
    4.3000000E-01    1.4369403E-02    1.3871010E-02
    4.3400000E-01    1.4263465E-02    1.3768865E-02
    4.3800000E-01    1.4157977E-02    1.3667152E-02
    4.4200000E-01    1.4052939E-02    1.3565871E-02
    4.4600000E-01    1.3948352E-02    1.3465024E-02
    4.5000000E-01    1.3844217E-02    1.3364610E-02
    4.5400000E-01    1.3740536E-02    1.3264632E-02
    4.5800000E-01    1.3637309E-02    1.3165090E-02
    4.6200000E-01    1.3534537E-02    1.3065986E-02
    4.6600000E-01    1.3432221E-02    1.2967320E-02
    4.7000000E-01    1.3330363E-02    1.2869093E-02
    4.7400000E-01    1.3228962E-02    1.2771306E-02
    4.7800000E-01    1.3128021E-02    1.2673959E-02
    4.8200000E-01    1.3027539E-02    1.2577055E-02
    4.8600000E-01    1.2927517E-02    1.2480593E-02
    4.9000000E-01    1.2827957E-02    1.2384575E-02
    4.9400000E-01    1.2728859E-02    1.2289000E-02
    4.9800000E-01    1.2630224E-02    1.2193870E-02
    5.0200000E-01    1.2532052E-02    1.2099186E-02
    5.0600000E-01    1.2434345E-02    1.2004948E-02
    5.1000000E-01    1.2337102E-02    1.1911157E-02
    5.1400000E-01    1.2240325E-02    1.1817813E-02
    5.1800000E-01    1.2144013E-02    1.1724918E-02
    5.2200000E-01    1.2048169E-02    1.1632470E-02
    5.2600000E-01    1.1952791E-02    1.1540473E-02
    5.3000000E-01    1.1857881E-02    1.1448924E-02
    5.3400000E-01    1.1763440E-02    1.1357826E-02
    5.3800000E-01    1.1669467E-02    1.1267179E-02
    5.4200000E-01    1.1575963E-02    1.1176983E-02
    5.4600000E-01    1.1482928E-02    1.1087238E-02
    5.5000000E-01    1.1390363E-02    1.0997945E-02
    5.5400000E-01    1.1298269E-02    1.0909105E-02
    5.5800000E-01    1.1206645E-02    1.0820717E-02
    5.6200000E-01    1.1115492E-02    1.0732781E-02
    5.6600000E-01    1.1024809E-02    1.0645300E-02
    5.7000000E-01    1.0934599E-02    1.0558271E-02
    5.7400000E-01    1.0844859E-02    1.0471696E-02
    5.7800000E-01    1.0755592E-02    1.0385575E-02
    5.8200000E-01    1.0666796E-02    1.0299909E-02
    5.8600000E-01    1.0578473E-02    1.0214696E-02
    5.9000000E-01    1.0490621E-02    1.0129938E-02
    5.9400000E-01    1.0403242E-02    1.0045634E-02
    5.9800000E-01    1.0316335E-02    9.9617846E-03
    6.0200000E-01    1.0229900E-02    9.8783898E-03
    6.0600000E-01    1.0143938E-02    9.7954498E-03
    6.1000000E-01    1.0058448E-02    9.7129643E-03
    6.1400000E-01    9.9734307E-03    9.6309334E-03
    6.1800000E-01    9.8888852E-03    9.5493570E-03
    6.2200000E-01    9.8048119E-03    9.4682351E-03
    6.2600000E-01    9.7212106E-03    9.3875676E-03
    6.3000000E-01    9.6380811E-03    9.3073543E-03
    6.3400000E-01    9.5554233E-03    9.2275952E-03
    6.3800000E-01    9.4732370E-03    9.1482899E-03
    6.4200000E-01    9.3915219E-03    9.0694384E-03
    6.4600000E-01    9.3102778E-03    8.9910404E-03
    6.5000000E-01    9.2295044E-03    8.9130956E-03
    6.5400000E-01    9.1492015E-03    8.8356038E-03
    6.5800000E-01    9.0693686E-03    8.7585647E-03
    6.6200000E-01    8.9900056E-03    8.6819780E-03
    6.6600000E-01    8.9111119E-03    8.6058434E-03
    6.7000000E-01    8.8326871E-03    8.5301604E-03
    6.7400000E-01    8.7547310E-03    8.4549286E-03
    6.7800000E-01    8.6772430E-03    8.3801478E-03
    6.8200000E-01    8.6002226E-03    8.3058173E-03
    6.8600000E-01    8.5236694E-03    8.2319369E-03
    6.9000000E-01    8.4475828E-03    8.1585059E-03
    6.9400000E-01    8.3719623E-03    8.0855239E-03
    6.9800000E-01    8.2968073E-03    8.0129903E-03
    7.0200000E-01    8.2221173E-03    7.9409047E-03
    7.0600000E-01    8.1478916E-03    7.8692664E-03
    7.1000000E-01    8.0741297E-03    7.7980748E-03
    7.1400000E-01    8.0008308E-03    7.7273293E-03
    7.1800000E-01    7.9279942E-03    7.6570293E-03
    7.2200000E-01    7.8556193E-03    7.5871741E-03
    7.2600000E-01    7.7837054E-03    7.5177631E-03
    7.3000000E-01    7.7122517E-03    7.4487954E-03
    7.3400000E-01    7.6412574E-03    7.3802705E-03
    7.3800000E-01    7.5707217E-03    7.3121875E-03
    7.4200000E-01    7.5006438E-03    7.2445457E-03
    7.4600000E-01    7.4310230E-03    7.1773443E-03
    7.5000000E-01    7.3618583E-03    7.1105824E-03
    7.5400000E-01    7.2931489E-03    7.0442594E-03
    7.5800000E-01    7.2248938E-03    6.9783742E-03
    7.6200000E-01    7.1570922E-03    6.9129260E-03
    7.6600000E-01    7.0897431E-03    6.8479140E-03
    7.7000000E-01    7.0228456E-03    6.7833372E-03
    7.7400000E-01    6.9563987E-03    6.7191947E-03
    7.7800000E-01    6.8904013E-03    6.6554856E-03
    7.8200000E-01    6.8248525E-03    6.5922088E-03
    7.8600000E-01    6.7597512E-03    6.5293634E-03
    7.9000000E-01    6.6950965E-03    6.4669484E-03
    7.9400000E-01    6.6308871E-03    6.4049627E-03
    7.9800000E-01    6.5671220E-03    6.3434054E-03
    8.0200000E-01    6.5038001E-03    6.2822753E-03
    8.0600000E-01    6.4409202E-03    6.2215713E-03
    8.1000000E-01    6.3784813E-03    6.1612925E-03
    8.1400000E-01    6.3164821E-03    6.1014375E-03
    8.1800000E-01    6.2549214E-03    6.0420054E-03
    8.2200000E-01    6.1937981E-03    5.9829950E-03
    8.2600000E-01    6.1331110E-03    5.9244050E-03
    8.3000000E-01    6.0728587E-03    5.8662344E-03
    8.3400000E-01    6.0130400E-03    5.8084819E-03
    8.3800000E-01    5.9536537E-03    5.7511462E-03
    8.4200000E-01    5.8946984E-03    5.6942263E-03
    8.4600000E-01    5.8361729E-03    5.6377207E-03
    8.5000000E-01    5.7780759E-03    5.5816282E-03
    8.5400000E-01    5.7204059E-03    5.5259477E-03
    8.5800000E-01    5.6631617E-03    5.4706776E-03
    8.6200000E-01    5.6063418E-03    5.4158169E-03
    8.6600000E-01    5.5499449E-03    5.3613640E-03
    8.7000000E-01    5.4939696E-03    5.3073177E-03
    8.7400000E-01    5.4384145E-03    5.2536766E-03
    8.7800000E-01    5.3832781E-03    5.2004394E-03
    8.8200000E-01    5.3285590E-03    5.1476046E-03
    8.8600000E-01    5.2742557E-03    5.0951709E-03
    8.9000000E-01    5.2203668E-03    5.0431368E-03
    8.9400000E-01    5.1668907E-03    4.9915010E-03
    8.9800000E-01    5.1138260E-03    4.9402619E-03
    9.0200000E-01    5.0611711E-03    4.8894182E-03
    9.0600000E-01    5.0089246E-03    4.8389683E-03
    9.1000000E-01    4.9570848E-03    4.7889107E-03
    9.1400000E-01    4.9056503E-03    4.7392441E-03
    9.1800000E-01    4.8546194E-03    4.6899668E-03
    9.2200000E-01    4.8039906E-03    4.6410775E-03
    9.2600000E-01    4.7537623E-03    4.5925744E-03
    9.3000000E-01    4.7039329E-03    4.5444561E-03
    9.3400000E-01    4.6545007E-03    4.4967211E-03
    9.3800000E-01    4.6054642E-03    4.4493678E-03
    9.4200000E-01    4.5568217E-03    4.4023946E-03
    9.4600000E-01    4.5085716E-03    4.3557999E-03
    9.5000000E-01    4.4607121E-03    4.3095822E-03
    9.5400000E-01    4.4132417E-03    4.2637397E-03
    9.5800000E-01    4.3661586E-03    4.2182710E-03
    9.6200000E-01    4.3194612E-03    4.1731744E-03
    9.6600000E-01    4.2731478E-03    4.1284483E-03
    9.7000000E-01    4.2272165E-03    4.0840909E-03
    9.7400000E-01    4.1816659E-03    4.0401007E-03
    9.7800000E-01    4.1364940E-03    3.9964761E-03
    9.8200000E-01    4.0916992E-03    3.9532152E-03
    9.8600000E-01    4.0472797E-03    3.9103165E-03
    9.9000000E-01    4.0032338E-03    3.8677783E-03
    9.9400000E-01    3.9595597E-03    3.8255988E-03
    9.9800000E-01    3.9162556E-03    3.7837764E-03
    1.0020000E+00    3.8733198E-03    3.7423094E-03
    1.0060000E+00    3.8307504E-03    3.7011960E-03
    1.0100000E+00    3.7885457E-03    3.6604345E-03
    1.0140000E+00    3.7467039E-03    3.6200232E-03
    1.0180000E+00    3.7052232E-03    3.5799603E-03
    1.0220000E+00    3.6641017E-03    3.5402442E-03
    1.0260000E+00    3.6233376E-03    3.5008729E-03
    1.0300000E+00    3.5829291E-03    3.4618449E-03
    1.0340000E+00    3.5428744E-03    3.4231583E-03
    1.0380000E+00    3.5031717E-03    3.3848113E-03
    1.0420000E+00    3.4638190E-03    3.3468022E-03
    1.0460000E+00    3.4248146E-03    3.3091292E-03
    1.0500000E+00    3.3861565E-03    3.2717904E-03
    1.0540000E+00    3.3478429E-03    3.2347842E-03
    1.0580000E+00    3.3098720E-03    3.1981088E-03
    1.0620000E+00    3.2722419E-03    3.1617622E-03
    1.0660000E+00    3.2349507E-03    3.1257427E-03
    1.0700000E+00    3.1979965E-03    3.0900486E-03
    1.0740000E+00    3.1613775E-03    3.0546779E-03
    1.0780000E+00    3.1250917E-03    3.0196289E-03
    1.0820000E+00    3.0891373E-03    2.9848998E-03
    1.0860000E+00    3.0535124E-03    2.9504887E-03
    1.0900000E+00    3.0182150E-03    2.9163937E-03
    1.0940000E+00    2.9832433E-03    2.8826132E-03
    1.0980000E+00    2.9485954E-03    2.8491452E-03
    1.1020000E+00    2.9142693E-03    2.8159879E-03
    1.1060000E+00    2.8802632E-03    2.7831394E-03
    1.1100000E+00    2.8465752E-03    2.7505980E-03
    1.1140000E+00    2.8132032E-03    2.7183617E-03
    1.1180000E+00    2.7801456E-03    2.6864288E-03
    1.1220000E+00    2.7474002E-03    2.6547974E-03
    1.1260000E+00    2.7149652E-03    2.6234656E-03
    1.1300000E+00    2.6828386E-03    2.5924316E-03
    1.1340000E+00    2.6510186E-03    2.5616935E-03
    1.1380000E+00    2.6195033E-03    2.5312495E-03
    1.1420000E+00    2.5882906E-03    2.5010978E-03
    1.1460000E+00    2.5573788E-03    2.4712365E-03
    1.1500000E+00    2.5267658E-03    2.4416637E-03
    1.1540000E+00    2.4964497E-03    2.4123775E-03
    1.1580000E+00    2.4664287E-03    2.3833762E-03
    1.1620000E+00    2.4367007E-03    2.3546579E-03
    1.1660000E+00    2.4072639E-03    2.3262207E-03
    1.1700000E+00    2.3781164E-03    2.2980628E-03
    1.1740000E+00    2.3492562E-03    2.2701823E-03
    1.1780000E+00    2.3206814E-03    2.2425774E-03
    1.1820000E+00    2.2923901E-03    2.2152461E-03
    1.1860000E+00    2.2643804E-03    2.1881868E-03
    1.1900000E+00    2.2366504E-03    2.1613975E-03
    1.1940000E+00    2.2091980E-03    2.1348763E-03
    1.1980000E+00    2.1820216E-03    2.1086215E-03
    1.2020000E+00    2.1551190E-03    2.0826312E-03
    1.2060000E+00    2.1284884E-03    2.0569035E-03
    1.2100000E+00    2.1021280E-03    2.0314366E-03
    1.2140000E+00    2.0760357E-03    2.0062287E-03
    1.2180000E+00    2.0502097E-03    1.9812779E-03
    1.2220000E+00    2.0246482E-03    1.9565825E-03
    1.2260000E+00    1.9993491E-03    1.9321405E-03
    1.2300000E+00    1.9743106E-03    1.9079501E-03
    1.2340000E+00    1.9495308E-03    1.8840096E-03
    1.2380000E+00    1.9250079E-03    1.8603171E-03
    1.2420000E+00    1.9007399E-03    1.8368708E-03
    1.2460000E+00    1.8767249E-03    1.8136688E-03
    1.2500000E+00    1.8529611E-03    1.7907094E-03
    1.2540000E+00    1.8294467E-03    1.7679908E-03
    1.2580000E+00    1.8061796E-03    1.7455111E-03
    1.2620000E+00    1.7831582E-03    1.7232685E-03
    1.2660000E+00    1.7603804E-03    1.7012613E-03
    1.2700000E+00    1.7378445E-03    1.6794877E-03
    1.2740000E+00    1.7155486E-03    1.6579458E-03
    1.2780000E+00    1.6934908E-03    1.6366339E-03
    1.2820000E+00    1.6716693E-03    1.6155503E-03
    1.2860000E+00    1.6500823E-03    1.5946931E-03
    1.2900000E+00    1.6287280E-03    1.5740605E-03
    1.2940000E+00    1.6076044E-03    1.5536508E-03
    1.2980000E+00    1.5867098E-03    1.5334623E-03
    1.3020000E+00    1.5660424E-03    1.5134932E-03
    1.3060000E+00    1.5456003E-03    1.4937417E-03
    1.3100000E+00    1.5253817E-03    1.4742061E-03
    1.3140000E+00    1.5053849E-03    1.4548847E-03
    1.3180000E+00    1.4856080E-03    1.4357756E-03
    1.3220000E+00    1.4660492E-03    1.4168773E-03
    1.3260000E+00    1.4467068E-03    1.3981879E-03
    1.3300000E+00    1.4275790E-03    1.3797058E-03
    1.3340000E+00    1.4086640E-03    1.3614292E-03
    1.3380000E+00    1.3899601E-03    1.3433565E-03
    1.3420000E+00    1.3714654E-03    1.3254859E-03
    1.3460000E+00    1.3531782E-03    1.3078157E-03
    1.3500000E+00    1.3350968E-03    1.2903443E-03
    1.3540000E+00    1.3172195E-03    1.2730700E-03
    1.3580000E+00    1.2995444E-03    1.2559911E-03
    1.3620000E+00    1.2820700E-03    1.2391059E-03
    1.3660000E+00    1.2647943E-03    1.2224128E-03
    1.3700000E+00    1.2477159E-03    1.2059101E-03
    1.3740000E+00    1.2308328E-03    1.1895962E-03
    1.3780000E+00    1.2141435E-03    1.1734694E-03
    1.3820000E+00    1.1976462E-03    1.1575282E-03
    1.3860000E+00    1.1813393E-03    1.1417708E-03
    1.3900000E+00    1.1652211E-03    1.1261956E-03
    1.3940000E+00    1.1492898E-03    1.1108011E-03
    1.3980000E+00    1.1335439E-03    1.0955856E-03
    1.4020000E+00    1.1179817E-03    1.0805476E-03
    1.4060000E+00    1.1026015E-03    1.0656854E-03
    1.4100000E+00    1.0874018E-03    1.0509974E-03
    1.4140000E+00    1.0723808E-03    1.0364822E-03
    1.4180000E+00    1.0575369E-03    1.0221381E-03
    1.4220000E+00    1.0428685E-03    1.0079635E-03
    1.4260000E+00    1.0283741E-03    9.9395694E-04
    1.4300000E+00    1.0140520E-03    9.8011683E-04
    1.4340000E+00    9.9990060E-04    9.6644164E-04
    1.4380000E+00    9.8591833E-04    9.5292985E-04
    1.4420000E+00    9.7210363E-04    9.3957992E-04
    1.4460000E+00    9.5845491E-04    9.2639035E-04
    1.4500000E+00    9.4497063E-04    9.1335962E-04
    1.4540000E+00    9.3164922E-04    9.0048625E-04
    1.4580000E+00    9.1848914E-04    8.8776873E-04
    1.4620000E+00    9.0548887E-04    8.7520559E-04
    1.4660000E+00    8.9264686E-04    8.6279535E-04
    1.4700000E+00    8.7996161E-04    8.5053655E-04
    1.4740000E+00    8.6743160E-04    8.3842773E-04
    1.4780000E+00    8.5505533E-04    8.2646743E-04
    1.4820000E+00    8.4283132E-04    8.1465423E-04
    1.4860000E+00    8.3075807E-04    8.0298668E-04
    1.4900000E+00    8.1883410E-04    7.9146336E-04
    1.4940000E+00    8.0705796E-04    7.8008286E-04
    1.4980000E+00    7.9542819E-04    7.6884376E-04
    1.5020000E+00    7.8394333E-04    7.5774468E-04
    1.5060000E+00    7.7260195E-04    7.4678421E-04
    1.5100000E+00    7.6140261E-04    7.3596097E-04
    1.5140000E+00    7.5034390E-04    7.2527359E-04
    1.5180000E+00    7.3942439E-04    7.1472072E-04
    1.5220000E+00    7.2864268E-04    7.0430098E-04
    1.5260000E+00    7.1799738E-04    6.9401303E-04
    1.5300000E+00    7.0748711E-04    6.8385553E-04
    1.5340000E+00    6.9711047E-04    6.7382716E-04
    1.5380000E+00    6.8686610E-04    6.6392658E-04
    1.5420000E+00    6.7675265E-04    6.5415249E-04
    1.5460000E+00    6.6676876E-04    6.4450358E-04
    1.5500000E+00    6.5691309E-04    6.3497855E-04
    1.5540000E+00    6.4718430E-04    6.2557613E-04
    1.5580000E+00    6.3758108E-04    6.1629502E-04
    1.5620000E+00    6.2810210E-04    6.0713396E-04
    1.5660000E+00    6.1874607E-04    5.9809169E-04
    1.5700000E+00    6.0951168E-04    5.8916695E-04
    1.5740000E+00    6.0039765E-04    5.8035850E-04
    1.5780000E+00    5.9140269E-04    5.7166512E-04
    1.5820000E+00    5.8252554E-04    5.6308556E-04
    1.5860000E+00    5.7376494E-04    5.5461862E-04
    1.5900000E+00    5.6511964E-04    5.4626308E-04
    1.5940000E+00    5.5658839E-04    5.3801774E-04
    1.5980000E+00    5.4816997E-04    5.2988142E-04
    1.6020000E+00    5.3986314E-04    5.2185293E-04
    1.6060000E+00    5.3166669E-04    5.1393110E-04
    1.6100000E+00    5.2357942E-04    5.0611477E-04
    1.6140000E+00    5.1560012E-04    4.9840277E-04
    1.6180000E+00    5.0772762E-04    4.9079396E-04
    1.6220000E+00    4.9996073E-04    4.8328720E-04
    1.6260000E+00    4.9229829E-04    4.7588136E-04
    1.6300000E+00    4.8473912E-04    4.6857533E-04
    1.6340000E+00    4.7728209E-04    4.6136798E-04
    1.6380000E+00    4.6992604E-04    4.5425822E-04
    1.6420000E+00    4.6266985E-04    4.4724495E-04
    1.6460000E+00    4.5551239E-04    4.4032708E-04
    1.6500000E+00    4.4845254E-04    4.3350354E-04
    1.6540000E+00    4.4148920E-04    4.2677325E-04
    1.6580000E+00    4.3462127E-04    4.2013516E-04
    1.6620000E+00    4.2784766E-04    4.1358821E-04
    1.6660000E+00    4.2116729E-04    4.0713137E-04
    1.6700000E+00    4.1457909E-04    4.0076360E-04
    1.6740000E+00    4.0808200E-04    3.9448386E-04
    1.6780000E+00    4.0167496E-04    3.8829115E-04
    1.6820000E+00    3.9535693E-04    3.8218445E-04
    1.6860000E+00    3.8912688E-04    3.7616277E-04
    1.6900000E+00    3.8298378E-04    3.7022511E-04
    1.6940000E+00    3.7692660E-04    3.6437049E-04
    1.6980000E+00    3.7095435E-04    3.5859794E-04
    1.7020000E+00    3.6506601E-04    3.5290648E-04
    1.7060000E+00    3.5926061E-04    3.4729516E-04
    1.7100000E+00    3.5353714E-04    3.4176303E-04
    1.7140000E+00    3.4789465E-04    3.3630915E-04
    1.7180000E+00    3.4233216E-04    3.3093258E-04
    1.7220000E+00    3.3684872E-04    3.2563240E-04
    1.7260000E+00    3.3144337E-04    3.2040770E-04
    1.7300000E+00    3.2611519E-04    3.1525756E-04
    1.7340000E+00    3.2086322E-04    3.1018108E-04
    1.7380000E+00    3.1568656E-04    3.0517738E-04
    1.7420000E+00    3.1058428E-04    3.0024556E-04
    1.7460000E+00    3.0555549E-04    2.9538475E-04
    1.7500000E+00    3.0059927E-04    2.9059409E-04
    1.7540000E+00    2.9571475E-04    2.8587271E-04
    1.7580000E+00    2.9090104E-04    2.8121977E-04
    1.7620000E+00    2.8615726E-04    2.7663441E-04
    1.7660000E+00    2.8148255E-04    2.7211581E-04
    1.7700000E+00    2.7687606E-04    2.6766313E-04
    1.7740000E+00    2.7233693E-04    2.6327555E-04
    1.7780000E+00    2.6786433E-04    2.5895226E-04
    1.7820000E+00    2.6345741E-04    2.5469247E-04
    1.7860000E+00    2.5911537E-04    2.5049536E-04
    1.7900000E+00    2.5483737E-04    2.4636015E-04
    1.7940000E+00    2.5062261E-04    2.4228606E-04
    1.7980000E+00    2.4647029E-04    2.3827232E-04
    1.8020000E+00    2.4237962E-04    2.3431816E-04
    1.8060000E+00    2.3834981E-04    2.3042281E-04
    1.8100000E+00    2.3438009E-04    2.2658554E-04
    1.8140000E+00    2.3046967E-04    2.2280559E-04
    1.8180000E+00    2.2661781E-04    2.1908223E-04
    1.8220000E+00    2.2282375E-04    2.1541473E-04
    1.8260000E+00    2.1908674E-04    2.1180237E-04
    1.8300000E+00    2.1540604E-04    2.0824444E-04
    1.8340000E+00    2.1178092E-04    2.0474022E-04
    1.8380000E+00    2.0821066E-04    2.0128902E-04
    1.8420000E+00    2.0469453E-04    1.9789015E-04
    1.8460000E+00    2.0123184E-04    1.9454291E-04
    1.8500000E+00    1.9782187E-04    1.9124664E-04
    1.8540000E+00    1.9446394E-04    1.8800066E-04
    1.8580000E+00    1.9115735E-04    1.8480431E-04
    1.8620000E+00    1.8790143E-04    1.8165692E-04
    1.8660000E+00    1.8469550E-04    1.7855785E-04
    1.8700000E+00    1.8153889E-04    1.7550646E-04
    1.8740000E+00    1.7843096E-04    1.7250211E-04
    1.8780000E+00    1.7537104E-04    1.6954417E-04
    1.8820000E+00    1.7235850E-04    1.6663201E-04
    1.8860000E+00    1.6939268E-04    1.6376502E-04
    1.8900000E+00    1.6647297E-04    1.6094260E-04
    1.8940000E+00    1.6359874E-04    1.5816413E-04
    1.8980000E+00    1.6076937E-04    1.5542902E-04
    1.9020000E+00    1.5798426E-04    1.5273668E-04
    1.9060000E+00    1.5524279E-04    1.5008653E-04
    1.9100000E+00    1.5254437E-04    1.4747799E-04
    1.9140000E+00    1.4988841E-04    1.4491049E-04
    1.9180000E+00    1.4727433E-04    1.4238347E-04
    1.9220000E+00    1.4470154E-04    1.3989636E-04
    1.9260000E+00    1.4216948E-04    1.3744862E-04
    1.9300000E+00    1.3967759E-04    1.3503970E-04
    1.9340000E+00    1.3722530E-04    1.3266907E-04
    1.9380000E+00    1.3481207E-04    1.3033618E-04
    1.9420000E+00    1.3243735E-04    1.2804051E-04
    1.9460000E+00    1.3010059E-04    1.2578154E-04
    1.9500000E+00    1.2780127E-04    1.2355876E-04
    1.9540000E+00    1.2553886E-04    1.2137165E-04
    1.9580000E+00    1.2331283E-04    1.1921972E-04
    1.9620000E+00    1.2112269E-04    1.1710246E-04
    1.9660000E+00    1.1896790E-04    1.1501939E-04
    1.9700000E+00    1.1684798E-04    1.1297001E-04
    1.9740000E+00    1.1476242E-04    1.1095385E-04
    1.9780000E+00    1.1271074E-04    1.0897043E-04
    1.9820000E+00    1.1069245E-04    1.0701929E-04
    1.9860000E+00    1.0870706E-04    1.0509996E-04
    1.9900000E+00    1.0675412E-04    1.0321198E-04
    1.9940000E+00    1.0483314E-04    1.0135490E-04
    1.9980000E+00    1.0294366E-04    9.9528274E-05
    2.0020000E+00    1.0108524E-04    9.7731661E-05
    2.0060000E+00    9.9257409E-05    9.5964624E-05
    2.0100000E+00    9.7459732E-05    9.4226732E-05
    2.0140000E+00    9.5691765E-05    9.2517560E-05
    2.0180000E+00    9.3953075E-05    9.0836686E-05
    2.0220000E+00    9.2243230E-05    8.9183696E-05
    2.0260000E+00    9.0561807E-05    8.7558179E-05
    2.0300000E+00    8.8908387E-05    8.5959730E-05
    2.0340000E+00    8.7282555E-05    8.4387950E-05
    2.0380000E+00    8.5683902E-05    8.2842442E-05
    2.0420000E+00    8.4112025E-05    8.1322816E-05
    2.0460000E+00    8.2566525E-05    7.9828688E-05
    2.0500000E+00    8.1047008E-05    7.8359677E-05
    2.0540000E+00    7.9553085E-05    7.6915406E-05
    2.0580000E+00    7.8084373E-05    7.5495505E-05
    2.0620000E+00    7.6640493E-05    7.4099609E-05
    2.0660000E+00    7.5221070E-05    7.2727354E-05
    2.0700000E+00    7.3825735E-05    7.1378384E-05
    2.0740000E+00    7.2454123E-05    7.0052346E-05
    2.0780000E+00    7.1105875E-05    6.8748894E-05
    2.0820000E+00    6.9780635E-05    6.7467682E-05
    2.0860000E+00    6.8478052E-05    6.6208373E-05
    2.0900000E+00    6.7197780E-05    6.4970631E-05
    2.0940000E+00    6.5939478E-05    6.3754126E-05
    2.0980000E+00    6.4702807E-05    6.2558533E-05
    2.1020000E+00    6.3487437E-05    6.1383530E-05
    2.1060000E+00    6.2293037E-05    6.0228799E-05
    2.1100000E+00    6.1119284E-05    5.9094027E-05
    2.1140000E+00    5.9965857E-05    5.7978905E-05
    2.1180000E+00    5.8832443E-05    5.6883127E-05
    2.1220000E+00    5.7718728E-05    5.5806394E-05
    2.1260000E+00    5.6624406E-05    5.4748407E-05
    2.1300000E+00    5.5549173E-05    5.3708874E-05
    2.1340000E+00    5.4492731E-05    5.2687507E-05
    2.1380000E+00    5.3454785E-05    5.1684018E-05
    2.1420000E+00    5.2435043E-05    5.0698129E-05
    2.1460000E+00    5.1433219E-05    4.9729560E-05
    2.1500000E+00    5.0449028E-05    4.8778038E-05
    2.1540000E+00    4.9482193E-05    4.7843293E-05
    2.1580000E+00    4.8532437E-05    4.6925060E-05
    2.1620000E+00    4.7599488E-05    4.6023074E-05
    2.1660000E+00    4.6683080E-05    4.5137078E-05
    2.1700000E+00    4.5782946E-05    4.4266815E-05
    2.1740000E+00    4.4898827E-05    4.3412034E-05
    2.1780000E+00    4.4030465E-05    4.2572486E-05
    2.1820000E+00    4.3177608E-05    4.1747926E-05
    2.1860000E+00    4.2340005E-05    4.0938114E-05
    2.1900000E+00    4.1517410E-05    4.0142809E-05
    2.1940000E+00    4.0709579E-05    3.9361778E-05
    2.1980000E+00    3.9916274E-05    3.8594790E-05
    2.2020000E+00    3.9137257E-05    3.7841615E-05
    2.2060000E+00    3.8372297E-05    3.7102029E-05
    2.2100000E+00    3.7621164E-05    3.6375809E-05
    2.2140000E+00    3.6883631E-05    3.5662738E-05
    2.2180000E+00    3.6159476E-05    3.4962600E-05
    2.2220000E+00    3.5448478E-05    3.4275181E-05
    2.2260000E+00    3.4750421E-05    3.3600274E-05
    2.2300000E+00    3.4065092E-05    3.2937670E-05
    2.2340000E+00    3.3392279E-05    3.2287168E-05
    2.2380000E+00    3.2731776E-05    3.1648565E-05
    2.2420000E+00    3.2083379E-05    3.1021666E-05
    2.2460000E+00    3.1446884E-05    3.0406274E-05
    2.2500000E+00    3.0822095E-05    2.9802199E-05
    2.2540000E+00    3.0208816E-05    2.9209250E-05
    2.2580000E+00    2.9606853E-05    2.8627243E-05
    2.2620000E+00    2.9016017E-05    2.8055992E-05
    2.2660000E+00    2.8436122E-05    2.7495318E-05
    2.2700000E+00    2.7866981E-05    2.6945042E-05
    2.2740000E+00    2.7308415E-05    2.6404988E-05
    2.2780000E+00    2.6760244E-05    2.5874985E-05
    2.2820000E+00    2.6222291E-05    2.5354860E-05
    2.2860000E+00    2.5694384E-05    2.4844448E-05
    2.2900000E+00    2.5176351E-05    2.4343581E-05
    2.2940000E+00    2.4668024E-05    2.3852098E-05
    2.2980000E+00    2.4169237E-05    2.3369839E-05
    2.3020000E+00    2.3679827E-05    2.2896644E-05
    2.3060000E+00    2.3199633E-05    2.2432360E-05
    2.3100000E+00    2.2728496E-05    2.1976831E-05
    2.3140000E+00    2.2266260E-05    2.1529909E-05
    2.3180000E+00    2.1812771E-05    2.1091444E-05
    2.3220000E+00    2.1367880E-05    2.0661289E-05
    2.3260000E+00    2.0931435E-05    2.0239302E-05
    2.3300000E+00    2.0503291E-05    1.9825339E-05
    2.3340000E+00    2.0083304E-05    1.9419262E-05
    2.3380000E+00    1.9671330E-05    1.9020934E-05
    2.3420000E+00    1.9267231E-05    1.8630217E-05
    2.3460000E+00    1.8870867E-05    1.8246981E-05
    2.3500000E+00    1.8482105E-05    1.7871092E-05
    2.3540000E+00    1.8100809E-05    1.7502423E-05
    2.3580000E+00    1.7726849E-05    1.7140846E-05
    2.3620000E+00    1.7360095E-05    1.6786236E-05
    2.3660000E+00    1.7000421E-05    1.6438471E-05
    2.3700000E+00    1.6647699E-05    1.6097427E-05
    2.3740000E+00    1.6301808E-05    1.5762988E-05
    2.3780000E+00    1.5962625E-05    1.5435034E-05
    2.3820000E+00    1.5630032E-05    1.5113451E-05
    2.3860000E+00    1.5303910E-05    1.4798125E-05
    2.3900000E+00    1.4984144E-05    1.4488945E-05
    2.3940000E+00    1.4670621E-05    1.4185799E-05
    2.3980000E+00    1.4363227E-05    1.3888580E-05
    2.4020000E+00    1.4061853E-05    1.3597181E-05
    2.4060000E+00    1.3766391E-05    1.3311497E-05
    2.4100000E+00    1.3476733E-05    1.3031426E-05
    2.4140000E+00    1.3192776E-05    1.2756866E-05
    2.4180000E+00    1.2914414E-05    1.2487716E-05
    2.4220000E+00    1.2641548E-05    1.2223879E-05
    2.4260000E+00    1.2374076E-05    1.1965258E-05
    2.4300000E+00    1.2111901E-05    1.1711758E-05
    2.4340000E+00    1.1854926E-05    1.1463286E-05
    2.4380000E+00    1.1603056E-05    1.1219750E-05
    2.4420000E+00    1.1356198E-05    1.0981058E-05
    2.4460000E+00    1.1114259E-05    1.0747123E-05
    2.4500000E+00    1.0877149E-05    1.0517857E-05
    2.4540000E+00    1.0644778E-05    1.0293174E-05
    2.4580000E+00    1.0417060E-05    1.0072989E-05
    2.4620000E+00    1.0193909E-05    9.8572194E-06
    2.4660000E+00    9.9752397E-06    9.6457830E-06
    2.4700000E+00    9.7609689E-06    9.4385994E-06
    2.4740000E+00    9.5510151E-06    9.2355896E-06
    2.4780000E+00    9.3452977E-06    9.0366760E-06
    2.4820000E+00    9.1437377E-06    8.8417821E-06
    2.4860000E+00    8.9462575E-06    8.6508327E-06
    2.4900000E+00    8.7527806E-06    8.4637540E-06
    2.4940000E+00    8.5632319E-06    8.2804733E-06
    2.4980000E+00    8.3775375E-06    8.1009194E-06
    2.5020000E+00    8.1956250E-06    7.9250219E-06
    2.5060000E+00    8.0174229E-06    7.7527120E-06
    2.5100000E+00    7.8428611E-06    7.5839219E-06
    2.5140000E+00    7.6718708E-06    7.4185849E-06
    2.5180000E+00    7.5043842E-06    7.2566355E-06
    2.5220000E+00    7.3403347E-06    7.0980094E-06
    2.5260000E+00    7.1796569E-06    6.9426434E-06
    2.5300000E+00    7.0222865E-06    6.7904753E-06
    2.5340000E+00    6.8681604E-06    6.6414440E-06
    2.5380000E+00    6.7172165E-06    6.4954896E-06
    2.5420000E+00    6.5693938E-06    6.3525529E-06
    2.5460000E+00    6.4246324E-06    6.2125762E-06
    2.5500000E+00    6.2828733E-06    6.0755025E-06
    2.5540000E+00    6.1440588E-06    5.9412758E-06
    2.5580000E+00    6.0081319E-06    5.8098412E-06
    2.5620000E+00    5.8750370E-06    5.6811448E-06
    2.5660000E+00    5.7447190E-06    5.5551334E-06
    2.5700000E+00    5.6171242E-06    5.4317550E-06
    2.5740000E+00    5.4921996E-06    5.3109584E-06
    2.5780000E+00    5.3698933E-06    5.1926935E-06
    2.5820000E+00    5.2501540E-06    5.0769107E-06
    2.5860000E+00    5.1329318E-06    4.9635616E-06
    2.5900000E+00    5.0181774E-06    4.8525985E-06
    2.5940000E+00    4.9058423E-06    4.7439748E-06
    2.5980000E+00    4.7958790E-06    4.6376445E-06
    2.6020000E+00    4.6882410E-06    4.5335624E-06
    2.6060000E+00    4.5828823E-06    4.4316843E-06
    2.6100000E+00    4.4797581E-06    4.3319666E-06
    2.6140000E+00    4.3788240E-06    4.2343667E-06
    2.6180000E+00    4.2800368E-06    4.1388426E-06
    2.6220000E+00    4.1833539E-06    4.0453532E-06
    2.6260000E+00    4.0887334E-06    3.9538579E-06
    2.6300000E+00    3.9961343E-06    3.8643172E-06
    2.6340000E+00    3.9055162E-06    3.7766920E-06
    2.6380000E+00    3.8168397E-06    3.6909441E-06
    2.6420000E+00    3.7300659E-06    3.6070360E-06
    2.6460000E+00    3.6451566E-06    3.5249307E-06
    2.6500000E+00    3.5620744E-06    3.4445921E-06
    2.6540000E+00    3.4807826E-06    3.3659847E-06
    2.6580000E+00    3.4012451E-06    3.2890736E-06
    2.6620000E+00    3.3234266E-06    3.2138246E-06
    2.6660000E+00    3.2472923E-06    3.1402041E-06
    2.6700000E+00    3.1728081E-06    3.0681792E-06
    2.6740000E+00    3.0999406E-06    2.9977175E-06
    2.6780000E+00    3.0286569E-06    2.9287873E-06
    2.6820000E+00    2.9589248E-06    2.8613574E-06
    2.6860000E+00    2.8907128E-06    2.7953972E-06
    2.6900000E+00    2.8239898E-06    2.7308768E-06
    2.6940000E+00    2.7587253E-06    2.6677668E-06
    2.6980000E+00    2.6948896E-06    2.6060383E-06
    2.7020000E+00    2.6324532E-06    2.5456629E-06
    2.7060000E+00    2.5713876E-06    2.4866129E-06
    2.7100000E+00    2.5116644E-06    2.4288610E-06
    2.7140000E+00    2.4532560E-06    2.3723804E-06
    2.7180000E+00    2.3961353E-06    2.3171450E-06
    2.7220000E+00    2.3402757E-06    2.2631289E-06
    2.7260000E+00    2.2856510E-06    2.2103070E-06
    2.7300000E+00    2.2322357E-06    2.1586544E-06
    2.7340000E+00    2.1800046E-06    2.1081470E-06
    2.7380000E+00    2.1289331E-06    2.0587608E-06
    2.7420000E+00    2.0789970E-06    2.0104725E-06
    2.7460000E+00    2.0301726E-06    1.9632592E-06
    2.7500000E+00    1.9824368E-06    1.9170984E-06
    2.7540000E+00    1.9357666E-06    1.8719682E-06
    2.7580000E+00    1.8901398E-06    1.8278468E-06
    2.7620000E+00    1.8455344E-06    1.7847131E-06
    2.7660000E+00    1.8019290E-06    1.7425463E-06
    2.7700000E+00    1.7593024E-06    1.7013260E-06
    2.7740000E+00    1.7176341E-06    1.6610324E-06
    2.7780000E+00    1.6769038E-06    1.6216457E-06
    2.7820000E+00    1.6370916E-06    1.5831468E-06
    2.7860000E+00    1.5981780E-06    1.5455170E-06
    2.7900000E+00    1.5601441E-06    1.5087376E-06
    2.7940000E+00    1.5229710E-06    1.4727907E-06
    2.7980000E+00    1.4866404E-06    1.4376584E-06
    2.8020000E+00    1.4511344E-06    1.4033236E-06
    2.8060000E+00    1.4164354E-06    1.3697690E-06
    2.8100000E+00    1.3825260E-06    1.3369780E-06
    2.8140000E+00    1.3493894E-06    1.3049342E-06
    2.8180000E+00    1.3170089E-06    1.2736216E-06
    2.8220000E+00    1.2853684E-06    1.2430245E-06
    2.8260000E+00    1.2544518E-06    1.2131275E-06
    2.8300000E+00    1.2242436E-06    1.1839155E-06
    2.8340000E+00    1.1947285E-06    1.1553737E-06
    2.8380000E+00    1.1658915E-06    1.1274875E-06
    2.8420000E+00    1.1377178E-06    1.1002428E-06
    2.8460000E+00    1.1101932E-06    1.0736258E-06
    2.8500000E+00    1.0833034E-06    1.0476226E-06
    2.8540000E+00    1.0570348E-06    1.0222200E-06
    2.8580000E+00    1.0313736E-06    9.9740497E-07
    2.8620000E+00    1.0063068E-06    9.7316456E-07
    2.8660000E+00    9.8182128E-07    9.4948627E-07
    2.8700000E+00    9.5790432E-07    9.2635778E-07
    2.8740000E+00    9.3454347E-07    9.0376704E-07
    2.8780000E+00    9.1172651E-07    8.8170224E-07
    2.8820000E+00    8.8944148E-07    8.6015183E-07
    2.8860000E+00    8.6767668E-07    8.3910446E-07
    2.8900000E+00    8.4642062E-07    8.1854906E-07
    2.8940000E+00    8.2566208E-07    7.9847474E-07
    2.8980000E+00    8.0539003E-07    7.7887087E-07
    2.9020000E+00    7.8559372E-07    7.5972704E-07
    2.9060000E+00    7.6626257E-07    7.4103302E-07
    2.9100000E+00    7.4738626E-07    7.2277883E-07
    2.9140000E+00    7.2895467E-07    7.0495468E-07
    2.9180000E+00    7.1095788E-07    6.8755100E-07
    2.9220000E+00    6.9338619E-07    6.7055838E-07
    2.9260000E+00    6.7623010E-07    6.5396766E-07
    2.9300000E+00    6.5948031E-07    6.3776983E-07
    2.9340000E+00    6.4312771E-07    6.2195609E-07
    2.9380000E+00    6.2716338E-07    6.0651781E-07
    2.9420000E+00    6.1157861E-07    5.9144656E-07
    2.9460000E+00    5.9636483E-07    5.7673407E-07
    2.9500000E+00    5.8151369E-07    5.6237226E-07
    2.9540000E+00    5.6701700E-07    5.4835320E-07
    2.9580000E+00    5.5286674E-07    5.3466916E-07
    2.9620000E+00    5.3905508E-07    5.2131253E-07
    2.9660000E+00    5.2557433E-07    5.0827591E-07
    2.9700000E+00    5.1241697E-07    4.9555202E-07
    2.9740000E+00    4.9957567E-07    4.8313374E-07
    2.9780000E+00    4.8704320E-07    4.7101413E-07
    2.9820000E+00    4.7481254E-07    4.5918637E-07
    2.9860000E+00    4.6287679E-07    4.4764380E-07
    2.9900000E+00    4.5122921E-07    4.3637988E-07
    2.9940000E+00    4.3986319E-07    4.2538825E-07
    2.9980000E+00    4.2877228E-07    4.1466266E-07
    3.0020000E+00    4.1795015E-07    4.0419699E-07
    3.0060000E+00    4.0739064E-07    3.9398526E-07
    3.0100000E+00    3.9708768E-07    3.8402164E-07
    3.0140000E+00    3.8703536E-07    3.7430039E-07
    3.0180000E+00    3.7722789E-07    3.6481592E-07
    3.0220000E+00    3.6765960E-07    3.5556275E-07
    3.0260000E+00    3.5832497E-07    3.4653553E-07
    3.0300000E+00    3.4921856E-07    3.3772901E-07
    3.0340000E+00    3.4033508E-07    3.2913806E-07
    3.0380000E+00    3.3166933E-07    3.2075768E-07
    3.0420000E+00    3.2321626E-07    3.1258296E-07
    3.0460000E+00    3.1497089E-07    3.0460910E-07
    3.0500000E+00    3.0692838E-07    2.9683140E-07
    3.0540000E+00    2.9908399E-07    2.8924529E-07
    3.0580000E+00    2.9143306E-07    2.8184628E-07
    3.0620000E+00    2.8397107E-07    2.7462997E-07
    3.0660000E+00    2.7669357E-07    2.6759208E-07
    3.0700000E+00    2.6959623E-07    2.6072841E-07
    3.0740000E+00    2.6267481E-07    2.5403486E-07
    3.0780000E+00    2.5592515E-07    2.4750741E-07
    3.0820000E+00    2.4934320E-07    2.4114214E-07
    3.0860000E+00    2.4292500E-07    2.3493522E-07
    3.0900000E+00    2.3666666E-07    2.2888290E-07
    3.0940000E+00    2.3056439E-07    2.2298151E-07
    3.0980000E+00    2.2461450E-07    2.1722747E-07
    3.1020000E+00    2.1881335E-07    2.1161728E-07
    3.1060000E+00    2.1315740E-07    2.0614750E-07
    3.1100000E+00    2.0764320E-07    2.0081480E-07
    3.1140000E+00    2.0226735E-07    1.9561589E-07
    3.1180000E+00    1.9702656E-07    1.9054759E-07
    3.1220000E+00    1.9191758E-07    1.8560677E-07
    3.1260000E+00    1.8693727E-07    1.8079036E-07
    3.1300000E+00    1.8208252E-07    1.7609539E-07
    3.1340000E+00    1.7735033E-07    1.7151894E-07
    3.1380000E+00    1.7273774E-07    1.6705814E-07
    3.1420000E+00    1.6824186E-07    1.6271022E-07
    3.1460000E+00    1.6385990E-07    1.5847246E-07
    3.1500000E+00    1.5958908E-07    1.5434218E-07
    3.1540000E+00    1.5542673E-07    1.5031680E-07
    3.1580000E+00    1.5137021E-07    1.4639376E-07
    3.1620000E+00    1.4741696E-07    1.4257059E-07
    3.1660000E+00    1.4356447E-07    1.3884486E-07
    3.1700000E+00    1.3981028E-07    1.3521420E-07
    3.1740000E+00    1.3615201E-07    1.3167630E-07
    3.1780000E+00    1.3258731E-07    1.2822888E-07
    3.1820000E+00    1.2911391E-07    1.2486976E-07
    3.1860000E+00    1.2572956E-07    1.2159675E-07
    3.1900000E+00    1.2243208E-07    1.1840776E-07
    3.1940000E+00    1.1921935E-07    1.1530073E-07
    3.1980000E+00    1.1608929E-07    1.1227364E-07
    3.2020000E+00    1.1303987E-07    1.0932453E-07
    3.2060000E+00    1.1006909E-07    1.0645148E-07
    3.2100000E+00    1.0717502E-07    1.0365262E-07
    3.2140000E+00    1.0435578E-07    1.0092611E-07
    3.2180000E+00    1.0160950E-07    9.8270170E-08
    3.2220000E+00    9.8934391E-08    9.5683052E-08
    3.2260000E+00    9.6328682E-08    9.3163051E-08
    3.2300000E+00    9.3790654E-08    9.0708503E-08
    3.2340000E+00    9.1318625E-08    8.8317783E-08
    3.2380000E+00    8.8910956E-08    8.5989302E-08
    3.2420000E+00    8.6566042E-08    8.3721511E-08
    3.2460000E+00    8.4282319E-08    8.1512898E-08
    3.2500000E+00    8.2058261E-08    7.9361985E-08
    3.2540000E+00    7.9892376E-08    7.7267329E-08
    3.2580000E+00    7.7783207E-08    7.5227524E-08
    3.2620000E+00    7.5729334E-08    7.3241195E-08
    3.2660000E+00    7.3729369E-08    7.1306999E-08
    3.2700000E+00    7.1781959E-08    6.9423628E-08
    3.2740000E+00    6.9885780E-08    6.7589802E-08
    3.2780000E+00    6.8039543E-08    6.5804275E-08
    3.2820000E+00    6.6241989E-08    6.4065828E-08
    3.2860000E+00    6.4491887E-08    6.2373273E-08
    3.2900000E+00    6.2788039E-08    6.0725449E-08
    3.2940000E+00    6.1129274E-08    5.9121224E-08
    3.2980000E+00    5.9514449E-08    5.7559493E-08
    3.3020000E+00    5.7942449E-08    5.6039179E-08
    3.3060000E+00    5.6412186E-08    5.4559227E-08
    3.3100000E+00    5.4922599E-08    5.3118613E-08
    3.3140000E+00    5.3472650E-08    5.1716334E-08
    3.3180000E+00    5.2061330E-08    5.0351412E-08
    3.3220000E+00    5.0687652E-08    4.9022894E-08
    3.3260000E+00    4.9350653E-08    4.7729848E-08
    3.3300000E+00    4.8049396E-08    4.6471367E-08
    3.3340000E+00    4.6782962E-08    4.5246565E-08
    3.3380000E+00    4.5550460E-08    4.4054578E-08
    3.3420000E+00    4.4351017E-08    4.2894563E-08
    3.3460000E+00    4.3183783E-08    4.1765697E-08
    3.3500000E+00    4.2047929E-08    4.0667178E-08
    3.3540000E+00    4.0942644E-08    3.9598223E-08
    3.3580000E+00    3.9867141E-08    3.8558070E-08
    3.3620000E+00    3.8820648E-08    3.7545973E-08
    3.3660000E+00    3.7802416E-08    3.6561207E-08
    3.3700000E+00    3.6811711E-08    3.5603064E-08
    3.3740000E+00    3.5847820E-08    3.4670852E-08
    3.3780000E+00    3.4910047E-08    3.3763899E-08
    3.3820000E+00    3.3997711E-08    3.2881547E-08
    3.3860000E+00    3.3110151E-08    3.2023155E-08
    3.3900000E+00    3.2246720E-08    3.1188100E-08
    3.3940000E+00    3.1406790E-08    3.0375772E-08
    3.3980000E+00    3.0589745E-08    2.9585576E-08
    3.4020000E+00    2.9794988E-08    2.8816935E-08
    3.4060000E+00    2.9021933E-08    2.8069284E-08
    3.4100000E+00    2.8270013E-08    2.7342071E-08
    3.4140000E+00    2.7538671E-08    2.6634761E-08
    3.4180000E+00    2.6827368E-08    2.5946830E-08
    3.4220000E+00    2.6135576E-08    2.5277768E-08
    3.4260000E+00    2.5462780E-08    2.4627079E-08
    3.4300000E+00    2.4808479E-08    2.3994276E-08
    3.4340000E+00    2.4172186E-08    2.3378888E-08
    3.4380000E+00    2.3553423E-08    2.2780455E-08
    3.4420000E+00    2.2951727E-08    2.2198527E-08
    3.4460000E+00    2.2366645E-08    2.1632668E-08
    3.4500000E+00    2.1797737E-08    2.1082450E-08
    3.4540000E+00    2.1244572E-08    2.0547458E-08
    3.4580000E+00    2.0706733E-08    2.0027287E-08
    3.4620000E+00    2.0183810E-08    1.9521543E-08
    3.4660000E+00    1.9675406E-08    1.9029841E-08
    3.4700000E+00    1.9181135E-08    1.8551806E-08
    3.4740000E+00    1.8700617E-08    1.8087072E-08
    3.4780000E+00    1.8233486E-08    1.7635286E-08
    3.4820000E+00    1.7779382E-08    1.7196098E-08
    3.4860000E+00    1.7337957E-08    1.6769172E-08
    3.4900000E+00    1.6908870E-08    1.6354179E-08
    3.4940000E+00    1.6491789E-08    1.5950798E-08
    3.4980000E+00    1.6086392E-08    1.5558716E-08
    3.5020000E+00    1.5692364E-08    1.5177630E-08
    3.5060000E+00    1.5309398E-08    1.4807242E-08
    3.5100000E+00    1.4937197E-08    1.4447265E-08
    3.5140000E+00    1.4575468E-08    1.4097416E-08
    3.5180000E+00    1.4223929E-08    1.3757422E-08
    3.5220000E+00    1.3882303E-08    1.3427016E-08
    3.5260000E+00    1.3550323E-08    1.3105938E-08
    3.5300000E+00    1.3227726E-08    1.2793935E-08
    3.5340000E+00    1.2914257E-08    1.2490761E-08
    3.5380000E+00    1.2609668E-08    1.2196174E-08
    3.5420000E+00    1.2313718E-08    1.1909942E-08
    3.5460000E+00    1.2026171E-08    1.1631837E-08
    3.5500000E+00    1.1746797E-08    1.1361637E-08
    3.5540000E+00    1.1475374E-08    1.1099127E-08
    3.5580000E+00    1.1211684E-08    1.0844095E-08
    3.5620000E+00    1.0955515E-08    1.0596338E-08
    3.5660000E+00    1.0706662E-08    1.0355655E-08
    3.5700000E+00    1.0464924E-08    1.0121854E-08
    3.5740000E+00    1.0230105E-08    9.8947455E-09
    3.5780000E+00    1.0002016E-08    9.6741451E-09
    3.5820000E+00    9.7804715E-09    9.4598742E-09
    3.5860000E+00    9.5652912E-09    9.2517585E-09
    3.5900000E+00    9.3562999E-09    9.0496285E-09
    3.5940000E+00    9.1533269E-09    8.8533191E-09
    3.5980000E+00    8.9562061E-09    8.6626696E-09
    3.6020000E+00    8.7647759E-09    8.4775238E-09
    3.6060000E+00    8.5788788E-09    8.2977293E-09
    3.6100000E+00    8.3983618E-09    8.1231382E-09
    3.6140000E+00    8.2230759E-09    7.9536064E-09
    3.6180000E+00    8.0528760E-09    7.7889935E-09
    3.6220000E+00    7.8876210E-09    7.6291632E-09
    3.6260000E+00    7.7271738E-09    7.4739826E-09
    3.6300000E+00    7.5714007E-09    7.3233227E-09
    3.6340000E+00    7.4201717E-09    7.1770576E-09
    3.6380000E+00    7.2733604E-09    7.0350651E-09
    3.6420000E+00    7.1308439E-09    6.8972264E-09
    3.6460000E+00    6.9925024E-09    6.7634255E-09
    3.6500000E+00    6.8582196E-09    6.6335501E-09
    3.6540000E+00    6.7278823E-09    6.5074906E-09
    3.6580000E+00    6.6013803E-09    6.3851404E-09
    3.6620000E+00    6.4786066E-09    6.2663961E-09
    3.6660000E+00    6.3594570E-09    6.1511569E-09
    3.6700000E+00    6.2438303E-09    6.0393249E-09
    3.6740000E+00    6.1316279E-09    5.9308047E-09
    3.6780000E+00    6.0227541E-09    5.8255039E-09
    3.6820000E+00    5.9171157E-09    5.7233322E-09
    3.6860000E+00    5.8146222E-09    5.6242022E-09
    3.6900000E+00    5.7151856E-09    5.5280287E-09
    3.6940000E+00    5.6187204E-09    5.4347289E-09
    3.6980000E+00    5.5251433E-09    5.3442225E-09
    3.7020000E+00    5.4343735E-09    5.2564312E-09
    3.7060000E+00    5.3463324E-09    5.1712791E-09
    3.7100000E+00    5.2609437E-09    5.0886923E-09
    3.7140000E+00    5.1781332E-09    5.0085989E-09
    3.7180000E+00    5.0978287E-09    4.9309293E-09
    3.7220000E+00    5.0199602E-09    4.8556158E-09
    3.7260000E+00    4.9444595E-09    4.7825924E-09
    3.7300000E+00    4.8712607E-09    4.7117952E-09
    3.7340000E+00    4.8002994E-09    4.6431621E-09
    3.7380000E+00    4.7315132E-09    4.5766327E-09
    3.7420000E+00    4.6648416E-09    4.5121485E-09
    3.7460000E+00    4.6002257E-09    4.4496525E-09
    3.7500000E+00    4.5376083E-09    4.3890894E-09
    3.7540000E+00    4.4769340E-09    4.3304057E-09
    3.7580000E+00    4.4181490E-09    4.2735492E-09
    3.7620000E+00    4.3612010E-09    4.2184694E-09
    3.7660000E+00    4.3060392E-09    4.1651172E-09
    3.7700000E+00    4.2526145E-09    4.1134450E-09
    3.7740000E+00    4.2008790E-09    4.0634067E-09
    3.7780000E+00    4.1507864E-09    4.0149573E-09
    3.7820000E+00    4.1022918E-09    3.9680535E-09
    3.7860000E+00    4.0553516E-09    3.9226531E-09
    3.7900000E+00    4.0099236E-09    3.8787152E-09
    3.7940000E+00    3.9659667E-09    3.8362003E-09
    3.7980000E+00    3.9234414E-09    3.7950698E-09
    3.8020000E+00    3.8823090E-09    3.7552866E-09
    3.8060000E+00    3.8425323E-09    3.7168146E-09
    3.8100000E+00    3.8040752E-09    3.6796189E-09
    3.8140000E+00    3.7669027E-09    3.6436656E-09
    3.8180000E+00    3.7309810E-09    3.6089221E-09
    3.8220000E+00    3.6962773E-09    3.5753567E-09
    3.8260000E+00    3.6627599E-09    3.5429386E-09
    3.8300000E+00    3.6303981E-09    3.5116382E-09
    3.8340000E+00    3.5991623E-09    3.4814268E-09
    3.8380000E+00    3.5690238E-09    3.4522767E-09
    3.8420000E+00    3.5399548E-09    3.4241611E-09
    3.8460000E+00    3.5119287E-09    3.3970542E-09
    3.8500000E+00    3.4849196E-09    3.3709308E-09
    3.8540000E+00    3.4589026E-09    3.3457670E-09
    3.8580000E+00    3.4338535E-09    3.3215395E-09
    3.8620000E+00    3.4097493E-09    3.2982258E-09
    3.8660000E+00    3.3865676E-09    3.2758043E-09
    3.8700000E+00    3.3642869E-09    3.2542543E-09
    3.8740000E+00    3.3428865E-09    3.2335556E-09
    3.8780000E+00    3.3223464E-09    3.2136891E-09
    3.8820000E+00    3.3026475E-09    3.1946362E-09
    3.8860000E+00    3.2837716E-09    3.1763792E-09
    3.8900000E+00    3.2657008E-09    3.1589011E-09
    3.8940000E+00    3.2484184E-09    3.1421854E-09
    3.8980000E+00    3.2319082E-09    3.1262166E-09
    3.9020000E+00    3.2161547E-09    3.1109797E-09
    3.9060000E+00    3.2011432E-09    3.0964604E-09
    3.9100000E+00    3.1868595E-09    3.0826451E-09
    3.9140000E+00    3.1732903E-09    3.0695208E-09
    3.9180000E+00    3.1604227E-09    3.0570751E-09
    3.9220000E+00    3.1482447E-09    3.0452965E-09
    3.9260000E+00    3.1367449E-09    3.0341737E-09
    3.9300000E+00    3.1259123E-09    3.0236963E-09
    3.9340000E+00    3.1157367E-09    3.0138544E-09
    3.9380000E+00    3.1062086E-09    3.0046387E-09
    3.9420000E+00    3.0973190E-09    2.9960405E-09
    3.9460000E+00    3.0890593E-09    2.9880517E-09
    3.9500000E+00    3.0814220E-09    2.9806648E-09
    3.9540000E+00    3.0743996E-09    2.9738727E-09
    3.9580000E+00    3.0679856E-09    2.9676689E-09
    3.9620000E+00    3.0621738E-09    2.9620477E-09
    3.9660000E+00    3.0569588E-09    2.9570038E-09
    3.9700000E+00    3.0523357E-09    2.9525322E-09
    3.9740000E+00    3.0483000E-09    2.9486288E-09
    3.9780000E+00    3.0448479E-09    2.9452899E-09
    3.9820000E+00    3.0419762E-09    2.9425124E-09
    3.9860000E+00    3.0396820E-09    2.9402934E-09
    3.9900000E+00    3.0379634E-09    2.9386311E-09
    3.9940000E+00    3.0368185E-09    2.9375237E-09
    3.9980000E+00    3.0362463E-09    2.9369703E-09
