# Time          1.0000E+03
# Units: Permil
    Distance        SO4--            SO164--         
    2.0000000E-03    2.1052032E+01    8.7518231E+00
    6.0000000E-03    2.1155982E+01    8.8976539E+00
    1.0000000E-02    2.1259959E+01    9.0419314E+00
    1.4000000E-02    2.1363962E+01    9.1846696E+00
    1.8000000E-02    2.1467993E+01    9.3258825E+00
    2.2000000E-02    2.1572051E+01    9.4655837E+00
    2.6000000E-02    2.1676136E+01    9.6037871E+00
    3.0000000E-02    2.1780248E+01    9.7405062E+00
    3.4000000E-02    2.1884387E+01    9.8757545E+00
    3.8000000E-02    2.1988554E+01    1.0009545E+01
    4.2000000E-02    2.2092749E+01    1.0141892E+01
    4.6000000E-02    2.2196971E+01    1.0272808E+01
    5.0000000E-02    2.2301220E+01    1.0402307E+01
    5.4000000E-02    2.2405498E+01    1.0530400E+01
    5.8000000E-02    2.2509802E+01    1.0657102E+01
    6.2000000E-02    2.2614135E+01    1.0782425E+01
    6.6000000E-02    2.2718496E+01    1.0906382E+01
    7.0000000E-02    2.2822884E+01    1.1028985E+01
    7.4000000E-02    2.2927301E+01    1.1150247E+01
    7.8000000E-02    2.3031745E+01    1.1270181E+01
    8.2000000E-02    2.3136218E+01    1.1388799E+01
    8.6000000E-02    2.3240719E+01    1.1506113E+01
    9.0000000E-02    2.3345248E+01    1.1622135E+01
    9.4000000E-02    2.3449806E+01    1.1736877E+01
    9.8000000E-02    2.3554392E+01    1.1850352E+01
    1.0200000E-01    2.3659006E+01    1.1962572E+01
    1.0600000E-01    2.3763649E+01    1.2073547E+01
    1.1000000E-01    2.3868321E+01    1.2183291E+01
    1.1400000E-01    2.3973021E+01    1.2291814E+01
    1.1800000E-01    2.4077751E+01    1.2399129E+01
    1.2200000E-01    2.4182509E+01    1.2505246E+01
    1.2600000E-01    2.4287296E+01    1.2610177E+01
    1.3000000E-01    2.4392111E+01    1.2713933E+01
    1.3400000E-01    2.4496956E+01    1.2816526E+01
    1.3800000E-01    2.4601830E+01    1.2917967E+01
    1.4200000E-01    2.4706734E+01    1.3018267E+01
    1.4600000E-01    2.4811666E+01    1.3117436E+01
    1.5000000E-01    2.4916628E+01    1.3215486E+01
    1.5400000E-01    2.5021619E+01    1.3312427E+01
    1.5800000E-01    2.5126640E+01    1.3408271E+01
    1.6200000E-01    2.5231691E+01    1.3503027E+01
    1.6600000E-01    2.5336771E+01    1.3596706E+01
    1.7000000E-01    2.5441880E+01    1.3689320E+01
    1.7400000E-01    2.5547020E+01    1.3780877E+01
    1.7800000E-01    2.5652189E+01    1.3871389E+01
    1.8200000E-01    2.5757389E+01    1.3960866E+01
    1.8600000E-01    2.5862618E+01    1.4049317E+01
    1.9000000E-01    2.5967877E+01    1.4136754E+01
    1.9400000E-01    2.6073167E+01    1.4223185E+01
    1.9800000E-01    2.6178487E+01    1.4308621E+01
    2.0200000E-01    2.6283837E+01    1.4393072E+01
    2.0600000E-01    2.6389217E+01    1.4476547E+01
    2.1000000E-01    2.6494628E+01    1.4559056E+01
    2.1400000E-01    2.6600070E+01    1.4640609E+01
    2.1800000E-01    2.6705542E+01    1.4721215E+01
    2.2200000E-01    2.6811044E+01    1.4800883E+01
    2.2600000E-01    2.6916578E+01    1.4879624E+01
    2.3000000E-01    2.7022142E+01    1.4957445E+01
    2.3400000E-01    2.7127737E+01    1.5034358E+01
    2.3800000E-01    2.7233364E+01    1.5110369E+01
    2.4200000E-01    2.7339021E+01    1.5185490E+01
    2.4600000E-01    2.7444709E+01    1.5259728E+01
    2.5000000E-01    2.7550429E+01    1.5333092E+01
    2.5400000E-01    2.7656180E+01    1.5405592E+01
    2.5800000E-01    2.7761962E+01    1.5477237E+01
    2.6200000E-01    2.7867776E+01    1.5548034E+01
    2.6600000E-01    2.7973621E+01    1.5617992E+01
    2.7000000E-01    2.8079498E+01    1.5687121E+01
    2.7400000E-01    2.8185407E+01    1.5755428E+01
    2.7800000E-01    2.8291347E+01    1.5822922E+01
    2.8200000E-01    2.8397320E+01    1.5889612E+01
    2.8600000E-01    2.8503324E+01    1.5955505E+01
    2.9000000E-01    2.8609360E+01    1.6020609E+01
    2.9400000E-01    2.8715428E+01    1.6084934E+01
    2.9800000E-01    2.8821528E+01    1.6148487E+01
    3.0200000E-01    2.8927661E+01    1.6211276E+01
    3.0600000E-01    2.9033826E+01    1.6273308E+01
    3.1000000E-01    2.9140023E+01    1.6334593E+01
    3.1400000E-01    2.9246253E+01    1.6395137E+01
    3.1800000E-01    2.9352515E+01    1.6454948E+01
    3.2200000E-01    2.9458810E+01    1.6514035E+01
    3.2600000E-01    2.9565138E+01    1.6572403E+01
    3.3000000E-01    2.9671499E+01    1.6630063E+01
    3.3400000E-01    2.9777892E+01    1.6687019E+01
    3.3800000E-01    2.9884318E+01    1.6743281E+01
    3.4200000E-01    2.9990778E+01    1.6798855E+01
    3.4600000E-01    3.0097270E+01    1.6853748E+01
    3.5000000E-01    3.0203796E+01    1.6907969E+01
    3.5400000E-01    3.0310355E+01    1.6961523E+01
    3.5800000E-01    3.0416947E+01    1.7014419E+01
    3.6200000E-01    3.0523573E+01    1.7066662E+01
    3.6600000E-01    3.0630233E+01    1.7118261E+01
    3.7000000E-01    3.0736926E+01    1.7169222E+01
    3.7400000E-01    3.0843652E+01    1.7219551E+01
    3.7800000E-01    3.0950413E+01    1.7269256E+01
    3.8200000E-01    3.1057207E+01    1.7318344E+01
    3.8600000E-01    3.1164035E+01    1.7366820E+01
    3.9000000E-01    3.1270898E+01    1.7414692E+01
    3.9400000E-01    3.1377794E+01    1.7461966E+01
    3.9800000E-01    3.1484725E+01    1.7508649E+01
    4.0200000E-01    3.1591690E+01    1.7554747E+01
    4.0600000E-01    3.1698689E+01    1.7600266E+01
    4.1000000E-01    3.1805723E+01    1.7645213E+01
    4.1400000E-01    3.1912791E+01    1.7689595E+01
    4.1800000E-01    3.2019894E+01    1.7733416E+01
    4.2200000E-01    3.2127031E+01    1.7776683E+01
    4.2600000E-01    3.2234204E+01    1.7819403E+01
    4.3000000E-01    3.2341411E+01    1.7861582E+01
    4.3400000E-01    3.2448653E+01    1.7903225E+01
    4.3800000E-01    3.2555930E+01    1.7944338E+01
    4.4200000E-01    3.2663243E+01    1.7984928E+01
    4.4600000E-01    3.2770590E+01    1.8024999E+01
    4.5000000E-01    3.2877973E+01    1.8064559E+01
    4.5400000E-01    3.2985391E+01    1.8103612E+01
    4.5800000E-01    3.3092845E+01    1.8142164E+01
    4.6200000E-01    3.3200335E+01    1.8180221E+01
    4.6600000E-01    3.3307859E+01    1.8217788E+01
    4.7000000E-01    3.3415420E+01    1.8254871E+01
    4.7400000E-01    3.3523017E+01    1.8291476E+01
    4.7800000E-01    3.3630649E+01    1.8327607E+01
    4.8200000E-01    3.3738317E+01    1.8363270E+01
    4.8600000E-01    3.3846022E+01    1.8398470E+01
    4.9000000E-01    3.3953762E+01    1.8433213E+01
    4.9400000E-01    3.4061539E+01    1.8467504E+01
    4.9800000E-01    3.4169352E+01    1.8501348E+01
    5.0200000E-01    3.4277202E+01    1.8534749E+01
    5.0600000E-01    3.4385088E+01    1.8567714E+01
    5.1000000E-01    3.4493011E+01    1.8600247E+01
    5.1400000E-01    3.4600970E+01    1.8632353E+01
    5.1800000E-01    3.4708967E+01    1.8664036E+01
    5.2200000E-01    3.4817000E+01    1.8695303E+01
    5.2600000E-01    3.4925070E+01    1.8726157E+01
    5.3000000E-01    3.5033177E+01    1.8756603E+01
    5.3400000E-01    3.5141321E+01    1.8786647E+01
    5.3800000E-01    3.5249502E+01    1.8816292E+01
    5.4200000E-01    3.5357721E+01    1.8845543E+01
    5.4600000E-01    3.5465977E+01    1.8874406E+01
    5.5000000E-01    3.5574271E+01    1.8902884E+01
    5.5400000E-01    3.5682602E+01    1.8930982E+01
    5.5800000E-01    3.5790971E+01    1.8958704E+01
    5.6200000E-01    3.5899377E+01    1.8986056E+01
    5.6600000E-01    3.6007822E+01    1.9013040E+01
    5.7000000E-01    3.6116304E+01    1.9039662E+01
    5.7400000E-01    3.6224825E+01    1.9065926E+01
    5.7800000E-01    3.6333383E+01    1.9091835E+01
    5.8200000E-01    3.6441980E+01    1.9117395E+01
    5.8600000E-01    3.6550615E+01    1.9142610E+01
    5.9000000E-01    3.6659288E+01    1.9167482E+01
    5.9400000E-01    3.6768000E+01    1.9192018E+01
    5.9800000E-01    3.6876751E+01    1.9216220E+01
    6.0200000E-01    3.6985540E+01    1.9240092E+01
    6.0600000E-01    3.7094368E+01    1.9263639E+01
    6.1000000E-01    3.7203234E+01    1.9286864E+01
    6.1400000E-01    3.7312140E+01    1.9309772E+01
    6.1800000E-01    3.7421084E+01    1.9332366E+01
    6.2200000E-01    3.7530068E+01    1.9354649E+01
    6.2600000E-01    3.7639091E+01    1.9376626E+01
    6.3000000E-01    3.7748153E+01    1.9398301E+01
    6.3400000E-01    3.7857255E+01    1.9419676E+01
    6.3800000E-01    3.7966396E+01    1.9440756E+01
    6.4200000E-01    3.8075577E+01    1.9461545E+01
    6.4600000E-01    3.8184797E+01    1.9482045E+01
    6.5000000E-01    3.8294057E+01    1.9502260E+01
    6.5400000E-01    3.8403357E+01    1.9522195E+01
    6.5800000E-01    3.8512697E+01    1.9541851E+01
    6.6200000E-01    3.8622076E+01    1.9561233E+01
    6.6600000E-01    3.8731496E+01    1.9580344E+01
    6.7000000E-01    3.8840956E+01    1.9599188E+01
    6.7400000E-01    3.8950457E+01    1.9617767E+01
    6.7800000E-01    3.9059998E+01    1.9636086E+01
    6.8200000E-01    3.9169579E+01    1.9654146E+01
    6.8600000E-01    3.9279201E+01    1.9671952E+01
    6.9000000E-01    3.9388864E+01    1.9689506E+01
    6.9400000E-01    3.9498567E+01    1.9706813E+01
    6.9800000E-01    3.9608311E+01    1.9723874E+01
    7.0200000E-01    3.9718096E+01    1.9740693E+01
    7.0600000E-01    3.9827922E+01    1.9757272E+01
    7.1000000E-01    3.9937790E+01    1.9773616E+01
    7.1400000E-01    4.0047698E+01    1.9789727E+01
    7.1800000E-01    4.0157648E+01    1.9805607E+01
    7.2200000E-01    4.0267639E+01    1.9821260E+01
    7.2600000E-01    4.0377672E+01    1.9836689E+01
    7.3000000E-01    4.0487746E+01    1.9851897E+01
    7.3400000E-01    4.0597862E+01    1.9866885E+01
    7.3800000E-01    4.0708020E+01    1.9881658E+01
    7.4200000E-01    4.0818220E+01    1.9896217E+01
    7.4600000E-01    4.0928461E+01    1.9910567E+01
    7.5000000E-01    4.1038745E+01    1.9924708E+01
    7.5400000E-01    4.1149071E+01    1.9938644E+01
    7.5800000E-01    4.1259439E+01    1.9952378E+01
    7.6200000E-01    4.1369849E+01    1.9965912E+01
    7.6600000E-01    4.1480302E+01    1.9979249E+01
    7.7000000E-01    4.1590797E+01    1.9992390E+01
    7.7400000E-01    4.1701335E+01    2.0005340E+01
    7.7800000E-01    4.1811916E+01    2.0018100E+01
    7.8200000E-01    4.1922540E+01    2.0030673E+01
    7.8600000E-01    4.2033206E+01    2.0043061E+01
    7.9000000E-01    4.2143915E+01    2.0055267E+01
    7.9400000E-01    4.2254668E+01    2.0067292E+01
    7.9800000E-01    4.2365463E+01    2.0079140E+01
    8.0200000E-01    4.2476302E+01    2.0090813E+01
    8.0600000E-01    4.2587185E+01    2.0102312E+01
    8.1000000E-01    4.2698110E+01    2.0113641E+01
    8.1400000E-01    4.2809079E+01    2.0124802E+01
    8.1800000E-01    4.2920092E+01    2.0135796E+01
    8.2200000E-01    4.3031149E+01    2.0146626E+01
    8.2600000E-01    4.3142249E+01    2.0157294E+01
    8.3000000E-01    4.3253394E+01    2.0167802E+01
    8.3400000E-01    4.3364582E+01    2.0178153E+01
    8.3800000E-01    4.3475814E+01    2.0188348E+01
    8.4200000E-01    4.3587091E+01    2.0198390E+01
    8.4600000E-01    4.3698412E+01    2.0208280E+01
    8.5000000E-01    4.3809777E+01    2.0218021E+01
    8.5400000E-01    4.3921187E+01    2.0227615E+01
    8.5800000E-01    4.4032641E+01    2.0237063E+01
    8.6200000E-01    4.4144140E+01    2.0246368E+01
    8.6600000E-01    4.4255684E+01    2.0255532E+01
    8.7000000E-01    4.4367272E+01    2.0264555E+01
    8.7400000E-01    4.4478906E+01    2.0273442E+01
    8.7800000E-01    4.4590584E+01    2.0282192E+01
    8.8200000E-01    4.4702308E+01    2.0290808E+01
    8.8600000E-01    4.4814077E+01    2.0299293E+01
    8.9000000E-01    4.4925891E+01    2.0307647E+01
    8.9400000E-01    4.5037751E+01    2.0315872E+01
    8.9800000E-01    4.5149656E+01    2.0323971E+01
    9.0200000E-01    4.5261606E+01    2.0331944E+01
    9.0600000E-01    4.5373602E+01    2.0339795E+01
    9.1000000E-01    4.5485644E+01    2.0347523E+01
    9.1400000E-01    4.5597732E+01    2.0355132E+01
    9.1800000E-01    4.5709866E+01    2.0362623E+01
    9.2200000E-01    4.5822046E+01    2.0369996E+01
    9.2600000E-01    4.5934272E+01    2.0377255E+01
    9.3000000E-01    4.6046544E+01    2.0384401E+01
    9.3400000E-01    4.6158862E+01    2.0391434E+01
    9.3800000E-01    4.6271227E+01    2.0398357E+01
    9.4200000E-01    4.6383638E+01    2.0405172E+01
    9.4600000E-01    4.6496096E+01    2.0411879E+01
    9.5000000E-01    4.6608601E+01    2.0418480E+01
    9.5400000E-01    4.6721152E+01    2.0424978E+01
    9.5800000E-01    4.6833750E+01    2.0431372E+01
    9.6200000E-01    4.6946395E+01    2.0437665E+01
    9.6600000E-01    4.7059087E+01    2.0443859E+01
    9.7000000E-01    4.7171826E+01    2.0449953E+01
    9.7400000E-01    4.7284612E+01    2.0455951E+01
    9.7800000E-01    4.7397446E+01    2.0461853E+01
    9.8200000E-01    4.7510327E+01    2.0467661E+01
    9.8600000E-01    4.7623256E+01    2.0473376E+01
    9.9000000E-01    4.7736232E+01    2.0478999E+01
    9.9400000E-01    4.7849255E+01    2.0484531E+01
    9.9800000E-01    4.7962327E+01    2.0489975E+01
    1.0020000E+00    4.8075446E+01    2.0495331E+01
    1.0060000E+00    4.8188613E+01    2.0500600E+01
    1.0100000E+00    4.8301828E+01    2.0505784E+01
    1.0140000E+00    4.8415091E+01    2.0510884E+01
    1.0180000E+00    4.8528402E+01    2.0515902E+01
    1.0220000E+00    4.8641762E+01    2.0520837E+01
    1.0260000E+00    4.8755170E+01    2.0525693E+01
    1.0300000E+00    4.8868626E+01    2.0530468E+01
    1.0340000E+00    4.8982131E+01    2.0535166E+01
    1.0380000E+00    4.9095684E+01    2.0539787E+01
    1.0420000E+00    4.9209286E+01    2.0544332E+01
    1.0460000E+00    4.9322937E+01    2.0548802E+01
    1.0500000E+00    4.9436636E+01    2.0553199E+01
    1.0540000E+00    4.9550385E+01    2.0557523E+01
    1.0580000E+00    4.9664183E+01    2.0561776E+01
    1.0620000E+00    4.9778029E+01    2.0565958E+01
    1.0660000E+00    4.9891925E+01    2.0570071E+01
    1.0700000E+00    5.0005870E+01    2.0574115E+01
    1.0740000E+00    5.0119865E+01    2.0578092E+01
    1.0780000E+00    5.0233908E+01    2.0582003E+01
    1.0820000E+00    5.0348002E+01    2.0585848E+01
    1.0860000E+00    5.0462145E+01    2.0589629E+01
    1.0900000E+00    5.0576337E+01    2.0593347E+01
    1.0940000E+00    5.0690580E+01    2.0597002E+01
    1.0980000E+00    5.0804872E+01    2.0600595E+01
    1.1020000E+00    5.0919214E+01    2.0604128E+01
    1.1060000E+00    5.1033606E+01    2.0607601E+01
    1.1100000E+00    5.1148048E+01    2.0611016E+01
    1.1140000E+00    5.1262540E+01    2.0614372E+01
    1.1180000E+00    5.1377083E+01    2.0617672E+01
    1.1220000E+00    5.1491676E+01    2.0620915E+01
    1.1260000E+00    5.1606319E+01    2.0624103E+01
    1.1300000E+00    5.1721013E+01    2.0627237E+01
    1.1340000E+00    5.1835757E+01    2.0630317E+01
    1.1380000E+00    5.1950552E+01    2.0633344E+01
    1.1420000E+00    5.2065397E+01    2.0636319E+01
    1.1460000E+00    5.2180293E+01    2.0639243E+01
    1.1500000E+00    5.2295240E+01    2.0642116E+01
    1.1540000E+00    5.2410239E+01    2.0644940E+01
    1.1580000E+00    5.2525288E+01    2.0647715E+01
    1.1620000E+00    5.2640388E+01    2.0650441E+01
    1.1660000E+00    5.2755539E+01    2.0653121E+01
    1.1700000E+00    5.2870741E+01    2.0655753E+01
    1.1740000E+00    5.2985995E+01    2.0658340E+01
    1.1780000E+00    5.3101300E+01    2.0660881E+01
    1.1820000E+00    5.3216657E+01    2.0663378E+01
    1.1860000E+00    5.3332065E+01    2.0665831E+01
    1.1900000E+00    5.3447524E+01    2.0668241E+01
    1.1940000E+00    5.3563035E+01    2.0670609E+01
    1.1980000E+00    5.3678598E+01    2.0672935E+01
    1.2020000E+00    5.3794213E+01    2.0675219E+01
    1.2060000E+00    5.3909879E+01    2.0677463E+01
    1.2100000E+00    5.4025598E+01    2.0679668E+01
    1.2140000E+00    5.4141368E+01    2.0681833E+01
    1.2180000E+00    5.4257191E+01    2.0683959E+01
    1.2220000E+00    5.4373065E+01    2.0686048E+01
    1.2260000E+00    5.4488992E+01    2.0688099E+01
    1.2300000E+00    5.4604971E+01    2.0690113E+01
    1.2340000E+00    5.4721003E+01    2.0692091E+01
    1.2380000E+00    5.4837086E+01    2.0694033E+01
    1.2420000E+00    5.4953222E+01    2.0695941E+01
    1.2460000E+00    5.5069411E+01    2.0697814E+01
    1.2500000E+00    5.5185652E+01    2.0699652E+01
    1.2540000E+00    5.5301946E+01    2.0701458E+01
    1.2580000E+00    5.5418292E+01    2.0703231E+01
    1.2620000E+00    5.5534692E+01    2.0704971E+01
    1.2660000E+00    5.5651144E+01    2.0706679E+01
    1.2700000E+00    5.5767649E+01    2.0708357E+01
    1.2740000E+00    5.5884206E+01    2.0710003E+01
    1.2780000E+00    5.6000817E+01    2.0711619E+01
    1.2820000E+00    5.6117481E+01    2.0713206E+01
    1.2860000E+00    5.6234198E+01    2.0714763E+01
    1.2900000E+00    5.6350968E+01    2.0716291E+01
    1.2940000E+00    5.6467791E+01    2.0717791E+01
    1.2980000E+00    5.6584668E+01    2.0719263E+01
    1.3020000E+00    5.6701598E+01    2.0720707E+01
    1.3060000E+00    5.6818581E+01    2.0722125E+01
    1.3100000E+00    5.6935617E+01    2.0723516E+01
    1.3140000E+00    5.7052707E+01    2.0724881E+01
    1.3180000E+00    5.7169851E+01    2.0726220E+01
    1.3220000E+00    5.7287048E+01    2.0727534E+01
    1.3260000E+00    5.7404299E+01    2.0728824E+01
    1.3300000E+00    5.7521603E+01    2.0730089E+01
    1.3340000E+00    5.7638961E+01    2.0731329E+01
    1.3380000E+00    5.7756373E+01    2.0732547E+01
    1.3420000E+00    5.7873838E+01    2.0733741E+01
    1.3460000E+00    5.7991358E+01    2.0734912E+01
    1.3500000E+00    5.8108931E+01    2.0736061E+01
    1.3540000E+00    5.8226558E+01    2.0737188E+01
    1.3580000E+00    5.8344240E+01    2.0738293E+01
    1.3620000E+00    5.8461975E+01    2.0739377E+01
    1.3660000E+00    5.8579764E+01    2.0740439E+01
    1.3700000E+00    5.8697607E+01    2.0741482E+01
    1.3740000E+00    5.8815505E+01    2.0742504E+01
    1.3780000E+00    5.8933456E+01    2.0743506E+01
    1.3820000E+00    5.9051462E+01    2.0744488E+01
    1.3860000E+00    5.9169522E+01    2.0745452E+01
    1.3900000E+00    5.9287636E+01    2.0746396E+01
    1.3940000E+00    5.9405805E+01    2.0747322E+01
    1.3980000E+00    5.9524027E+01    2.0748229E+01
    1.4020000E+00    5.9642304E+01    2.0749119E+01
    1.4060000E+00    5.9760636E+01    2.0749991E+01
    1.4100000E+00    5.9879022E+01    2.0750846E+01
    1.4140000E+00    5.9997462E+01    2.0751683E+01
    1.4180000E+00    6.0115957E+01    2.0752504E+01
    1.4220000E+00    6.0234507E+01    2.0753309E+01
    1.4260000E+00    6.0353110E+01    2.0754097E+01
    1.4300000E+00    6.0471769E+01    2.0754869E+01
    1.4340000E+00    6.0590482E+01    2.0755626E+01
    1.4380000E+00    6.0709249E+01    2.0756368E+01
    1.4420000E+00    6.0828071E+01    2.0757094E+01
    1.4460000E+00    6.0946948E+01    2.0757806E+01
    1.4500000E+00    6.1065879E+01    2.0758503E+01
    1.4540000E+00    6.1184865E+01    2.0759185E+01
    1.4580000E+00    6.1303906E+01    2.0759854E+01
    1.4620000E+00    6.1423001E+01    2.0760509E+01
    1.4660000E+00    6.1542152E+01    2.0761151E+01
    1.4700000E+00    6.1661356E+01    2.0761779E+01
    1.4740000E+00    6.1780616E+01    2.0762394E+01
    1.4780000E+00    6.1899930E+01    2.0762996E+01
    1.4820000E+00    6.2019299E+01    2.0763586E+01
    1.4860000E+00    6.2138723E+01    2.0764163E+01
    1.4900000E+00    6.2258201E+01    2.0764729E+01
    1.4940000E+00    6.2377734E+01    2.0765282E+01
    1.4980000E+00    6.2497322E+01    2.0765823E+01
    1.5020000E+00    6.2616965E+01    2.0766353E+01
    1.5060000E+00    6.2736662E+01    2.0766872E+01
    1.5100000E+00    6.2856414E+01    2.0767380E+01
    1.5140000E+00    6.2976221E+01    2.0767877E+01
    1.5180000E+00    6.3096083E+01    2.0768363E+01
    1.5220000E+00    6.3215999E+01    2.0768838E+01
    1.5260000E+00    6.3335970E+01    2.0769303E+01
    1.5300000E+00    6.3455996E+01    2.0769759E+01
    1.5340000E+00    6.3576076E+01    2.0770204E+01
    1.5380000E+00    6.3696212E+01    2.0770639E+01
    1.5420000E+00    6.3816401E+01    2.0771065E+01
    1.5460000E+00    6.3936646E+01    2.0771482E+01
    1.5500000E+00    6.4056945E+01    2.0771889E+01
    1.5540000E+00    6.4177299E+01    2.0772287E+01
    1.5580000E+00    6.4297708E+01    2.0772676E+01
    1.5620000E+00    6.4418171E+01    2.0773057E+01
    1.5660000E+00    6.4538688E+01    2.0773429E+01
    1.5700000E+00    6.4659260E+01    2.0773793E+01
    1.5740000E+00    6.4779887E+01    2.0774148E+01
    1.5780000E+00    6.4900568E+01    2.0774495E+01
    1.5820000E+00    6.5021304E+01    2.0774835E+01
    1.5860000E+00    6.5142094E+01    2.0775166E+01
    1.5900000E+00    6.5262939E+01    2.0775490E+01
    1.5940000E+00    6.5383838E+01    2.0775807E+01
    1.5980000E+00    6.5504791E+01    2.0776116E+01
    1.6020000E+00    6.5625799E+01    2.0776418E+01
    1.6060000E+00    6.5746860E+01    2.0776713E+01
    1.6100000E+00    6.5867976E+01    2.0777000E+01
    1.6140000E+00    6.5989147E+01    2.0777281E+01
    1.6180000E+00    6.6110371E+01    2.0777556E+01
    1.6220000E+00    6.6231649E+01    2.0777824E+01
    1.6260000E+00    6.6352982E+01    2.0778085E+01
    1.6300000E+00    6.6474368E+01    2.0778340E+01
    1.6340000E+00    6.6595809E+01    2.0778589E+01
    1.6380000E+00    6.6717303E+01    2.0778832E+01
    1.6420000E+00    6.6838851E+01    2.0779069E+01
    1.6460000E+00    6.6960453E+01    2.0779300E+01
    1.6500000E+00    6.7082109E+01    2.0779525E+01
    1.6540000E+00    6.7203818E+01    2.0779745E+01
    1.6580000E+00    6.7325581E+01    2.0779959E+01
    1.6620000E+00    6.7447398E+01    2.0780168E+01
    1.6660000E+00    6.7569267E+01    2.0780371E+01
    1.6700000E+00    6.7691191E+01    2.0780570E+01
    1.6740000E+00    6.7813167E+01    2.0780763E+01
    1.6780000E+00    6.7935197E+01    2.0780951E+01
    1.6820000E+00    6.8057280E+01    2.0781135E+01
    1.6860000E+00    6.8179417E+01    2.0781313E+01
    1.6900000E+00    6.8301606E+01    2.0781487E+01
    1.6940000E+00    6.8423848E+01    2.0781656E+01
    1.6980000E+00    6.8546143E+01    2.0781821E+01
    1.7020000E+00    6.8668491E+01    2.0781982E+01
    1.7060000E+00    6.8790891E+01    2.0782138E+01
    1.7100000E+00    6.8913344E+01    2.0782289E+01
    1.7140000E+00    6.9035850E+01    2.0782437E+01
    1.7180000E+00    6.9158408E+01    2.0782581E+01
    1.7220000E+00    6.9281018E+01    2.0782720E+01
    1.7260000E+00    6.9403680E+01    2.0782856E+01
    1.7300000E+00    6.9526395E+01    2.0782988E+01
    1.7340000E+00    6.9649162E+01    2.0783116E+01
    1.7380000E+00    6.9771980E+01    2.0783240E+01
    1.7420000E+00    6.9894850E+01    2.0783361E+01
    1.7460000E+00    7.0017772E+01    2.0783478E+01
    1.7500000E+00    7.0140746E+01    2.0783592E+01
    1.7540000E+00    7.0263771E+01    2.0783703E+01
    1.7580000E+00    7.0386847E+01    2.0783810E+01
    1.7620000E+00    7.0509975E+01    2.0783914E+01
    1.7660000E+00    7.0633154E+01    2.0784015E+01
    1.7700000E+00    7.0756383E+01    2.0784112E+01
    1.7740000E+00    7.0879664E+01    2.0784207E+01
    1.7780000E+00    7.1002995E+01    2.0784298E+01
    1.7820000E+00    7.1126377E+01    2.0784387E+01
    1.7860000E+00    7.1249809E+01    2.0784473E+01
    1.7900000E+00    7.1373292E+01    2.0784556E+01
    1.7940000E+00    7.1496825E+01    2.0784636E+01
    1.7980000E+00    7.1620408E+01    2.0784713E+01
    1.8020000E+00    7.1744040E+01    2.0784788E+01
    1.8060000E+00    7.1867723E+01    2.0784861E+01
    1.8100000E+00    7.1991455E+01    2.0784930E+01
    1.8140000E+00    7.2115237E+01    2.0784998E+01
    1.8180000E+00    7.2239067E+01    2.0785063E+01
    1.8220000E+00    7.2362947E+01    2.0785125E+01
    1.8260000E+00    7.2486876E+01    2.0785186E+01
    1.8300000E+00    7.2610854E+01    2.0785244E+01
    1.8340000E+00    7.2734880E+01    2.0785300E+01
    1.8380000E+00    7.2858955E+01    2.0785353E+01
    1.8420000E+00    7.2983078E+01    2.0785405E+01
    1.8460000E+00    7.3107249E+01    2.0785454E+01
    1.8500000E+00    7.3231468E+01    2.0785502E+01
    1.8540000E+00    7.3355735E+01    2.0785547E+01
    1.8580000E+00    7.3480049E+01    2.0785591E+01
    1.8620000E+00    7.3604411E+01    2.0785632E+01
    1.8660000E+00    7.3728820E+01    2.0785672E+01
    1.8700000E+00    7.3853276E+01    2.0785710E+01
    1.8740000E+00    7.3977779E+01    2.0785746E+01
    1.8780000E+00    7.4102328E+01    2.0785781E+01
    1.8820000E+00    7.4226924E+01    2.0785814E+01
    1.8860000E+00    7.4351566E+01    2.0785845E+01
    1.8900000E+00    7.4476254E+01    2.0785874E+01
    1.8940000E+00    7.4600987E+01    2.0785902E+01
    1.8980000E+00    7.4725767E+01    2.0785929E+01
    1.9020000E+00    7.4850591E+01    2.0785953E+01
    1.9060000E+00    7.4975461E+01    2.0785977E+01
    1.9100000E+00    7.5100375E+01    2.0785999E+01
    1.9140000E+00    7.5225335E+01    2.0786019E+01
    1.9180000E+00    7.5350338E+01    2.0786039E+01
    1.9220000E+00    7.5475386E+01    2.0786056E+01
    1.9260000E+00    7.5600478E+01    2.0786073E+01
    1.9300000E+00    7.5725614E+01    2.0786088E+01
    1.9340000E+00    7.5850793E+01    2.0786102E+01
    1.9380000E+00    7.5976015E+01    2.0786115E+01
    1.9420000E+00    7.6101280E+01    2.0786127E+01
    1.9460000E+00    7.6226588E+01    2.0786137E+01
    1.9500000E+00    7.6351938E+01    2.0786146E+01
    1.9540000E+00    7.6477331E+01    2.0786154E+01
    1.9580000E+00    7.6602765E+01    2.0786162E+01
    1.9620000E+00    7.6728241E+01    2.0786168E+01
    1.9660000E+00    7.6853759E+01    2.0786173E+01
    1.9700000E+00    7.6979318E+01    2.0786177E+01
    1.9740000E+00    7.7104917E+01    2.0786180E+01
    1.9780000E+00    7.7230557E+01    2.0786182E+01
    1.9820000E+00    7.7356237E+01    2.0786183E+01
    1.9860000E+00    7.7481958E+01    2.0786183E+01
    1.9900000E+00    7.7607717E+01    2.0786182E+01
    1.9940000E+00    7.7733517E+01    2.0786181E+01
    1.9980000E+00    7.7859355E+01    2.0786178E+01
    2.0020000E+00    7.7985232E+01    2.0786175E+01
    2.0060000E+00    7.8111148E+01    2.0786171E+01
    2.0100000E+00    7.8237101E+01    2.0786166E+01
    2.0140000E+00    7.8363093E+01    2.0786161E+01
    2.0180000E+00    7.8489122E+01    2.0786154E+01
    2.0220000E+00    7.8615188E+01    2.0786147E+01
    2.0260000E+00    7.8741291E+01    2.0786140E+01
    2.0300000E+00    7.8867430E+01    2.0786131E+01
    2.0340000E+00    7.8993606E+01    2.0786122E+01
    2.0380000E+00    7.9119818E+01    2.0786112E+01
    2.0420000E+00    7.9246064E+01    2.0786102E+01
    2.0460000E+00    7.9372347E+01    2.0786091E+01
    2.0500000E+00    7.9498663E+01    2.0786079E+01
    2.0540000E+00    7.9625015E+01    2.0786067E+01
    2.0580000E+00    7.9751400E+01    2.0786054E+01
    2.0620000E+00    7.9877819E+01    2.0786041E+01
    2.0660000E+00    8.0004271E+01    2.0786027E+01
    2.0700000E+00    8.0130757E+01    2.0786013E+01
    2.0740000E+00    8.0257275E+01    2.0785998E+01
    2.0780000E+00    8.0383825E+01    2.0785983E+01
    2.0820000E+00    8.0510406E+01    2.0785967E+01
    2.0860000E+00    8.0637020E+01    2.0785950E+01
    2.0900000E+00    8.0763664E+01    2.0785934E+01
    2.0940000E+00    8.0890339E+01    2.0785916E+01
    2.0980000E+00    8.1017044E+01    2.0785899E+01
    2.1020000E+00    8.1143778E+01    2.0785881E+01
    2.1060000E+00    8.1270543E+01    2.0785862E+01
    2.1100000E+00    8.1397336E+01    2.0785843E+01
    2.1140000E+00    8.1524157E+01    2.0785824E+01
    2.1180000E+00    8.1651007E+01    2.0785805E+01
    2.1220000E+00    8.1777884E+01    2.0785785E+01
    2.1260000E+00    8.1904789E+01    2.0785764E+01
    2.1300000E+00    8.2031720E+01    2.0785744E+01
    2.1340000E+00    8.2158678E+01    2.0785723E+01
    2.1380000E+00    8.2285661E+01    2.0785701E+01
    2.1420000E+00    8.2412670E+01    2.0785680E+01
    2.1460000E+00    8.2539704E+01    2.0785658E+01
    2.1500000E+00    8.2666763E+01    2.0785636E+01
    2.1540000E+00    8.2793845E+01    2.0785613E+01
    2.1580000E+00    8.2920951E+01    2.0785590E+01
    2.1620000E+00    8.3048080E+01    2.0785567E+01
    2.1660000E+00    8.3175232E+01    2.0785544E+01
    2.1700000E+00    8.3302405E+01    2.0785521E+01
    2.1740000E+00    8.3429601E+01    2.0785497E+01
    2.1780000E+00    8.3556817E+01    2.0785473E+01
    2.1820000E+00    8.3684054E+01    2.0785449E+01
    2.1860000E+00    8.3811311E+01    2.0785424E+01
    2.1900000E+00    8.3938588E+01    2.0785400E+01
    2.1940000E+00    8.4065883E+01    2.0785375E+01
    2.1980000E+00    8.4193198E+01    2.0785350E+01
    2.2020000E+00    8.4320530E+01    2.0785325E+01
    2.2060000E+00    8.4447879E+01    2.0785300E+01
    2.2100000E+00    8.4575246E+01    2.0785274E+01
    2.2140000E+00    8.4702628E+01    2.0785249E+01
    2.2180000E+00    8.4830027E+01    2.0785223E+01
    2.2220000E+00    8.4957441E+01    2.0785197E+01
    2.2260000E+00    8.5084869E+01    2.0785171E+01
    2.2300000E+00    8.5212312E+01    2.0785145E+01
    2.2340000E+00    8.5339768E+01    2.0785118E+01
    2.2380000E+00    8.5467237E+01    2.0785092E+01
    2.2420000E+00    8.5594719E+01    2.0785065E+01
    2.2460000E+00    8.5722212E+01    2.0785039E+01
    2.2500000E+00    8.5849717E+01    2.0785012E+01
    2.2540000E+00    8.5977232E+01    2.0784985E+01
    2.2580000E+00    8.6104757E+01    2.0784958E+01
    2.2620000E+00    8.6232291E+01    2.0784931E+01
    2.2660000E+00    8.6359834E+01    2.0784904E+01
    2.2700000E+00    8.6487386E+01    2.0784877E+01
    2.2740000E+00    8.6614944E+01    2.0784849E+01
    2.2780000E+00    8.6742510E+01    2.0784822E+01
    2.2820000E+00    8.6870082E+01    2.0784794E+01
    2.2860000E+00    8.6997659E+01    2.0784767E+01
    2.2900000E+00    8.7125242E+01    2.0784739E+01
    2.2940000E+00    8.7252828E+01    2.0784712E+01
    2.2980000E+00    8.7380419E+01    2.0784684E+01
    2.3020000E+00    8.7508012E+01    2.0784656E+01
    2.3060000E+00    8.7635607E+01    2.0784628E+01
    2.3100000E+00    8.7763204E+01    2.0784601E+01
    2.3140000E+00    8.7890802E+01    2.0784573E+01
    2.3180000E+00    8.8018400E+01    2.0784545E+01
    2.3220000E+00    8.8145998E+01    2.0784517E+01
    2.3260000E+00    8.8273594E+01    2.0784489E+01
    2.3300000E+00    8.8401188E+01    2.0784461E+01
    2.3340000E+00    8.8528780E+01    2.0784433E+01
    2.3380000E+00    8.8656369E+01    2.0784405E+01
    2.3420000E+00    8.8783953E+01    2.0784377E+01
    2.3460000E+00    8.8911532E+01    2.0784349E+01
    2.3500000E+00    8.9039106E+01    2.0784321E+01
    2.3540000E+00    8.9166674E+01    2.0784293E+01
    2.3580000E+00    8.9294234E+01    2.0784265E+01
    2.3620000E+00    8.9421787E+01    2.0784237E+01
    2.3660000E+00    8.9549331E+01    2.0784209E+01
    2.3700000E+00    8.9676866E+01    2.0784181E+01
    2.3740000E+00    8.9804391E+01    2.0784153E+01
    2.3780000E+00    8.9931904E+01    2.0784125E+01
    2.3820000E+00    9.0059406E+01    2.0784097E+01
    2.3860000E+00    9.0186896E+01    2.0784069E+01
    2.3900000E+00    9.0314372E+01    2.0784041E+01
    2.3940000E+00    9.0441834E+01    2.0784013E+01
    2.3980000E+00    9.0569281E+01    2.0783985E+01
    2.4020000E+00    9.0696712E+01    2.0783957E+01
    2.4060000E+00    9.0824126E+01    2.0783930E+01
    2.4100000E+00    9.0951524E+01    2.0783902E+01
    2.4140000E+00    9.1078902E+01    2.0783874E+01
    2.4180000E+00    9.1206262E+01    2.0783846E+01
    2.4220000E+00    9.1333602E+01    2.0783818E+01
    2.4260000E+00    9.1460921E+01    2.0783791E+01
    2.4300000E+00    9.1588218E+01    2.0783763E+01
    2.4340000E+00    9.1715492E+01    2.0783736E+01
    2.4380000E+00    9.1842743E+01    2.0783708E+01
    2.4420000E+00    9.1969970E+01    2.0783680E+01
    2.4460000E+00    9.2097171E+01    2.0783653E+01
    2.4500000E+00    9.2224347E+01    2.0783625E+01
    2.4540000E+00    9.2351495E+01    2.0783598E+01
    2.4580000E+00    9.2478615E+01    2.0783571E+01
    2.4620000E+00    9.2605706E+01    2.0783543E+01
    2.4660000E+00    9.2732767E+01    2.0783516E+01
    2.4700000E+00    9.2859798E+01    2.0783489E+01
    2.4740000E+00    9.2986796E+01    2.0783462E+01
    2.4780000E+00    9.3113763E+01    2.0783435E+01
    2.4820000E+00    9.3240695E+01    2.0783408E+01
    2.4860000E+00    9.3367593E+01    2.0783381E+01
    2.4900000E+00    9.3494455E+01    2.0783354E+01
    2.4940000E+00    9.3621281E+01    2.0783327E+01
    2.4980000E+00    9.3748069E+01    2.0783300E+01
    2.5020000E+00    9.3874818E+01    2.0783273E+01
    2.5060000E+00    9.4001528E+01    2.0783247E+01
    2.5100000E+00    9.4128198E+01    2.0783220E+01
    2.5140000E+00    9.4254826E+01    2.0783194E+01
    2.5180000E+00    9.4381411E+01    2.0783167E+01
    2.5220000E+00    9.4507953E+01    2.0783141E+01
    2.5260000E+00    9.4634450E+01    2.0783114E+01
    2.5300000E+00    9.4760901E+01    2.0783088E+01
    2.5340000E+00    9.4887306E+01    2.0783062E+01
    2.5380000E+00    9.5013663E+01    2.0783036E+01
    2.5420000E+00    9.5139971E+01    2.0783010E+01
    2.5460000E+00    9.5266229E+01    2.0782984E+01
    2.5500000E+00    9.5392436E+01    2.0782958E+01
    2.5540000E+00    9.5518591E+01    2.0782932E+01
    2.5580000E+00    9.5644693E+01    2.0782906E+01
    2.5620000E+00    9.5770740E+01    2.0782880E+01
    2.5660000E+00    9.5896732E+01    2.0782855E+01
    2.5700000E+00    9.6022668E+01    2.0782829E+01
    2.5740000E+00    9.6148546E+01    2.0782804E+01
    2.5780000E+00    9.6274365E+01    2.0782778E+01
    2.5820000E+00    9.6400125E+01    2.0782753E+01
    2.5860000E+00    9.6525823E+01    2.0782728E+01
    2.5900000E+00    9.6651459E+01    2.0782702E+01
    2.5940000E+00    9.6777032E+01    2.0782677E+01
    2.5980000E+00    9.6902540E+01    2.0782652E+01
    2.6020000E+00    9.7027983E+01    2.0782627E+01
    2.6060000E+00    9.7153359E+01    2.0782602E+01
    2.6100000E+00    9.7278666E+01    2.0782577E+01
    2.6140000E+00    9.7403905E+01    2.0782553E+01
    2.6180000E+00    9.7529073E+01    2.0782528E+01
    2.6220000E+00    9.7654170E+01    2.0782504E+01
    2.6260000E+00    9.7779193E+01    2.0782479E+01
    2.6300000E+00    9.7904143E+01    2.0782455E+01
    2.6340000E+00    9.8029017E+01    2.0782430E+01
    2.6380000E+00    9.8153815E+01    2.0782406E+01
    2.6420000E+00    9.8278534E+01    2.0782382E+01
    2.6460000E+00    9.8403175E+01    2.0782358E+01
    2.6500000E+00    9.8527736E+01    2.0782334E+01
    2.6540000E+00    9.8652215E+01    2.0782310E+01
    2.6580000E+00    9.8776611E+01    2.0782286E+01
    2.6620000E+00    9.8900923E+01    2.0782262E+01
    2.6660000E+00    9.9025149E+01    2.0782239E+01
    2.6700000E+00    9.9149289E+01    2.0782215E+01
    2.6740000E+00    9.9273341E+01    2.0782191E+01
    2.6780000E+00    9.9397303E+01    2.0782168E+01
    2.6820000E+00    9.9521175E+01    2.0782145E+01
    2.6860000E+00    9.9644955E+01    2.0782121E+01
    2.6900000E+00    9.9768641E+01    2.0782098E+01
    2.6940000E+00    9.9892233E+01    2.0782075E+01
    2.6980000E+00    1.0001573E+02    2.0782052E+01
    2.7020000E+00    1.0013913E+02    2.0782029E+01
    2.7060000E+00    1.0026243E+02    2.0782006E+01
    2.7100000E+00    1.0038563E+02    2.0781983E+01
    2.7140000E+00    1.0050872E+02    2.0781961E+01
    2.7180000E+00    1.0063172E+02    2.0781938E+01
    2.7220000E+00    1.0075461E+02    2.0781916E+01
    2.7260000E+00    1.0087740E+02    2.0781893E+01
    2.7300000E+00    1.0100007E+02    2.0781871E+01
    2.7340000E+00    1.0112264E+02    2.0781849E+01
    2.7380000E+00    1.0124510E+02    2.0781826E+01
    2.7420000E+00    1.0136745E+02    2.0781804E+01
    2.7460000E+00    1.0148969E+02    2.0781782E+01
    2.7500000E+00    1.0161181E+02    2.0781760E+01
    2.7540000E+00    1.0173381E+02    2.0781739E+01
    2.7580000E+00    1.0185570E+02    2.0781717E+01
    2.7620000E+00    1.0197747E+02    2.0781695E+01
    2.7660000E+00    1.0209912E+02    2.0781674E+01
    2.7700000E+00    1.0222065E+02    2.0781652E+01
    2.7740000E+00    1.0234206E+02    2.0781631E+01
    2.7780000E+00    1.0246334E+02    2.0781609E+01
    2.7820000E+00    1.0258449E+02    2.0781588E+01
    2.7860000E+00    1.0270552E+02    2.0781567E+01
    2.7900000E+00    1.0282642E+02    2.0781546E+01
    2.7940000E+00    1.0294718E+02    2.0781525E+01
    2.7980000E+00    1.0306782E+02    2.0781504E+01
    2.8020000E+00    1.0318832E+02    2.0781483E+01
    2.8060000E+00    1.0330869E+02    2.0781462E+01
    2.8100000E+00    1.0342892E+02    2.0781442E+01
    2.8140000E+00    1.0354901E+02    2.0781421E+01
    2.8180000E+00    1.0366896E+02    2.0781401E+01
    2.8220000E+00    1.0378877E+02    2.0781380E+01
    2.8260000E+00    1.0390843E+02    2.0781360E+01
    2.8300000E+00    1.0402796E+02    2.0781340E+01
    2.8340000E+00    1.0414733E+02    2.0781320E+01
    2.8380000E+00    1.0426656E+02    2.0781299E+01
    2.8420000E+00    1.0438564E+02    2.0781280E+01
    2.8460000E+00    1.0450456E+02    2.0781260E+01
    2.8500000E+00    1.0462334E+02    2.0781240E+01
    2.8540000E+00    1.0474196E+02    2.0781220E+01
    2.8580000E+00    1.0486042E+02    2.0781200E+01
    2.8620000E+00    1.0497873E+02    2.0781181E+01
    2.8660000E+00    1.0509688E+02    2.0781161E+01
    2.8700000E+00    1.0521486E+02    2.0781142E+01
    2.8740000E+00    1.0533269E+02    2.0781123E+01
    2.8780000E+00    1.0545035E+02    2.0781103E+01
    2.8820000E+00    1.0556784E+02    2.0781084E+01
    2.8860000E+00    1.0568517E+02    2.0781065E+01
    2.8900000E+00    1.0580232E+02    2.0781046E+01
    2.8940000E+00    1.0591931E+02    2.0781027E+01
    2.8980000E+00    1.0603612E+02    2.0781008E+01
    2.9020000E+00    1.0615276E+02    2.0780990E+01
    2.9060000E+00    1.0626922E+02    2.0780971E+01
    2.9100000E+00    1.0638550E+02    2.0780953E+01
    2.9140000E+00    1.0650161E+02    2.0780934E+01
    2.9180000E+00    1.0661753E+02    2.0780916E+01
    2.9220000E+00    1.0673327E+02    2.0780897E+01
    2.9260000E+00    1.0684883E+02    2.0780879E+01
    2.9300000E+00    1.0696420E+02    2.0780861E+01
    2.9340000E+00    1.0707938E+02    2.0780843E+01
    2.9380000E+00    1.0719437E+02    2.0780825E+01
    2.9420000E+00    1.0730916E+02    2.0780807E+01
    2.9460000E+00    1.0742377E+02    2.0780789E+01
    2.9500000E+00    1.0753818E+02    2.0780771E+01
    2.9540000E+00    1.0765239E+02    2.0780754E+01
    2.9580000E+00    1.0776640E+02    2.0780736E+01
    2.9620000E+00    1.0788021E+02    2.0780718E+01
    2.9660000E+00    1.0799382E+02    2.0780701E+01
    2.9700000E+00    1.0810723E+02    2.0780684E+01
    2.9740000E+00    1.0822042E+02    2.0780666E+01
    2.9780000E+00    1.0833341E+02    2.0780649E+01
    2.9820000E+00    1.0844619E+02    2.0780632E+01
    2.9860000E+00    1.0855876E+02    2.0780615E+01
    2.9900000E+00    1.0867112E+02    2.0780598E+01
    2.9940000E+00    1.0878326E+02    2.0780581E+01
    2.9980000E+00    1.0889518E+02    2.0780564E+01
    3.0020000E+00    1.0900688E+02    2.0780548E+01
    3.0060000E+00    1.0911836E+02    2.0780531E+01
    3.0100000E+00    1.0922962E+02    2.0780515E+01
    3.0140000E+00    1.0934065E+02    2.0780498E+01
    3.0180000E+00    1.0945146E+02    2.0780482E+01
    3.0220000E+00    1.0956204E+02    2.0780465E+01
    3.0260000E+00    1.0967238E+02    2.0780449E+01
    3.0300000E+00    1.0978250E+02    2.0780433E+01
    3.0340000E+00    1.0989238E+02    2.0780417E+01
    3.0380000E+00    1.1000203E+02    2.0780401E+01
    3.0420000E+00    1.1011143E+02    2.0780385E+01
    3.0460000E+00    1.1022060E+02    2.0780369E+01
    3.0500000E+00    1.1032952E+02    2.0780353E+01
    3.0540000E+00    1.1043820E+02    2.0780338E+01
    3.0580000E+00    1.1054664E+02    2.0780322E+01
    3.0620000E+00    1.1065483E+02    2.0780306E+01
    3.0660000E+00    1.1076276E+02    2.0780291E+01
    3.0700000E+00    1.1087045E+02    2.0780276E+01
    3.0740000E+00    1.1097788E+02    2.0780260E+01
    3.0780000E+00    1.1108506E+02    2.0780245E+01
    3.0820000E+00    1.1119198E+02    2.0780230E+01
    3.0860000E+00    1.1129864E+02    2.0780215E+01
    3.0900000E+00    1.1140504E+02    2.0780200E+01
    3.0940000E+00    1.1151117E+02    2.0780185E+01
    3.0980000E+00    1.1161704E+02    2.0780170E+01
    3.1020000E+00    1.1172264E+02    2.0780155E+01
    3.1060000E+00    1.1182798E+02    2.0780141E+01
    3.1100000E+00    1.1193304E+02    2.0780126E+01
    3.1140000E+00    1.1203783E+02    2.0780111E+01
    3.1180000E+00    1.1214234E+02    2.0780097E+01
    3.1220000E+00    1.1224658E+02    2.0780083E+01
    3.1260000E+00    1.1235054E+02    2.0780068E+01
    3.1300000E+00    1.1245421E+02    2.0780054E+01
    3.1340000E+00    1.1255761E+02    2.0780040E+01
    3.1380000E+00    1.1266071E+02    2.0780026E+01
    3.1420000E+00    1.1276353E+02    2.0780012E+01
    3.1460000E+00    1.1286606E+02    2.0779998E+01
    3.1500000E+00    1.1296830E+02    2.0779984E+01
    3.1540000E+00    1.1307025E+02    2.0779970E+01
    3.1580000E+00    1.1317190E+02    2.0779956E+01
    3.1620000E+00    1.1327326E+02    2.0779943E+01
    3.1660000E+00    1.1337431E+02    2.0779929E+01
    3.1700000E+00    1.1347507E+02    2.0779916E+01
    3.1740000E+00    1.1357552E+02    2.0779902E+01
    3.1780000E+00    1.1367566E+02    2.0779889E+01
    3.1820000E+00    1.1377550E+02    2.0779876E+01
    3.1860000E+00    1.1387503E+02    2.0779863E+01
    3.1900000E+00    1.1397424E+02    2.0779849E+01
    3.1940000E+00    1.1407315E+02    2.0779836E+01
    3.1980000E+00    1.1417174E+02    2.0779823E+01
    3.2020000E+00    1.1427001E+02    2.0779810E+01
    3.2060000E+00    1.1436796E+02    2.0779798E+01
    3.2100000E+00    1.1446559E+02    2.0779785E+01
    3.2140000E+00    1.1456289E+02    2.0779772E+01
    3.2180000E+00    1.1465987E+02    2.0779760E+01
    3.2220000E+00    1.1475652E+02    2.0779747E+01
    3.2260000E+00    1.1485285E+02    2.0779735E+01
    3.2300000E+00    1.1494884E+02    2.0779722E+01
    3.2340000E+00    1.1504449E+02    2.0779710E+01
    3.2380000E+00    1.1513981E+02    2.0779698E+01
    3.2420000E+00    1.1523480E+02    2.0779685E+01
    3.2460000E+00    1.1532944E+02    2.0779673E+01
    3.2500000E+00    1.1542374E+02    2.0779661E+01
    3.2540000E+00    1.1551770E+02    2.0779649E+01
    3.2580000E+00    1.1561131E+02    2.0779637E+01
    3.2620000E+00    1.1570457E+02    2.0779625E+01
    3.2660000E+00    1.1579748E+02    2.0779614E+01
    3.2700000E+00    1.1589004E+02    2.0779602E+01
    3.2740000E+00    1.1598225E+02    2.0779590E+01
    3.2780000E+00    1.1607410E+02    2.0779579E+01
    3.2820000E+00    1.1616559E+02    2.0779567E+01
    3.2860000E+00    1.1625672E+02    2.0779556E+01
    3.2900000E+00    1.1634748E+02    2.0779545E+01
    3.2940000E+00    1.1643789E+02    2.0779533E+01
    3.2980000E+00    1.1652792E+02    2.0779522E+01
    3.3020000E+00    1.1661759E+02    2.0779511E+01
    3.3060000E+00    1.1670689E+02    2.0779500E+01
    3.3100000E+00    1.1679581E+02    2.0779489E+01
    3.3140000E+00    1.1688436E+02    2.0779478E+01
    3.3180000E+00    1.1697254E+02    2.0779467E+01
    3.3220000E+00    1.1706033E+02    2.0779456E+01
    3.3260000E+00    1.1714775E+02    2.0779446E+01
    3.3300000E+00    1.1723478E+02    2.0779435E+01
    3.3340000E+00    1.1732142E+02    2.0779425E+01
    3.3380000E+00    1.1740768E+02    2.0779414E+01
    3.3420000E+00    1.1749355E+02    2.0779404E+01
    3.3460000E+00    1.1757903E+02    2.0779393E+01
    3.3500000E+00    1.1766412E+02    2.0779383E+01
    3.3540000E+00    1.1774881E+02    2.0779373E+01
    3.3580000E+00    1.1783311E+02    2.0779363E+01
    3.3620000E+00    1.1791700E+02    2.0779353E+01
    3.3660000E+00    1.1800050E+02    2.0779343E+01
    3.3700000E+00    1.1808359E+02    2.0779333E+01
    3.3740000E+00    1.1816628E+02    2.0779323E+01
    3.3780000E+00    1.1824856E+02    2.0779313E+01
    3.3820000E+00    1.1833043E+02    2.0779303E+01
    3.3860000E+00    1.1841189E+02    2.0779293E+01
    3.3900000E+00    1.1849294E+02    2.0779284E+01
    3.3940000E+00    1.1857357E+02    2.0779274E+01
    3.3980000E+00    1.1865379E+02    2.0779265E+01
    3.4020000E+00    1.1873358E+02    2.0779255E+01
    3.4060000E+00    1.1881296E+02    2.0779246E+01
    3.4100000E+00    1.1889191E+02    2.0779237E+01
    3.4140000E+00    1.1897044E+02    2.0779228E+01
    3.4180000E+00    1.1904855E+02    2.0779218E+01
    3.4220000E+00    1.1912622E+02    2.0779209E+01
    3.4260000E+00    1.1920346E+02    2.0779200E+01
    3.4300000E+00    1.1928028E+02    2.0779191E+01
    3.4340000E+00    1.1935665E+02    2.0779183E+01
    3.4380000E+00    1.1943259E+02    2.0779174E+01
    3.4420000E+00    1.1950810E+02    2.0779165E+01
    3.4460000E+00    1.1958316E+02    2.0779156E+01
    3.4500000E+00    1.1965778E+02    2.0779148E+01
    3.4540000E+00    1.1973196E+02    2.0779139E+01
    3.4580000E+00    1.1980569E+02    2.0779131E+01
    3.4620000E+00    1.1987897E+02    2.0779122E+01
    3.4660000E+00    1.1995181E+02    2.0779114E+01
    3.4700000E+00    1.2002419E+02    2.0779106E+01
    3.4740000E+00    1.2009612E+02    2.0779098E+01
    3.4780000E+00    1.2016759E+02    2.0779089E+01
    3.4820000E+00    1.2023861E+02    2.0779081E+01
    3.4860000E+00    1.2030917E+02    2.0779073E+01
    3.4900000E+00    1.2037927E+02    2.0779065E+01
    3.4940000E+00    1.2044890E+02    2.0779057E+01
    3.4980000E+00    1.2051807E+02    2.0779050E+01
    3.5020000E+00    1.2058678E+02    2.0779042E+01
    3.5060000E+00    1.2065502E+02    2.0779034E+01
    3.5100000E+00    1.2072279E+02    2.0779027E+01
    3.5140000E+00    1.2079008E+02    2.0779019E+01
    3.5180000E+00    1.2085691E+02    2.0779012E+01
    3.5220000E+00    1.2092325E+02    2.0779004E+01
    3.5260000E+00    1.2098912E+02    2.0778997E+01
    3.5300000E+00    1.2105452E+02    2.0778989E+01
    3.5340000E+00    1.2111943E+02    2.0778982E+01
    3.5380000E+00    1.2118386E+02    2.0778975E+01
    3.5420000E+00    1.2124781E+02    2.0778968E+01
    3.5460000E+00    1.2131127E+02    2.0778961E+01
    3.5500000E+00    1.2137424E+02    2.0778954E+01
    3.5540000E+00    1.2143673E+02    2.0778947E+01
    3.5580000E+00    1.2149872E+02    2.0778940E+01
    3.5620000E+00    1.2156022E+02    2.0778933E+01
    3.5660000E+00    1.2162123E+02    2.0778927E+01
    3.5700000E+00    1.2168174E+02    2.0778920E+01
    3.5740000E+00    1.2174176E+02    2.0778913E+01
    3.5780000E+00    1.2180128E+02    2.0778907E+01
    3.5820000E+00    1.2186029E+02    2.0778901E+01
    3.5860000E+00    1.2191881E+02    2.0778894E+01
    3.5900000E+00    1.2197682E+02    2.0778888E+01
    3.5940000E+00    1.2203432E+02    2.0778882E+01
    3.5980000E+00    1.2209132E+02    2.0778875E+01
    3.6020000E+00    1.2214781E+02    2.0778869E+01
    3.6060000E+00    1.2220379E+02    2.0778863E+01
    3.6100000E+00    1.2225925E+02    2.0778857E+01
    3.6140000E+00    1.2231421E+02    2.0778851E+01
    3.6180000E+00    1.2236865E+02    2.0778845E+01
    3.6220000E+00    1.2242257E+02    2.0778839E+01
    3.6260000E+00    1.2247598E+02    2.0778834E+01
    3.6300000E+00    1.2252886E+02    2.0778828E+01
    3.6340000E+00    1.2258123E+02    2.0778822E+01
    3.6380000E+00    1.2263307E+02    2.0778817E+01
    3.6420000E+00    1.2268439E+02    2.0778811E+01
    3.6460000E+00    1.2273518E+02    2.0778806E+01
    3.6500000E+00    1.2278545E+02    2.0778800E+01
    3.6540000E+00    1.2283519E+02    2.0778795E+01
    3.6580000E+00    1.2288440E+02    2.0778790E+01
    3.6620000E+00    1.2293308E+02    2.0778785E+01
    3.6660000E+00    1.2298122E+02    2.0778780E+01
    3.6700000E+00    1.2302884E+02    2.0778774E+01
    3.6740000E+00    1.2307592E+02    2.0778769E+01
    3.6780000E+00    1.2312246E+02    2.0778764E+01
    3.6820000E+00    1.2316846E+02    2.0778760E+01
    3.6860000E+00    1.2321393E+02    2.0778755E+01
    3.6900000E+00    1.2325885E+02    2.0778750E+01
    3.6940000E+00    1.2330323E+02    2.0778745E+01
    3.6980000E+00    1.2334707E+02    2.0778741E+01
    3.7020000E+00    1.2339037E+02    2.0778736E+01
    3.7060000E+00    1.2343312E+02    2.0778732E+01
    3.7100000E+00    1.2347533E+02    2.0778727E+01
    3.7140000E+00    1.2351698E+02    2.0778723E+01
    3.7180000E+00    1.2355809E+02    2.0778718E+01
    3.7220000E+00    1.2359864E+02    2.0778714E+01
    3.7260000E+00    1.2363865E+02    2.0778710E+01
    3.7300000E+00    1.2367810E+02    2.0778706E+01
    3.7340000E+00    1.2371700E+02    2.0778702E+01
    3.7380000E+00    1.2375534E+02    2.0778698E+01
    3.7420000E+00    1.2379313E+02    2.0778694E+01
    3.7460000E+00    1.2383036E+02    2.0778690E+01
    3.7500000E+00    1.2386703E+02    2.0778686E+01
    3.7540000E+00    1.2390315E+02    2.0778682E+01
    3.7580000E+00    1.2393870E+02    2.0778679E+01
    3.7620000E+00    1.2397369E+02    2.0778675E+01
    3.7660000E+00    1.2400812E+02    2.0778671E+01
    3.7700000E+00    1.2404198E+02    2.0778668E+01
    3.7740000E+00    1.2407528E+02    2.0778664E+01
    3.7780000E+00    1.2410802E+02    2.0778661E+01
    3.7820000E+00    1.2414019E+02    2.0778658E+01
    3.7860000E+00    1.2417179E+02    2.0778654E+01
    3.7900000E+00    1.2420282E+02    2.0778651E+01
    3.7940000E+00    1.2423328E+02    2.0778648E+01
    3.7980000E+00    1.2426317E+02    2.0778645E+01
    3.8020000E+00    1.2429250E+02    2.0778642E+01
    3.8060000E+00    1.2432125E+02    2.0778639E+01
    3.8100000E+00    1.2434942E+02    2.0778636E+01
    3.8140000E+00    1.2437703E+02    2.0778633E+01
    3.8180000E+00    1.2440405E+02    2.0778630E+01
    3.8220000E+00    1.2443051E+02    2.0778628E+01
    3.8260000E+00    1.2445638E+02    2.0778625E+01
    3.8300000E+00    1.2448168E+02    2.0778622E+01
    3.8340000E+00    1.2450640E+02    2.0778620E+01
    3.8380000E+00    1.2453055E+02    2.0778617E+01
    3.8420000E+00    1.2455411E+02    2.0778615E+01
    3.8460000E+00    1.2457710E+02    2.0778613E+01
    3.8500000E+00    1.2459950E+02    2.0778610E+01
    3.8540000E+00    1.2462132E+02    2.0778608E+01
    3.8580000E+00    1.2464257E+02    2.0778606E+01
    3.8620000E+00    1.2466322E+02    2.0778604E+01
    3.8660000E+00    1.2468330E+02    2.0778602E+01
    3.8700000E+00    1.2470279E+02    2.0778600E+01
    3.8740000E+00    1.2472170E+02    2.0778598E+01
    3.8780000E+00    1.2474002E+02    2.0778596E+01
    3.8820000E+00    1.2475776E+02    2.0778594E+01
    3.8860000E+00    1.2477491E+02    2.0778592E+01
    3.8900000E+00    1.2479147E+02    2.0778591E+01
    3.8940000E+00    1.2480745E+02    2.0778589E+01
    3.8980000E+00    1.2482284E+02    2.0778587E+01
    3.9020000E+00    1.2483764E+02    2.0778586E+01
    3.9060000E+00    1.2485185E+02    2.0778584E+01
    3.9100000E+00    1.2486547E+02    2.0778583E+01
    3.9140000E+00    1.2487851E+02    2.0778582E+01
    3.9180000E+00    1.2489095E+02    2.0778580E+01
    3.9220000E+00    1.2490281E+02    2.0778579E+01
    3.9260000E+00    1.2491407E+02    2.0778578E+01
    3.9300000E+00    1.2492474E+02    2.0778577E+01
    3.9340000E+00    1.2493482E+02    2.0778576E+01
    3.9380000E+00    1.2494432E+02    2.0778575E+01
    3.9420000E+00    1.2495321E+02    2.0778574E+01
    3.9460000E+00    1.2496152E+02    2.0778573E+01
    3.9500000E+00    1.2496924E+02    2.0778572E+01
    3.9540000E+00    1.2497636E+02    2.0778572E+01
    3.9580000E+00    1.2498289E+02    2.0778571E+01
    3.9620000E+00    1.2498882E+02    2.0778571E+01
    3.9660000E+00    1.2499417E+02    2.0778570E+01
    3.9700000E+00    1.2499892E+02    2.0778569E+01
    3.9740000E+00    1.2500307E+02    2.0778569E+01
    3.9780000E+00    1.2500664E+02    2.0778569E+01
    3.9820000E+00    1.2500961E+02    2.0778568E+01
    3.9860000E+00    1.2501198E+02    2.0778568E+01
    3.9900000E+00    1.2501376E+02    2.0778568E+01
    3.9940000E+00    1.2501495E+02    2.0778568E+01
    3.9980000E+00    1.2501554E+02    2.0778568E+01
