# Time          2.5000E+01
# Units: Permil
    Distance        SO4--            SO164--         
    2.0000000E-03    2.1027061E+01    8.7476790E+00
    6.0000000E-03    2.1080944E+01    8.8853943E+00
    1.0000000E-02    2.1134687E+01    9.0217839E+00
    1.4000000E-02    2.1188292E+01    9.1568583E+00
    1.8000000E-02    2.1241757E+01    9.2906282E+00
    2.2000000E-02    2.1295084E+01    9.4231039E+00
    2.6000000E-02    2.1348273E+01    9.5542961E+00
    3.0000000E-02    2.1401323E+01    9.6842149E+00
    3.4000000E-02    2.1454235E+01    9.8128708E+00
    3.8000000E-02    2.1507010E+01    9.9402738E+00
    4.2000000E-02    2.1559647E+01    1.0066434E+01
    4.6000000E-02    2.1612146E+01    1.0191362E+01
    5.0000000E-02    2.1664509E+01    1.0315068E+01
    5.4000000E-02    2.1716734E+01    1.0437560E+01
    5.8000000E-02    2.1768823E+01    1.0558850E+01
    6.2000000E-02    2.1820775E+01    1.0678947E+01
    6.6000000E-02    2.1872590E+01    1.0797861E+01
    7.0000000E-02    2.1924270E+01    1.0915602E+01
    7.4000000E-02    2.1975814E+01    1.1032179E+01
    7.8000000E-02    2.2027222E+01    1.1147601E+01
    8.2000000E-02    2.2078494E+01    1.1261879E+01
    8.6000000E-02    2.2129631E+01    1.1375021E+01
    9.0000000E-02    2.2180634E+01    1.1487037E+01
    9.4000000E-02    2.2231501E+01    1.1597936E+01
    9.8000000E-02    2.2282234E+01    1.1707728E+01
    1.0200000E-01    2.2332833E+01    1.1816421E+01
    1.0600000E-01    2.2383297E+01    1.1924025E+01
    1.1000000E-01    2.2433628E+01    1.2030549E+01
    1.1400000E-01    2.2483825E+01    1.2136002E+01
    1.1800000E-01    2.2533888E+01    1.2240392E+01
    1.2200000E-01    2.2583818E+01    1.2343729E+01
    1.2600000E-01    2.2633615E+01    1.2446021E+01
    1.3000000E-01    2.2683280E+01    1.2547277E+01
    1.3400000E-01    2.2732812E+01    1.2647506E+01
    1.3800000E-01    2.2782211E+01    1.2746716E+01
    1.4200000E-01    2.2831479E+01    1.2844917E+01
    1.4600000E-01    2.2880615E+01    1.2942115E+01
    1.5000000E-01    2.2929619E+01    1.3038320E+01
    1.5400000E-01    2.2978491E+01    1.3133541E+01
    1.5800000E-01    2.3027233E+01    1.3227785E+01
    1.6200000E-01    2.3075844E+01    1.3321061E+01
    1.6600000E-01    2.3124323E+01    1.3413377E+01
    1.7000000E-01    2.3172673E+01    1.3504741E+01
    1.7400000E-01    2.3220892E+01    1.3595161E+01
    1.7800000E-01    2.3268982E+01    1.3684645E+01
    1.8200000E-01    2.3316941E+01    1.3773202E+01
    1.8600000E-01    2.3364771E+01    1.3860839E+01
    1.9000000E-01    2.3412472E+01    1.3947564E+01
    1.9400000E-01    2.3460044E+01    1.4033385E+01
    1.9800000E-01    2.3507487E+01    1.4118309E+01
    2.0200000E-01    2.3554802E+01    1.4202345E+01
    2.0600000E-01    2.3601988E+01    1.4285499E+01
    2.1000000E-01    2.3649047E+01    1.4367781E+01
    2.1400000E-01    2.3695977E+01    1.4449196E+01
    2.1800000E-01    2.3742780E+01    1.4529753E+01
    2.2200000E-01    2.3789456E+01    1.4609459E+01
    2.2600000E-01    2.3836004E+01    1.4688321E+01
    2.3000000E-01    2.3882426E+01    1.4766347E+01
    2.3400000E-01    2.3928721E+01    1.4843545E+01
    2.3800000E-01    2.3974890E+01    1.4919920E+01
    2.4200000E-01    2.4020933E+01    1.4995481E+01
    2.4600000E-01    2.4066850E+01    1.5070235E+01
    2.5000000E-01    2.4112642E+01    1.5144188E+01
    2.5400000E-01    2.4158308E+01    1.5217348E+01
    2.5800000E-01    2.4203849E+01    1.5289721E+01
    2.6200000E-01    2.4249265E+01    1.5361315E+01
    2.6600000E-01    2.4294556E+01    1.5432137E+01
    2.7000000E-01    2.4339723E+01    1.5502193E+01
    2.7400000E-01    2.4384767E+01    1.5571490E+01
    2.7800000E-01    2.4429686E+01    1.5640034E+01
    2.8200000E-01    2.4474482E+01    1.5707834E+01
    2.8600000E-01    2.4519154E+01    1.5774894E+01
    2.9000000E-01    2.4563703E+01    1.5841222E+01
    2.9400000E-01    2.4608130E+01    1.5906825E+01
    2.9800000E-01    2.4652434E+01    1.5971708E+01
    3.0200000E-01    2.4696615E+01    1.6035878E+01
    3.0600000E-01    2.4740675E+01    1.6099342E+01
    3.1000000E-01    2.4784613E+01    1.6162106E+01
    3.1400000E-01    2.4828429E+01    1.6224177E+01
    3.1800000E-01    2.4872124E+01    1.6285560E+01
    3.2200000E-01    2.4915698E+01    1.6346261E+01
    3.2600000E-01    2.4959151E+01    1.6406288E+01
    3.3000000E-01    2.5002483E+01    1.6465646E+01
    3.3400000E-01    2.5045695E+01    1.6524340E+01
    3.3800000E-01    2.5088788E+01    1.6582378E+01
    3.4200000E-01    2.5131760E+01    1.6639766E+01
    3.4600000E-01    2.5174613E+01    1.6696508E+01
    3.5000000E-01    2.5217347E+01    1.6752612E+01
    3.5400000E-01    2.5259962E+01    1.6808082E+01
    3.5800000E-01    2.5302458E+01    1.6862925E+01
    3.6200000E-01    2.5344835E+01    1.6917147E+01
    3.6600000E-01    2.5387094E+01    1.6970753E+01
    3.7000000E-01    2.5429236E+01    1.7023749E+01
    3.7400000E-01    2.5471259E+01    1.7076140E+01
    3.7800000E-01    2.5513166E+01    1.7127933E+01
    3.8200000E-01    2.5554955E+01    1.7179133E+01
    3.8600000E-01    2.5596627E+01    1.7229745E+01
    3.9000000E-01    2.5638182E+01    1.7279775E+01
    3.9400000E-01    2.5679621E+01    1.7329228E+01
    3.9800000E-01    2.5720944E+01    1.7378110E+01
    4.0200000E-01    2.5762151E+01    1.7426426E+01
    4.0600000E-01    2.5803242E+01    1.7474182E+01
    4.1000000E-01    2.5844219E+01    1.7521382E+01
    4.1400000E-01    2.5885080E+01    1.7568032E+01
    4.1800000E-01    2.5925826E+01    1.7614137E+01
    4.2200000E-01    2.5966457E+01    1.7659703E+01
    4.2600000E-01    2.6006974E+01    1.7704734E+01
    4.3000000E-01    2.6047378E+01    1.7749236E+01
    4.3400000E-01    2.6087667E+01    1.7793213E+01
    4.3800000E-01    2.6127843E+01    1.7836671E+01
    4.4200000E-01    2.6167905E+01    1.7879614E+01
    4.4600000E-01    2.6207855E+01    1.7922049E+01
    4.5000000E-01    2.6247692E+01    1.7963978E+01
    4.5400000E-01    2.6287416E+01    1.8005408E+01
    4.5800000E-01    2.6327028E+01    1.8046344E+01
    4.6200000E-01    2.6366529E+01    1.8086789E+01
    4.6600000E-01    2.6405917E+01    1.8126749E+01
    4.7000000E-01    2.6445194E+01    1.8166228E+01
    4.7400000E-01    2.6484360E+01    1.8205232E+01
    4.7800000E-01    2.6523415E+01    1.8243765E+01
    4.8200000E-01    2.6562359E+01    1.8281831E+01
    4.8600000E-01    2.6601193E+01    1.8319435E+01
    4.9000000E-01    2.6639917E+01    1.8356581E+01
    4.9400000E-01    2.6678531E+01    1.8393275E+01
    4.9800000E-01    2.6717035E+01    1.8429520E+01
    5.0200000E-01    2.6755430E+01    1.8465321E+01
    5.0600000E-01    2.6793716E+01    1.8500683E+01
    5.1000000E-01    2.6831894E+01    1.8535610E+01
    5.1400000E-01    2.6869962E+01    1.8570105E+01
    5.1800000E-01    2.6907923E+01    1.8604174E+01
    5.2200000E-01    2.6945775E+01    1.8637821E+01
    5.2600000E-01    2.6983519E+01    1.8671050E+01
    5.3000000E-01    2.7021157E+01    1.8703865E+01
    5.3400000E-01    2.7058686E+01    1.8736271E+01
    5.3800000E-01    2.7096109E+01    1.8768271E+01
    5.4200000E-01    2.7133425E+01    1.8799869E+01
    5.4600000E-01    2.7170635E+01    1.8831070E+01
    5.5000000E-01    2.7207739E+01    1.8861878E+01
    5.5400000E-01    2.7244736E+01    1.8892297E+01
    5.5800000E-01    2.7281628E+01    1.8922331E+01
    5.6200000E-01    2.7318415E+01    1.8951983E+01
    5.6600000E-01    2.7355096E+01    1.8981258E+01
    5.7000000E-01    2.7391673E+01    1.9010159E+01
    5.7400000E-01    2.7428145E+01    1.9038691E+01
    5.7800000E-01    2.7464512E+01    1.9066857E+01
    5.8200000E-01    2.7500776E+01    1.9094661E+01
    5.8600000E-01    2.7536935E+01    1.9122107E+01
    5.9000000E-01    2.7572991E+01    1.9149199E+01
    5.9400000E-01    2.7608944E+01    1.9175939E+01
    5.9800000E-01    2.7644794E+01    1.9202333E+01
    6.0200000E-01    2.7680541E+01    1.9228383E+01
    6.0600000E-01    2.7716185E+01    1.9254093E+01
    6.1000000E-01    2.7751727E+01    1.9279467E+01
    6.1400000E-01    2.7787167E+01    1.9304508E+01
    6.1800000E-01    2.7822506E+01    1.9329221E+01
    6.2200000E-01    2.7857743E+01    1.9353607E+01
    6.2600000E-01    2.7892879E+01    1.9377672E+01
    6.3000000E-01    2.7927913E+01    1.9401418E+01
    6.3400000E-01    2.7962847E+01    1.9424848E+01
    6.3800000E-01    2.7997681E+01    1.9447967E+01
    6.4200000E-01    2.8032414E+01    1.9470777E+01
    6.4600000E-01    2.8067048E+01    1.9493282E+01
    6.5000000E-01    2.8101582E+01    1.9515485E+01
    6.5400000E-01    2.8136016E+01    1.9537390E+01
    6.5800000E-01    2.8170351E+01    1.9558999E+01
    6.6200000E-01    2.8204588E+01    1.9580316E+01
    6.6600000E-01    2.8238725E+01    1.9601344E+01
    6.7000000E-01    2.8272765E+01    1.9622087E+01
    6.7400000E-01    2.8306706E+01    1.9642547E+01
    6.7800000E-01    2.8340549E+01    1.9662727E+01
    6.8200000E-01    2.8374295E+01    1.9682631E+01
    6.8600000E-01    2.8407944E+01    1.9702262E+01
    6.9000000E-01    2.8441495E+01    1.9721622E+01
    6.9400000E-01    2.8474949E+01    1.9740716E+01
    6.9800000E-01    2.8508307E+01    1.9759545E+01
    7.0200000E-01    2.8541569E+01    1.9778113E+01
    7.0600000E-01    2.8574734E+01    1.9796422E+01
    7.1000000E-01    2.8607804E+01    1.9814476E+01
    7.1400000E-01    2.8640778E+01    1.9832278E+01
    7.1800000E-01    2.8673657E+01    1.9849830E+01
    7.2200000E-01    2.8706441E+01    1.9867135E+01
    7.2600000E-01    2.8739130E+01    1.9884196E+01
    7.3000000E-01    2.8771725E+01    1.9901016E+01
    7.3400000E-01    2.8804225E+01    1.9917598E+01
    7.3800000E-01    2.8836631E+01    1.9933943E+01
    7.4200000E-01    2.8868943E+01    1.9950056E+01
    7.4600000E-01    2.8901162E+01    1.9965939E+01
    7.5000000E-01    2.8933288E+01    1.9981594E+01
    7.5400000E-01    2.8965321E+01    1.9997024E+01
    7.5800000E-01    2.8997260E+01    2.0012232E+01
    7.6200000E-01    2.9029108E+01    2.0027220E+01
    7.6600000E-01    2.9060863E+01    2.0041992E+01
    7.7000000E-01    2.9092526E+01    2.0056548E+01
    7.7400000E-01    2.9124097E+01    2.0070893E+01
    7.7800000E-01    2.9155577E+01    2.0085028E+01
    7.8200000E-01    2.9186965E+01    2.0098956E+01
    7.8600000E-01    2.9218263E+01    2.0112679E+01
    7.9000000E-01    2.9249470E+01    2.0126201E+01
    7.9400000E-01    2.9280586E+01    2.0139522E+01
    7.9800000E-01    2.9311612E+01    2.0152647E+01
    8.0200000E-01    2.9342548E+01    2.0165577E+01
    8.0600000E-01    2.9373394E+01    2.0178314E+01
    8.1000000E-01    2.9404151E+01    2.0190861E+01
    8.1400000E-01    2.9434818E+01    2.0203220E+01
    8.1800000E-01    2.9465396E+01    2.0215393E+01
    8.2200000E-01    2.9495886E+01    2.0227383E+01
    8.2600000E-01    2.9526287E+01    2.0239193E+01
    8.3000000E-01    2.9556600E+01    2.0250823E+01
    8.3400000E-01    2.9586825E+01    2.0262277E+01
    8.3800000E-01    2.9616962E+01    2.0273556E+01
    8.4200000E-01    2.9647011E+01    2.0284663E+01
    8.4600000E-01    2.9676973E+01    2.0295600E+01
    8.5000000E-01    2.9706848E+01    2.0306369E+01
    8.5400000E-01    2.9736637E+01    2.0316973E+01
    8.5800000E-01    2.9766338E+01    2.0327412E+01
    8.6200000E-01    2.9795954E+01    2.0337690E+01
    8.6600000E-01    2.9825483E+01    2.0347808E+01
    8.7000000E-01    2.9854926E+01    2.0357769E+01
    8.7400000E-01    2.9884284E+01    2.0367574E+01
    8.7800000E-01    2.9913557E+01    2.0377226E+01
    8.8200000E-01    2.9942744E+01    2.0386726E+01
    8.8600000E-01    2.9971847E+01    2.0396076E+01
    8.9000000E-01    3.0000864E+01    2.0405278E+01
    8.9400000E-01    3.0029798E+01    2.0414335E+01
    8.9800000E-01    3.0058647E+01    2.0423248E+01
    9.0200000E-01    3.0087413E+01    2.0432019E+01
    9.0600000E-01    3.0116094E+01    2.0440649E+01
    9.1000000E-01    3.0144693E+01    2.0449141E+01
    9.1400000E-01    3.0173208E+01    2.0457497E+01
    9.1800000E-01    3.0201640E+01    2.0465718E+01
    9.2200000E-01    3.0229989E+01    2.0473806E+01
    9.2600000E-01    3.0258256E+01    2.0481763E+01
    9.3000000E-01    3.0286441E+01    2.0489591E+01
    9.3400000E-01    3.0314544E+01    2.0497291E+01
    9.3800000E-01    3.0342565E+01    2.0504865E+01
    9.4200000E-01    3.0370504E+01    2.0512315E+01
    9.4600000E-01    3.0398362E+01    2.0519642E+01
    9.5000000E-01    3.0426139E+01    2.0526849E+01
    9.5400000E-01    3.0453835E+01    2.0533936E+01
    9.5800000E-01    3.0481450E+01    2.0540906E+01
    9.6200000E-01    3.0508986E+01    2.0547759E+01
    9.6600000E-01    3.0536441E+01    2.0554498E+01
    9.7000000E-01    3.0563816E+01    2.0561125E+01
    9.7400000E-01    3.0591111E+01    2.0567640E+01
    9.7800000E-01    3.0618327E+01    2.0574046E+01
    9.8200000E-01    3.0645464E+01    2.0580343E+01
    9.8600000E-01    3.0672522E+01    2.0586534E+01
    9.9000000E-01    3.0699501E+01    2.0592619E+01
    9.9400000E-01    3.0726401E+01    2.0598601E+01
    9.9800000E-01    3.0753223E+01    2.0604481E+01
    1.0020000E+00    3.0779968E+01    2.0610260E+01
    1.0060000E+00    3.0806634E+01    2.0615939E+01
    1.0100000E+00    3.0833223E+01    2.0621521E+01
    1.0140000E+00    3.0859734E+01    2.0627006E+01
    1.0180000E+00    3.0886168E+01    2.0632397E+01
    1.0220000E+00    3.0912525E+01    2.0637693E+01
    1.0260000E+00    3.0938806E+01    2.0642897E+01
    1.0300000E+00    3.0965010E+01    2.0648010E+01
    1.0340000E+00    3.0991138E+01    2.0653034E+01
    1.0380000E+00    3.1017189E+01    2.0657969E+01
    1.0420000E+00    3.1043165E+01    2.0662817E+01
    1.0460000E+00    3.1069066E+01    2.0667579E+01
    1.0500000E+00    3.1094891E+01    2.0672257E+01
    1.0540000E+00    3.1120641E+01    2.0676852E+01
    1.0580000E+00    3.1146316E+01    2.0681364E+01
    1.0620000E+00    3.1171916E+01    2.0685796E+01
    1.0660000E+00    3.1197442E+01    2.0690148E+01
    1.0700000E+00    3.1222894E+01    2.0694422E+01
    1.0740000E+00    3.1248271E+01    2.0698619E+01
    1.0780000E+00    3.1273575E+01    2.0702740E+01
    1.0820000E+00    3.1298805E+01    2.0706786E+01
    1.0860000E+00    3.1323962E+01    2.0710758E+01
    1.0900000E+00    3.1349046E+01    2.0714657E+01
    1.0940000E+00    3.1374057E+01    2.0718486E+01
    1.0980000E+00    3.1398995E+01    2.0722243E+01
    1.1020000E+00    3.1423860E+01    2.0725932E+01
    1.1060000E+00    3.1448654E+01    2.0729553E+01
    1.1100000E+00    3.1473375E+01    2.0733106E+01
    1.1140000E+00    3.1498024E+01    2.0736593E+01
    1.1180000E+00    3.1522602E+01    2.0740016E+01
    1.1220000E+00    3.1547108E+01    2.0743374E+01
    1.1260000E+00    3.1571543E+01    2.0746670E+01
    1.1300000E+00    3.1595908E+01    2.0749903E+01
    1.1340000E+00    3.1620201E+01    2.0753076E+01
    1.1380000E+00    3.1644424E+01    2.0756189E+01
    1.1420000E+00    3.1668576E+01    2.0759242E+01
    1.1460000E+00    3.1692659E+01    2.0762238E+01
    1.1500000E+00    3.1716671E+01    2.0765176E+01
    1.1540000E+00    3.1740614E+01    2.0768059E+01
    1.1580000E+00    3.1764487E+01    2.0770886E+01
    1.1620000E+00    3.1788291E+01    2.0773658E+01
    1.1660000E+00    3.1812026E+01    2.0776378E+01
    1.1700000E+00    3.1835692E+01    2.0779044E+01
    1.1740000E+00    3.1859289E+01    2.0781659E+01
    1.1780000E+00    3.1882818E+01    2.0784223E+01
    1.1820000E+00    3.1906278E+01    2.0786738E+01
    1.1860000E+00    3.1929671E+01    2.0789203E+01
    1.1900000E+00    3.1952996E+01    2.0791620E+01
    1.1940000E+00    3.1976253E+01    2.0793989E+01
    1.1980000E+00    3.1999443E+01    2.0796311E+01
    1.2020000E+00    3.2022565E+01    2.0798588E+01
    1.2060000E+00    3.2045620E+01    2.0800820E+01
    1.2100000E+00    3.2068609E+01    2.0803007E+01
    1.2140000E+00    3.2091531E+01    2.0805151E+01
    1.2180000E+00    3.2114387E+01    2.0807252E+01
    1.2220000E+00    3.2137176E+01    2.0809311E+01
    1.2260000E+00    3.2159900E+01    2.0811328E+01
    1.2300000E+00    3.2182557E+01    2.0813305E+01
    1.2340000E+00    3.2205149E+01    2.0815242E+01
    1.2380000E+00    3.2227676E+01    2.0817140E+01
    1.2420000E+00    3.2250138E+01    2.0819000E+01
    1.2460000E+00    3.2272534E+01    2.0820821E+01
    1.2500000E+00    3.2294866E+01    2.0822606E+01
    1.2540000E+00    3.2317133E+01    2.0824354E+01
    1.2580000E+00    3.2339336E+01    2.0826066E+01
    1.2620000E+00    3.2361474E+01    2.0827743E+01
    1.2660000E+00    3.2383549E+01    2.0829386E+01
    1.2700000E+00    3.2405559E+01    2.0830995E+01
    1.2740000E+00    3.2427506E+01    2.0832570E+01
    1.2780000E+00    3.2449390E+01    2.0834113E+01
    1.2820000E+00    3.2471211E+01    2.0835624E+01
    1.2860000E+00    3.2492968E+01    2.0837103E+01
    1.2900000E+00    3.2514663E+01    2.0838551E+01
    1.2940000E+00    3.2536295E+01    2.0839969E+01
    1.2980000E+00    3.2557864E+01    2.0841358E+01
    1.3020000E+00    3.2579372E+01    2.0842717E+01
    1.3060000E+00    3.2600817E+01    2.0844047E+01
    1.3100000E+00    3.2622200E+01    2.0845350E+01
    1.3140000E+00    3.2643522E+01    2.0846625E+01
    1.3180000E+00    3.2664782E+01    2.0847873E+01
    1.3220000E+00    3.2685981E+01    2.0849094E+01
    1.3260000E+00    3.2707119E+01    2.0850290E+01
    1.3300000E+00    3.2728196E+01    2.0851460E+01
    1.3340000E+00    3.2749212E+01    2.0852605E+01
    1.3380000E+00    3.2770168E+01    2.0853725E+01
    1.3420000E+00    3.2791064E+01    2.0854821E+01
    1.3460000E+00    3.2811899E+01    2.0855894E+01
    1.3500000E+00    3.2832674E+01    2.0856944E+01
    1.3540000E+00    3.2853390E+01    2.0857971E+01
    1.3580000E+00    3.2874045E+01    2.0858976E+01
    1.3620000E+00    3.2894642E+01    2.0859959E+01
    1.3660000E+00    3.2915179E+01    2.0860921E+01
    1.3700000E+00    3.2935657E+01    2.0861862E+01
    1.3740000E+00    3.2956077E+01    2.0862782E+01
    1.3780000E+00    3.2976437E+01    2.0863683E+01
    1.3820000E+00    3.2996740E+01    2.0864563E+01
    1.3860000E+00    3.3016984E+01    2.0865425E+01
    1.3900000E+00    3.3037169E+01    2.0866267E+01
    1.3940000E+00    3.3057297E+01    2.0867092E+01
    1.3980000E+00    3.3077367E+01    2.0867898E+01
    1.4020000E+00    3.3097380E+01    2.0868686E+01
    1.4060000E+00    3.3117335E+01    2.0869457E+01
    1.4100000E+00    3.3137233E+01    2.0870211E+01
    1.4140000E+00    3.3157073E+01    2.0870949E+01
    1.4180000E+00    3.3176857E+01    2.0871670E+01
    1.4220000E+00    3.3196585E+01    2.0872375E+01
    1.4260000E+00    3.3216255E+01    2.0873064E+01
    1.4300000E+00    3.3235870E+01    2.0873739E+01
    1.4340000E+00    3.3255428E+01    2.0874398E+01
    1.4380000E+00    3.3274930E+01    2.0875043E+01
    1.4420000E+00    3.3294377E+01    2.0875673E+01
    1.4460000E+00    3.3313768E+01    2.0876290E+01
    1.4500000E+00    3.3333103E+01    2.0876893E+01
    1.4540000E+00    3.3352383E+01    2.0877482E+01
    1.4580000E+00    3.3371609E+01    2.0878058E+01
    1.4620000E+00    3.3390779E+01    2.0878622E+01
    1.4660000E+00    3.3409894E+01    2.0879172E+01
    1.4700000E+00    3.3428955E+01    2.0879711E+01
    1.4740000E+00    3.3447961E+01    2.0880238E+01
    1.4780000E+00    3.3466913E+01    2.0880753E+01
    1.4820000E+00    3.3485811E+01    2.0881256E+01
    1.4860000E+00    3.3504656E+01    2.0881748E+01
    1.4900000E+00    3.3523446E+01    2.0882229E+01
    1.4940000E+00    3.3542183E+01    2.0882700E+01
    1.4980000E+00    3.3560866E+01    2.0883160E+01
    1.5020000E+00    3.3579497E+01    2.0883610E+01
    1.5060000E+00    3.3598074E+01    2.0884050E+01
    1.5100000E+00    3.3616598E+01    2.0884480E+01
    1.5140000E+00    3.3635070E+01    2.0884900E+01
    1.5180000E+00    3.3653489E+01    2.0885311E+01
    1.5220000E+00    3.3671856E+01    2.0885713E+01
    1.5260000E+00    3.3690170E+01    2.0886107E+01
    1.5300000E+00    3.3708432E+01    2.0886491E+01
    1.5340000E+00    3.3726643E+01    2.0886867E+01
    1.5380000E+00    3.3744802E+01    2.0887235E+01
    1.5420000E+00    3.3762909E+01    2.0887594E+01
    1.5460000E+00    3.3780965E+01    2.0887946E+01
    1.5500000E+00    3.3798969E+01    2.0888290E+01
    1.5540000E+00    3.3816923E+01    2.0888626E+01
    1.5580000E+00    3.3834826E+01    2.0888955E+01
    1.5620000E+00    3.3852677E+01    2.0889277E+01
    1.5660000E+00    3.3870479E+01    2.0889592E+01
    1.5700000E+00    3.3888230E+01    2.0889900E+01
    1.5740000E+00    3.3905930E+01    2.0890201E+01
    1.5780000E+00    3.3923581E+01    2.0890496E+01
    1.5820000E+00    3.3941181E+01    2.0890784E+01
    1.5860000E+00    3.3958732E+01    2.0891066E+01
    1.5900000E+00    3.3976233E+01    2.0891342E+01
    1.5940000E+00    3.3993685E+01    2.0891612E+01
    1.5980000E+00    3.4011087E+01    2.0891877E+01
    1.6020000E+00    3.4028440E+01    2.0892136E+01
    1.6060000E+00    3.4045744E+01    2.0892389E+01
    1.6100000E+00    3.4063000E+01    2.0892637E+01
    1.6140000E+00    3.4080206E+01    2.0892880E+01
    1.6180000E+00    3.4097364E+01    2.0893117E+01
    1.6220000E+00    3.4114474E+01    2.0893350E+01
    1.6260000E+00    3.4131536E+01    2.0893578E+01
    1.6300000E+00    3.4148549E+01    2.0893801E+01
    1.6340000E+00    3.4165515E+01    2.0894019E+01
    1.6380000E+00    3.4182432E+01    2.0894233E+01
    1.6420000E+00    3.4199302E+01    2.0894443E+01
    1.6460000E+00    3.4216125E+01    2.0894648E+01
    1.6500000E+00    3.4232900E+01    2.0894849E+01
    1.6540000E+00    3.4249629E+01    2.0895046E+01
    1.6580000E+00    3.4266310E+01    2.0895240E+01
    1.6620000E+00    3.4282944E+01    2.0895429E+01
    1.6660000E+00    3.4299532E+01    2.0895614E+01
    1.6700000E+00    3.4316073E+01    2.0895796E+01
    1.6740000E+00    3.4332567E+01    2.0895975E+01
    1.6780000E+00    3.4349016E+01    2.0896149E+01
    1.6820000E+00    3.4365418E+01    2.0896321E+01
    1.6860000E+00    3.4381774E+01    2.0896489E+01
    1.6900000E+00    3.4398085E+01    2.0896654E+01
    1.6940000E+00    3.4414349E+01    2.0896816E+01
    1.6980000E+00    3.4430569E+01    2.0896975E+01
    1.7020000E+00    3.4446743E+01    2.0897130E+01
    1.7060000E+00    3.4462871E+01    2.0897283E+01
    1.7100000E+00    3.4478955E+01    2.0897433E+01
    1.7140000E+00    3.4494993E+01    2.0897581E+01
    1.7180000E+00    3.4510987E+01    2.0897725E+01
    1.7220000E+00    3.4526936E+01    2.0897867E+01
    1.7260000E+00    3.4542841E+01    2.0898007E+01
    1.7300000E+00    3.4558701E+01    2.0898144E+01
    1.7340000E+00    3.4574517E+01    2.0898278E+01
    1.7380000E+00    3.4590289E+01    2.0898411E+01
    1.7420000E+00    3.4606017E+01    2.0898541E+01
    1.7460000E+00    3.4621701E+01    2.0898668E+01
    1.7500000E+00    3.4637341E+01    2.0898794E+01
    1.7540000E+00    3.4652938E+01    2.0898917E+01
    1.7580000E+00    3.4668492E+01    2.0899039E+01
    1.7620000E+00    3.4684002E+01    2.0899158E+01
    1.7660000E+00    3.4699469E+01    2.0899275E+01
    1.7700000E+00    3.4714894E+01    2.0899391E+01
    1.7740000E+00    3.4730275E+01    2.0899504E+01
    1.7780000E+00    3.4745614E+01    2.0899616E+01
    1.7820000E+00    3.4760910E+01    2.0899726E+01
    1.7860000E+00    3.4776163E+01    2.0899835E+01
    1.7900000E+00    3.4791375E+01    2.0899941E+01
    1.7940000E+00    3.4806544E+01    2.0900046E+01
    1.7980000E+00    3.4821671E+01    2.0900150E+01
    1.8020000E+00    3.4836757E+01    2.0900252E+01
    1.8060000E+00    3.4851800E+01    2.0900352E+01
    1.8100000E+00    3.4866802E+01    2.0900451E+01
    1.8140000E+00    3.4881763E+01    2.0900548E+01
    1.8180000E+00    3.4896682E+01    2.0900644E+01
    1.8220000E+00    3.4911560E+01    2.0900739E+01
    1.8260000E+00    3.4926397E+01    2.0900832E+01
    1.8300000E+00    3.4941193E+01    2.0900924E+01
    1.8340000E+00    3.4955948E+01    2.0901015E+01
    1.8380000E+00    3.4970662E+01    2.0901104E+01
    1.8420000E+00    3.4985336E+01    2.0901193E+01
    1.8460000E+00    3.4999969E+01    2.0901280E+01
    1.8500000E+00    3.5014562E+01    2.0901366E+01
    1.8540000E+00    3.5029115E+01    2.0901451E+01
    1.8580000E+00    3.5043628E+01    2.0901534E+01
    1.8620000E+00    3.5058101E+01    2.0901617E+01
    1.8660000E+00    3.5072534E+01    2.0901699E+01
    1.8700000E+00    3.5086928E+01    2.0901779E+01
    1.8740000E+00    3.5101282E+01    2.0901859E+01
    1.8780000E+00    3.5115597E+01    2.0901938E+01
    1.8820000E+00    3.5129872E+01    2.0902015E+01
    1.8860000E+00    3.5144108E+01    2.0902092E+01
    1.8900000E+00    3.5158306E+01    2.0902168E+01
    1.8940000E+00    3.5172464E+01    2.0902243E+01
    1.8980000E+00    3.5186583E+01    2.0902317E+01
    1.9020000E+00    3.5200664E+01    2.0902390E+01
    1.9060000E+00    3.5214707E+01    2.0902463E+01
    1.9100000E+00    3.5228711E+01    2.0902534E+01
    1.9140000E+00    3.5242676E+01    2.0902605E+01
    1.9180000E+00    3.5256604E+01    2.0902675E+01
    1.9220000E+00    3.5270493E+01    2.0902744E+01
    1.9260000E+00    3.5284345E+01    2.0902813E+01
    1.9300000E+00    3.5298159E+01    2.0902881E+01
    1.9340000E+00    3.5311935E+01    2.0902948E+01
    1.9380000E+00    3.5325674E+01    2.0903014E+01
    1.9420000E+00    3.5339375E+01    2.0903080E+01
    1.9460000E+00    3.5353039E+01    2.0903145E+01
    1.9500000E+00    3.5366666E+01    2.0903209E+01
    1.9540000E+00    3.5380255E+01    2.0903273E+01
    1.9580000E+00    3.5393808E+01    2.0903336E+01
    1.9620000E+00    3.5407324E+01    2.0903399E+01
    1.9660000E+00    3.5420803E+01    2.0903461E+01
    1.9700000E+00    3.5434246E+01    2.0903522E+01
    1.9740000E+00    3.5447652E+01    2.0903583E+01
    1.9780000E+00    3.5461022E+01    2.0903643E+01
    1.9820000E+00    3.5474356E+01    2.0903702E+01
    1.9860000E+00    3.5487653E+01    2.0903761E+01
    1.9900000E+00    3.5500915E+01    2.0903820E+01
    1.9940000E+00    3.5514140E+01    2.0903878E+01
    1.9980000E+00    3.5527330E+01    2.0903935E+01
    2.0020000E+00    3.5540484E+01    2.0903992E+01
    2.0060000E+00    3.5553603E+01    2.0904048E+01
    2.0100000E+00    3.5566686E+01    2.0904104E+01
    2.0140000E+00    3.5579734E+01    2.0904159E+01
    2.0180000E+00    3.5592747E+01    2.0904214E+01
    2.0220000E+00    3.5605725E+01    2.0904269E+01
    2.0260000E+00    3.5618667E+01    2.0904323E+01
    2.0300000E+00    3.5631575E+01    2.0904376E+01
    2.0340000E+00    3.5644448E+01    2.0904429E+01
    2.0380000E+00    3.5657287E+01    2.0904482E+01
    2.0420000E+00    3.5670091E+01    2.0904534E+01
    2.0460000E+00    3.5682860E+01    2.0904585E+01
    2.0500000E+00    3.5695596E+01    2.0904636E+01
    2.0540000E+00    3.5708297E+01    2.0904687E+01
    2.0580000E+00    3.5720964E+01    2.0904738E+01
    2.0620000E+00    3.5733597E+01    2.0904788E+01
    2.0660000E+00    3.5746196E+01    2.0904837E+01
    2.0700000E+00    3.5758761E+01    2.0904886E+01
    2.0740000E+00    3.5771293E+01    2.0904935E+01
    2.0780000E+00    3.5783791E+01    2.0904983E+01
    2.0820000E+00    3.5796256E+01    2.0905031E+01
    2.0860000E+00    3.5808688E+01    2.0905079E+01
    2.0900000E+00    3.5821086E+01    2.0905126E+01
    2.0940000E+00    3.5833451E+01    2.0905173E+01
    2.0980000E+00    3.5845783E+01    2.0905219E+01
    2.1020000E+00    3.5858083E+01    2.0905265E+01
    2.1060000E+00    3.5870349E+01    2.0905311E+01
    2.1100000E+00    3.5882583E+01    2.0905356E+01
    2.1140000E+00    3.5894784E+01    2.0905401E+01
    2.1180000E+00    3.5906953E+01    2.0905446E+01
    2.1220000E+00    3.5919090E+01    2.0905490E+01
    2.1260000E+00    3.5931194E+01    2.0905534E+01
    2.1300000E+00    3.5943266E+01    2.0905578E+01
    2.1340000E+00    3.5955306E+01    2.0905621E+01
    2.1380000E+00    3.5967314E+01    2.0905664E+01
    2.1420000E+00    3.5979290E+01    2.0905707E+01
    2.1460000E+00    3.5991235E+01    2.0905749E+01
    2.1500000E+00    3.6003148E+01    2.0905791E+01
    2.1540000E+00    3.6015029E+01    2.0905832E+01
    2.1580000E+00    3.6026879E+01    2.0905874E+01
    2.1620000E+00    3.6038697E+01    2.0905915E+01
    2.1660000E+00    3.6050485E+01    2.0905955E+01
    2.1700000E+00    3.6062241E+01    2.0905996E+01
    2.1740000E+00    3.6073966E+01    2.0906036E+01
    2.1780000E+00    3.6085660E+01    2.0906075E+01
    2.1820000E+00    3.6097324E+01    2.0906115E+01
    2.1860000E+00    3.6108956E+01    2.0906154E+01
    2.1900000E+00    3.6120558E+01    2.0906193E+01
    2.1940000E+00    3.6132130E+01    2.0906231E+01
    2.1980000E+00    3.6143671E+01    2.0906269E+01
    2.2020000E+00    3.6155181E+01    2.0906307E+01
    2.2060000E+00    3.6166662E+01    2.0906345E+01
    2.2100000E+00    3.6178112E+01    2.0906382E+01
    2.2140000E+00    3.6189533E+01    2.0906419E+01
    2.2180000E+00    3.6200923E+01    2.0906456E+01
    2.2220000E+00    3.6212283E+01    2.0906493E+01
    2.2260000E+00    3.6223614E+01    2.0906529E+01
    2.2300000E+00    3.6234915E+01    2.0906565E+01
    2.2340000E+00    3.6246187E+01    2.0906600E+01
    2.2380000E+00    3.6257429E+01    2.0906636E+01
    2.2420000E+00    3.6268641E+01    2.0906671E+01
    2.2460000E+00    3.6279825E+01    2.0906706E+01
    2.2500000E+00    3.6290979E+01    2.0906740E+01
    2.2540000E+00    3.6302104E+01    2.0906775E+01
    2.2580000E+00    3.6313200E+01    2.0906809E+01
    2.2620000E+00    3.6324267E+01    2.0906843E+01
    2.2660000E+00    3.6335305E+01    2.0906876E+01
    2.2700000E+00    3.6346315E+01    2.0906909E+01
    2.2740000E+00    3.6357296E+01    2.0906942E+01
    2.2780000E+00    3.6368249E+01    2.0906975E+01
    2.2820000E+00    3.6379173E+01    2.0907008E+01
    2.2860000E+00    3.6390068E+01    2.0907040E+01
    2.2900000E+00    3.6400936E+01    2.0907072E+01
    2.2940000E+00    3.6411775E+01    2.0907104E+01
    2.2980000E+00    3.6422586E+01    2.0907135E+01
    2.3020000E+00    3.6433369E+01    2.0907166E+01
    2.3060000E+00    3.6444125E+01    2.0907197E+01
    2.3100000E+00    3.6454852E+01    2.0907228E+01
    2.3140000E+00    3.6465552E+01    2.0907259E+01
    2.3180000E+00    3.6476224E+01    2.0907289E+01
    2.3220000E+00    3.6486869E+01    2.0907319E+01
    2.3260000E+00    3.6497486E+01    2.0907349E+01
    2.3300000E+00    3.6508076E+01    2.0907379E+01
    2.3340000E+00    3.6518638E+01    2.0907408E+01
    2.3380000E+00    3.6529174E+01    2.0907437E+01
    2.3420000E+00    3.6539682E+01    2.0907466E+01
    2.3460000E+00    3.6550163E+01    2.0907495E+01
    2.3500000E+00    3.6560617E+01    2.0907523E+01
    2.3540000E+00    3.6571045E+01    2.0907551E+01
    2.3580000E+00    3.6581446E+01    2.0907579E+01
    2.3620000E+00    3.6591820E+01    2.0907607E+01
    2.3660000E+00    3.6602167E+01    2.0907635E+01
    2.3700000E+00    3.6612488E+01    2.0907662E+01
    2.3740000E+00    3.6622783E+01    2.0907689E+01
    2.3780000E+00    3.6633051E+01    2.0907716E+01
    2.3820000E+00    3.6643293E+01    2.0907743E+01
    2.3860000E+00    3.6653509E+01    2.0907769E+01
    2.3900000E+00    3.6663699E+01    2.0907796E+01
    2.3940000E+00    3.6673862E+01    2.0907822E+01
    2.3980000E+00    3.6684000E+01    2.0907848E+01
    2.4020000E+00    3.6694112E+01    2.0907873E+01
    2.4060000E+00    3.6704199E+01    2.0907899E+01
    2.4100000E+00    3.6714259E+01    2.0907924E+01
    2.4140000E+00    3.6724295E+01    2.0907949E+01
    2.4180000E+00    3.6734304E+01    2.0907974E+01
    2.4220000E+00    3.6744288E+01    2.0907998E+01
    2.4260000E+00    3.6754247E+01    2.0908023E+01
    2.4300000E+00    3.6764181E+01    2.0908047E+01
    2.4340000E+00    3.6774090E+01    2.0908071E+01
    2.4380000E+00    3.6783973E+01    2.0908095E+01
    2.4420000E+00    3.6793832E+01    2.0908119E+01
    2.4460000E+00    3.6803665E+01    2.0908142E+01
    2.4500000E+00    3.6813474E+01    2.0908165E+01
    2.4540000E+00    3.6823258E+01    2.0908188E+01
    2.4580000E+00    3.6833017E+01    2.0908211E+01
    2.4620000E+00    3.6842752E+01    2.0908234E+01
    2.4660000E+00    3.6852462E+01    2.0908257E+01
    2.4700000E+00    3.6862148E+01    2.0908279E+01
    2.4740000E+00    3.6871809E+01    2.0908301E+01
    2.4780000E+00    3.6881446E+01    2.0908323E+01
    2.4820000E+00    3.6891059E+01    2.0908345E+01
    2.4860000E+00    3.6900648E+01    2.0908366E+01
    2.4900000E+00    3.6910213E+01    2.0908388E+01
    2.4940000E+00    3.6919754E+01    2.0908409E+01
    2.4980000E+00    3.6929270E+01    2.0908430E+01
    2.5020000E+00    3.6938764E+01    2.0908451E+01
    2.5060000E+00    3.6948233E+01    2.0908472E+01
    2.5100000E+00    3.6957679E+01    2.0908492E+01
    2.5140000E+00    3.6967101E+01    2.0908513E+01
    2.5180000E+00    3.6976499E+01    2.0908533E+01
    2.5220000E+00    3.6985875E+01    2.0908553E+01
    2.5260000E+00    3.6995227E+01    2.0908573E+01
    2.5300000E+00    3.7004555E+01    2.0908593E+01
    2.5340000E+00    3.7013861E+01    2.0908612E+01
    2.5380000E+00    3.7023143E+01    2.0908632E+01
    2.5420000E+00    3.7032402E+01    2.0908651E+01
    2.5460000E+00    3.7041638E+01    2.0908670E+01
    2.5500000E+00    3.7050852E+01    2.0908689E+01
    2.5540000E+00    3.7060042E+01    2.0908707E+01
    2.5580000E+00    3.7069210E+01    2.0908726E+01
    2.5620000E+00    3.7078355E+01    2.0908744E+01
    2.5660000E+00    3.7087478E+01    2.0908763E+01
    2.5700000E+00    3.7096578E+01    2.0908781E+01
    2.5740000E+00    3.7105656E+01    2.0908799E+01
    2.5780000E+00    3.7114711E+01    2.0908816E+01
    2.5820000E+00    3.7123744E+01    2.0908834E+01
    2.5860000E+00    3.7132754E+01    2.0908852E+01
    2.5900000E+00    3.7141743E+01    2.0908869E+01
    2.5940000E+00    3.7150710E+01    2.0908886E+01
    2.5980000E+00    3.7159654E+01    2.0908903E+01
    2.6020000E+00    3.7168576E+01    2.0908920E+01
    2.6060000E+00    3.7177477E+01    2.0908937E+01
    2.6100000E+00    3.7186356E+01    2.0908953E+01
    2.6140000E+00    3.7195213E+01    2.0908970E+01
    2.6180000E+00    3.7204049E+01    2.0908986E+01
    2.6220000E+00    3.7212863E+01    2.0909002E+01
    2.6260000E+00    3.7221655E+01    2.0909018E+01
    2.6300000E+00    3.7230426E+01    2.0909034E+01
    2.6340000E+00    3.7239176E+01    2.0909050E+01
    2.6380000E+00    3.7247904E+01    2.0909066E+01
    2.6420000E+00    3.7256611E+01    2.0909081E+01
    2.6460000E+00    3.7265297E+01    2.0909097E+01
    2.6500000E+00    3.7273962E+01    2.0909112E+01
    2.6540000E+00    3.7282606E+01    2.0909127E+01
    2.6580000E+00    3.7291229E+01    2.0909142E+01
    2.6620000E+00    3.7299831E+01    2.0909157E+01
    2.6660000E+00    3.7308412E+01    2.0909171E+01
    2.6700000E+00    3.7316973E+01    2.0909186E+01
    2.6740000E+00    3.7325512E+01    2.0909200E+01
    2.6780000E+00    3.7334032E+01    2.0909215E+01
    2.6820000E+00    3.7342531E+01    2.0909229E+01
    2.6860000E+00    3.7351009E+01    2.0909243E+01
    2.6900000E+00    3.7359467E+01    2.0909257E+01
    2.6940000E+00    3.7367904E+01    2.0909270E+01
    2.6980000E+00    3.7376322E+01    2.0909284E+01
    2.7020000E+00    3.7384719E+01    2.0909298E+01
    2.7060000E+00    3.7393096E+01    2.0909311E+01
    2.7100000E+00    3.7401453E+01    2.0909324E+01
    2.7140000E+00    3.7409790E+01    2.0909338E+01
    2.7180000E+00    3.7418107E+01    2.0909351E+01
    2.7220000E+00    3.7426405E+01    2.0909364E+01
    2.7260000E+00    3.7434682E+01    2.0909377E+01
    2.7300000E+00    3.7442940E+01    2.0909389E+01
    2.7340000E+00    3.7451179E+01    2.0909402E+01
    2.7380000E+00    3.7459397E+01    2.0909414E+01
    2.7420000E+00    3.7467597E+01    2.0909427E+01
    2.7460000E+00    3.7475776E+01    2.0909439E+01
    2.7500000E+00    3.7483937E+01    2.0909451E+01
    2.7540000E+00    3.7492078E+01    2.0909463E+01
    2.7580000E+00    3.7500200E+01    2.0909475E+01
    2.7620000E+00    3.7508303E+01    2.0909487E+01
    2.7660000E+00    3.7516386E+01    2.0909499E+01
    2.7700000E+00    3.7524451E+01    2.0909510E+01
    2.7740000E+00    3.7532497E+01    2.0909522E+01
    2.7780000E+00    3.7540524E+01    2.0909533E+01
    2.7820000E+00    3.7548532E+01    2.0909545E+01
    2.7860000E+00    3.7556521E+01    2.0909556E+01
    2.7900000E+00    3.7564492E+01    2.0909567E+01
    2.7940000E+00    3.7572444E+01    2.0909578E+01
    2.7980000E+00    3.7580377E+01    2.0909589E+01
    2.8020000E+00    3.7588292E+01    2.0909599E+01
    2.8060000E+00    3.7596189E+01    2.0909610E+01
    2.8100000E+00    3.7604067E+01    2.0909621E+01
    2.8140000E+00    3.7611927E+01    2.0909631E+01
    2.8180000E+00    3.7619768E+01    2.0909642E+01
    2.8220000E+00    3.7627592E+01    2.0909652E+01
    2.8260000E+00    3.7635397E+01    2.0909662E+01
    2.8300000E+00    3.7643185E+01    2.0909672E+01
    2.8340000E+00    3.7650954E+01    2.0909682E+01
    2.8380000E+00    3.7658706E+01    2.0909692E+01
    2.8420000E+00    3.7666440E+01    2.0909702E+01
    2.8460000E+00    3.7674156E+01    2.0909712E+01
    2.8500000E+00    3.7681854E+01    2.0909721E+01
    2.8540000E+00    3.7689535E+01    2.0909731E+01
    2.8580000E+00    3.7697198E+01    2.0909740E+01
    2.8620000E+00    3.7704844E+01    2.0909750E+01
    2.8660000E+00    3.7712472E+01    2.0909759E+01
    2.8700000E+00    3.7720083E+01    2.0909768E+01
    2.8740000E+00    3.7727677E+01    2.0909777E+01
    2.8780000E+00    3.7735254E+01    2.0909786E+01
    2.8820000E+00    3.7742813E+01    2.0909795E+01
    2.8860000E+00    3.7750355E+01    2.0909804E+01
    2.8900000E+00    3.7757881E+01    2.0909813E+01
    2.8940000E+00    3.7765389E+01    2.0909822E+01
    2.8980000E+00    3.7772880E+01    2.0909830E+01
    2.9020000E+00    3.7780355E+01    2.0909839E+01
    2.9060000E+00    3.7787813E+01    2.0909847E+01
    2.9100000E+00    3.7795254E+01    2.0909855E+01
    2.9140000E+00    3.7802679E+01    2.0909864E+01
    2.9180000E+00    3.7810087E+01    2.0909872E+01
    2.9220000E+00    3.7817479E+01    2.0909880E+01
    2.9260000E+00    3.7824854E+01    2.0909888E+01
    2.9300000E+00    3.7832213E+01    2.0909896E+01
    2.9340000E+00    3.7839556E+01    2.0909904E+01
    2.9380000E+00    3.7846883E+01    2.0909912E+01
    2.9420000E+00    3.7854193E+01    2.0909919E+01
    2.9460000E+00    3.7861488E+01    2.0909927E+01
    2.9500000E+00    3.7868766E+01    2.0909935E+01
    2.9540000E+00    3.7876029E+01    2.0909942E+01
    2.9580000E+00    3.7883276E+01    2.0909950E+01
    2.9620000E+00    3.7890506E+01    2.0909957E+01
    2.9660000E+00    3.7897722E+01    2.0909964E+01
    2.9700000E+00    3.7904921E+01    2.0909971E+01
    2.9740000E+00    3.7912106E+01    2.0909979E+01
    2.9780000E+00    3.7919274E+01    2.0909986E+01
    2.9820000E+00    3.7926427E+01    2.0909993E+01
    2.9860000E+00    3.7933565E+01    2.0910000E+01
    2.9900000E+00    3.7940688E+01    2.0910007E+01
    2.9940000E+00    3.7947795E+01    2.0910013E+01
    2.9980000E+00    3.7954888E+01    2.0910020E+01
    3.0020000E+00    3.7961965E+01    2.0910027E+01
    3.0060000E+00    3.7969027E+01    2.0910033E+01
    3.0100000E+00    3.7976075E+01    2.0910040E+01
    3.0140000E+00    3.7983107E+01    2.0910046E+01
    3.0180000E+00    3.7990125E+01    2.0910053E+01
    3.0220000E+00    3.7997128E+01    2.0910059E+01
    3.0260000E+00    3.8004117E+01    2.0910065E+01
    3.0300000E+00    3.8011091E+01    2.0910072E+01
    3.0340000E+00    3.8018051E+01    2.0910078E+01
    3.0380000E+00    3.8024996E+01    2.0910084E+01
    3.0420000E+00    3.8031927E+01    2.0910090E+01
    3.0460000E+00    3.8038844E+01    2.0910096E+01
    3.0500000E+00    3.8045746E+01    2.0910102E+01
    3.0540000E+00    3.8052635E+01    2.0910108E+01
    3.0580000E+00    3.8059509E+01    2.0910113E+01
    3.0620000E+00    3.8066370E+01    2.0910119E+01
    3.0660000E+00    3.8073217E+01    2.0910125E+01
    3.0700000E+00    3.8080050E+01    2.0910130E+01
    3.0740000E+00    3.8086870E+01    2.0910136E+01
    3.0780000E+00    3.8093675E+01    2.0910141E+01
    3.0820000E+00    3.8100468E+01    2.0910147E+01
    3.0860000E+00    3.8107247E+01    2.0910152E+01
    3.0900000E+00    3.8114012E+01    2.0910158E+01
    3.0940000E+00    3.8120765E+01    2.0910163E+01
    3.0980000E+00    3.8127504E+01    2.0910168E+01
    3.1020000E+00    3.8134230E+01    2.0910173E+01
    3.1060000E+00    3.8140943E+01    2.0910178E+01
    3.1100000E+00    3.8147644E+01    2.0910184E+01
    3.1140000E+00    3.8154331E+01    2.0910189E+01
    3.1180000E+00    3.8161006E+01    2.0910194E+01
    3.1220000E+00    3.8167668E+01    2.0910198E+01
    3.1260000E+00    3.8174317E+01    2.0910203E+01
    3.1300000E+00    3.8180954E+01    2.0910208E+01
    3.1340000E+00    3.8187579E+01    2.0910213E+01
    3.1380000E+00    3.8194191E+01    2.0910218E+01
    3.1420000E+00    3.8200791E+01    2.0910222E+01
    3.1460000E+00    3.8207379E+01    2.0910227E+01
    3.1500000E+00    3.8213955E+01    2.0910231E+01
    3.1540000E+00    3.8220519E+01    2.0910236E+01
    3.1580000E+00    3.8227071E+01    2.0910240E+01
    3.1620000E+00    3.8233611E+01    2.0910245E+01
    3.1660000E+00    3.8240140E+01    2.0910249E+01
    3.1700000E+00    3.8246657E+01    2.0910254E+01
    3.1740000E+00    3.8253163E+01    2.0910258E+01
    3.1780000E+00    3.8259657E+01    2.0910262E+01
    3.1820000E+00    3.8266140E+01    2.0910266E+01
    3.1860000E+00    3.8272612E+01    2.0910271E+01
    3.1900000E+00    3.8279073E+01    2.0910275E+01
    3.1940000E+00    3.8285523E+01    2.0910279E+01
    3.1980000E+00    3.8291962E+01    2.0910283E+01
    3.2020000E+00    3.8298390E+01    2.0910287E+01
    3.2060000E+00    3.8304808E+01    2.0910291E+01
    3.2100000E+00    3.8311215E+01    2.0910295E+01
    3.2140000E+00    3.8317611E+01    2.0910298E+01
    3.2180000E+00    3.8323997E+01    2.0910302E+01
    3.2220000E+00    3.8330373E+01    2.0910306E+01
    3.2260000E+00    3.8336739E+01    2.0910310E+01
    3.2300000E+00    3.8343095E+01    2.0910313E+01
    3.2340000E+00    3.8349441E+01    2.0910317E+01
    3.2380000E+00    3.8355777E+01    2.0910321E+01
    3.2420000E+00    3.8362103E+01    2.0910324E+01
    3.2460000E+00    3.8368420E+01    2.0910328E+01
    3.2500000E+00    3.8374727E+01    2.0910331E+01
    3.2540000E+00    3.8381025E+01    2.0910335E+01
    3.2580000E+00    3.8387314E+01    2.0910338E+01
    3.2620000E+00    3.8393593E+01    2.0910342E+01
    3.2660000E+00    3.8399863E+01    2.0910345E+01
    3.2700000E+00    3.8406125E+01    2.0910348E+01
    3.2740000E+00    3.8412378E+01    2.0910352E+01
    3.2780000E+00    3.8418621E+01    2.0910355E+01
    3.2820000E+00    3.8424857E+01    2.0910358E+01
    3.2860000E+00    3.8431084E+01    2.0910361E+01
    3.2900000E+00    3.8437303E+01    2.0910364E+01
    3.2940000E+00    3.8443513E+01    2.0910367E+01
    3.2980000E+00    3.8449715E+01    2.0910370E+01
    3.3020000E+00    3.8455910E+01    2.0910374E+01
    3.3060000E+00    3.8462096E+01    2.0910377E+01
    3.3100000E+00    3.8468275E+01    2.0910379E+01
    3.3140000E+00    3.8474446E+01    2.0910382E+01
    3.3180000E+00    3.8480610E+01    2.0910385E+01
    3.3220000E+00    3.8486766E+01    2.0910388E+01
    3.3260000E+00    3.8492915E+01    2.0910391E+01
    3.3300000E+00    3.8499057E+01    2.0910394E+01
    3.3340000E+00    3.8505192E+01    2.0910397E+01
    3.3380000E+00    3.8511321E+01    2.0910399E+01
    3.3420000E+00    3.8517442E+01    2.0910402E+01
    3.3460000E+00    3.8523557E+01    2.0910405E+01
    3.3500000E+00    3.8529665E+01    2.0910407E+01
    3.3540000E+00    3.8535767E+01    2.0910410E+01
    3.3580000E+00    3.8541863E+01    2.0910413E+01
    3.3620000E+00    3.8547953E+01    2.0910415E+01
    3.3660000E+00    3.8554037E+01    2.0910418E+01
    3.3700000E+00    3.8560115E+01    2.0910420E+01
    3.3740000E+00    3.8566187E+01    2.0910423E+01
    3.3780000E+00    3.8572254E+01    2.0910425E+01
    3.3820000E+00    3.8578315E+01    2.0910428E+01
    3.3860000E+00    3.8584371E+01    2.0910430E+01
    3.3900000E+00    3.8590422E+01    2.0910432E+01
    3.3940000E+00    3.8596467E+01    2.0910435E+01
    3.3980000E+00    3.8602508E+01    2.0910437E+01
    3.4020000E+00    3.8608544E+01    2.0910439E+01
    3.4060000E+00    3.8614575E+01    2.0910441E+01
    3.4100000E+00    3.8620602E+01    2.0910444E+01
    3.4140000E+00    3.8626624E+01    2.0910446E+01
    3.4180000E+00    3.8632642E+01    2.0910448E+01
    3.4220000E+00    3.8638656E+01    2.0910450E+01
    3.4260000E+00    3.8644665E+01    2.0910452E+01
    3.4300000E+00    3.8650671E+01    2.0910454E+01
    3.4340000E+00    3.8656673E+01    2.0910457E+01
    3.4380000E+00    3.8662671E+01    2.0910459E+01
    3.4420000E+00    3.8668665E+01    2.0910461E+01
    3.4460000E+00    3.8674656E+01    2.0910463E+01
    3.4500000E+00    3.8680643E+01    2.0910465E+01
    3.4540000E+00    3.8686628E+01    2.0910467E+01
    3.4580000E+00    3.8692609E+01    2.0910468E+01
    3.4620000E+00    3.8698586E+01    2.0910470E+01
    3.4660000E+00    3.8704561E+01    2.0910472E+01
    3.4700000E+00    3.8710533E+01    2.0910474E+01
    3.4740000E+00    3.8716502E+01    2.0910476E+01
    3.4780000E+00    3.8722469E+01    2.0910478E+01
    3.4820000E+00    3.8728432E+01    2.0910480E+01
    3.4860000E+00    3.8734393E+01    2.0910481E+01
    3.4900000E+00    3.8740352E+01    2.0910483E+01
    3.4940000E+00    3.8746308E+01    2.0910485E+01
    3.4980000E+00    3.8752262E+01    2.0910487E+01
    3.5020000E+00    3.8758213E+01    2.0910488E+01
    3.5060000E+00    3.8764162E+01    2.0910490E+01
    3.5100000E+00    3.8770109E+01    2.0910492E+01
    3.5140000E+00    3.8776053E+01    2.0910493E+01
    3.5180000E+00    3.8781996E+01    2.0910495E+01
    3.5220000E+00    3.8787936E+01    2.0910496E+01
    3.5260000E+00    3.8793874E+01    2.0910498E+01
    3.5300000E+00    3.8799810E+01    2.0910499E+01
    3.5340000E+00    3.8805744E+01    2.0910501E+01
    3.5380000E+00    3.8811676E+01    2.0910502E+01
    3.5420000E+00    3.8817605E+01    2.0910504E+01
    3.5460000E+00    3.8823533E+01    2.0910505E+01
    3.5500000E+00    3.8829458E+01    2.0910507E+01
    3.5540000E+00    3.8835380E+01    2.0910508E+01
    3.5580000E+00    3.8841301E+01    2.0910510E+01
    3.5620000E+00    3.8847219E+01    2.0910511E+01
    3.5660000E+00    3.8853135E+01    2.0910512E+01
    3.5700000E+00    3.8859047E+01    2.0910514E+01
    3.5740000E+00    3.8864958E+01    2.0910515E+01
    3.5780000E+00    3.8870865E+01    2.0910516E+01
    3.5820000E+00    3.8876769E+01    2.0910518E+01
    3.5860000E+00    3.8882671E+01    2.0910519E+01
    3.5900000E+00    3.8888569E+01    2.0910520E+01
    3.5940000E+00    3.8894463E+01    2.0910522E+01
    3.5980000E+00    3.8900354E+01    2.0910523E+01
    3.6020000E+00    3.8906241E+01    2.0910524E+01
    3.6060000E+00    3.8912123E+01    2.0910525E+01
    3.6100000E+00    3.8918002E+01    2.0910526E+01
    3.6140000E+00    3.8923875E+01    2.0910528E+01
    3.6180000E+00    3.8929744E+01    2.0910529E+01
    3.6220000E+00    3.8935608E+01    2.0910530E+01
    3.6260000E+00    3.8941465E+01    2.0910531E+01
    3.6300000E+00    3.8947317E+01    2.0910532E+01
    3.6340000E+00    3.8953162E+01    2.0910533E+01
    3.6380000E+00    3.8959001E+01    2.0910534E+01
    3.6420000E+00    3.8964833E+01    2.0910535E+01
    3.6460000E+00    3.8970656E+01    2.0910536E+01
    3.6500000E+00    3.8976472E+01    2.0910537E+01
    3.6540000E+00    3.8982279E+01    2.0910538E+01
    3.6580000E+00    3.8988077E+01    2.0910539E+01
    3.6620000E+00    3.8993865E+01    2.0910540E+01
    3.6660000E+00    3.8999643E+01    2.0910541E+01
    3.6700000E+00    3.9005410E+01    2.0910542E+01
    3.6740000E+00    3.9011165E+01    2.0910543E+01
    3.6780000E+00    3.9016908E+01    2.0910544E+01
    3.6820000E+00    3.9022638E+01    2.0910545E+01
    3.6860000E+00    3.9028354E+01    2.0910546E+01
    3.6900000E+00    3.9034056E+01    2.0910547E+01
    3.6940000E+00    3.9039742E+01    2.0910548E+01
    3.6980000E+00    3.9045413E+01    2.0910548E+01
    3.7020000E+00    3.9051066E+01    2.0910549E+01
    3.7060000E+00    3.9056701E+01    2.0910550E+01
    3.7100000E+00    3.9062318E+01    2.0910551E+01
    3.7140000E+00    3.9067914E+01    2.0910552E+01
    3.7180000E+00    3.9073490E+01    2.0910553E+01
    3.7220000E+00    3.9079044E+01    2.0910553E+01
    3.7260000E+00    3.9084575E+01    2.0910554E+01
    3.7300000E+00    3.9090081E+01    2.0910555E+01
    3.7340000E+00    3.9095563E+01    2.0910555E+01
    3.7380000E+00    3.9101018E+01    2.0910556E+01
    3.7420000E+00    3.9106445E+01    2.0910557E+01
    3.7460000E+00    3.9111843E+01    2.0910558E+01
    3.7500000E+00    3.9117210E+01    2.0910558E+01
    3.7540000E+00    3.9122546E+01    2.0910559E+01
    3.7580000E+00    3.9127849E+01    2.0910560E+01
    3.7620000E+00    3.9133117E+01    2.0910560E+01
    3.7660000E+00    3.9138349E+01    2.0910561E+01
    3.7700000E+00    3.9143544E+01    2.0910561E+01
    3.7740000E+00    3.9148700E+01    2.0910562E+01
    3.7780000E+00    3.9153814E+01    2.0910563E+01
    3.7820000E+00    3.9158887E+01    2.0910563E+01
    3.7860000E+00    3.9163916E+01    2.0910564E+01
    3.7900000E+00    3.9168899E+01    2.0910564E+01
    3.7940000E+00    3.9173835E+01    2.0910565E+01
    3.7980000E+00    3.9178722E+01    2.0910565E+01
    3.8020000E+00    3.9183557E+01    2.0910566E+01
    3.8060000E+00    3.9188341E+01    2.0910566E+01
    3.8100000E+00    3.9193069E+01    2.0910567E+01
    3.8140000E+00    3.9197742E+01    2.0910567E+01
    3.8180000E+00    3.9202356E+01    2.0910568E+01
    3.8220000E+00    3.9206910E+01    2.0910568E+01
    3.8260000E+00    3.9211402E+01    2.0910569E+01
    3.8300000E+00    3.9215829E+01    2.0910569E+01
    3.8340000E+00    3.9220191E+01    2.0910570E+01
    3.8380000E+00    3.9224485E+01    2.0910570E+01
    3.8420000E+00    3.9228708E+01    2.0910571E+01
    3.8460000E+00    3.9232860E+01    2.0910571E+01
    3.8500000E+00    3.9236938E+01    2.0910571E+01
    3.8540000E+00    3.9240939E+01    2.0910572E+01
    3.8580000E+00    3.9244863E+01    2.0910572E+01
    3.8620000E+00    3.9248706E+01    2.0910572E+01
    3.8660000E+00    3.9252467E+01    2.0910573E+01
    3.8700000E+00    3.9256144E+01    2.0910573E+01
    3.8740000E+00    3.9259735E+01    2.0910573E+01
    3.8780000E+00    3.9263238E+01    2.0910574E+01
    3.8820000E+00    3.9266650E+01    2.0910574E+01
    3.8860000E+00    3.9269971E+01    2.0910574E+01
    3.8900000E+00    3.9273197E+01    2.0910575E+01
    3.8940000E+00    3.9276328E+01    2.0910575E+01
    3.8980000E+00    3.9279360E+01    2.0910575E+01
    3.9020000E+00    3.9282293E+01    2.0910575E+01
    3.9060000E+00    3.9285124E+01    2.0910576E+01
    3.9100000E+00    3.9287852E+01    2.0910576E+01
    3.9140000E+00    3.9290476E+01    2.0910576E+01
    3.9180000E+00    3.9292992E+01    2.0910576E+01
    3.9220000E+00    3.9295400E+01    2.0910577E+01
    3.9260000E+00    3.9297698E+01    2.0910577E+01
    3.9300000E+00    3.9299885E+01    2.0910577E+01
    3.9340000E+00    3.9301958E+01    2.0910577E+01
    3.9380000E+00    3.9303918E+01    2.0910577E+01
    3.9420000E+00    3.9305762E+01    2.0910577E+01
    3.9460000E+00    3.9307488E+01    2.0910578E+01
    3.9500000E+00    3.9309097E+01    2.0910578E+01
    3.9540000E+00    3.9310586E+01    2.0910578E+01
    3.9580000E+00    3.9311955E+01    2.0910578E+01
    3.9620000E+00    3.9313203E+01    2.0910578E+01
    3.9660000E+00    3.9314329E+01    2.0910578E+01
    3.9700000E+00    3.9315331E+01    2.0910578E+01
    3.9740000E+00    3.9316210E+01    2.0910578E+01
    3.9780000E+00    3.9316965E+01    2.0910578E+01
    3.9820000E+00    3.9317594E+01    2.0910578E+01
    3.9860000E+00    3.9318098E+01    2.0910578E+01
    3.9900000E+00    3.9318477E+01    2.0910578E+01
    3.9940000E+00    3.9318729E+01    2.0910578E+01
    3.9980000E+00    3.9318856E+01    2.0910578E+01
