# Time          5.0000E+01
# Units: Mol/kgw
    Distance        SO4--            SO164--         
    2.0000000E-03    2.7960602E-02    2.6958228E-02
    6.0000000E-03    2.7873363E-02    2.6874881E-02
    1.0000000E-02    2.7786335E-02    2.6791730E-02
    1.4000000E-02    2.7699515E-02    2.6708776E-02
    1.8000000E-02    2.7612905E-02    2.6626017E-02
    2.2000000E-02    2.7526503E-02    2.6543453E-02
    2.6000000E-02    2.7440309E-02    2.6461084E-02
    3.0000000E-02    2.7354323E-02    2.6378909E-02
    3.4000000E-02    2.7268544E-02    2.6296929E-02
    3.8000000E-02    2.7182971E-02    2.6215142E-02
    4.2000000E-02    2.7097605E-02    2.6133548E-02
    4.6000000E-02    2.7012445E-02    2.6052147E-02
    5.0000000E-02    2.6927490E-02    2.5970939E-02
    5.4000000E-02    2.6842741E-02    2.5889923E-02
    5.8000000E-02    2.6758196E-02    2.5809099E-02
    6.2000000E-02    2.6673855E-02    2.5728466E-02
    6.6000000E-02    2.6589718E-02    2.5648024E-02
    7.0000000E-02    2.6505785E-02    2.5567773E-02
    7.4000000E-02    2.6422054E-02    2.5487712E-02
    7.8000000E-02    2.6338526E-02    2.5407841E-02
    8.2000000E-02    2.6255200E-02    2.5328159E-02
    8.6000000E-02    2.6172076E-02    2.5248667E-02
    9.0000000E-02    2.6089154E-02    2.5169364E-02
    9.4000000E-02    2.6006432E-02    2.5090248E-02
    9.8000000E-02    2.5923911E-02    2.5011321E-02
    1.0200000E-01    2.5841590E-02    2.4932582E-02
    1.0600000E-01    2.5759469E-02    2.4854030E-02
    1.1000000E-01    2.5677547E-02    2.4775665E-02
    1.1400000E-01    2.5595824E-02    2.4697487E-02
    1.1800000E-01    2.5514299E-02    2.4619495E-02
    1.2200000E-01    2.5432973E-02    2.4541689E-02
    1.2600000E-01    2.5351845E-02    2.4464068E-02
    1.3000000E-01    2.5270914E-02    2.4386633E-02
    1.3400000E-01    2.5190179E-02    2.4309382E-02
    1.3800000E-01    2.5109642E-02    2.4232316E-02
    1.4200000E-01    2.5029301E-02    2.4155434E-02
    1.4600000E-01    2.4949155E-02    2.4078736E-02
    1.5000000E-01    2.4869205E-02    2.4002221E-02
    1.5400000E-01    2.4789450E-02    2.3925890E-02
    1.5800000E-01    2.4709889E-02    2.3849741E-02
    1.6200000E-01    2.4630523E-02    2.3773775E-02
    1.6600000E-01    2.4551351E-02    2.3697991E-02
    1.7000000E-01    2.4472372E-02    2.3622388E-02
    1.7400000E-01    2.4393587E-02    2.3546967E-02
    1.7800000E-01    2.4314994E-02    2.3471727E-02
    1.8200000E-01    2.4236593E-02    2.3396668E-02
    1.8600000E-01    2.4158385E-02    2.3321789E-02
    1.9000000E-01    2.4080368E-02    2.3247090E-02
    1.9400000E-01    2.4002542E-02    2.3172571E-02
    1.9800000E-01    2.3924908E-02    2.3098231E-02
    2.0200000E-01    2.3847463E-02    2.3024070E-02
    2.0600000E-01    2.3770209E-02    2.2950088E-02
    2.1000000E-01    2.3693145E-02    2.2876284E-02
    2.1400000E-01    2.3616270E-02    2.2802659E-02
    2.1800000E-01    2.3539585E-02    2.2729211E-02
    2.2200000E-01    2.3463087E-02    2.2655940E-02
    2.2600000E-01    2.3386779E-02    2.2582847E-02
    2.3000000E-01    2.3310658E-02    2.2509930E-02
    2.3400000E-01    2.3234725E-02    2.2437190E-02
    2.3800000E-01    2.3158979E-02    2.2364626E-02
    2.4200000E-01    2.3083420E-02    2.2292237E-02
    2.4600000E-01    2.3008047E-02    2.2220024E-02
    2.5000000E-01    2.2932861E-02    2.2147987E-02
    2.5400000E-01    2.2857861E-02    2.2076124E-02
    2.5800000E-01    2.2783046E-02    2.2004435E-02
    2.6200000E-01    2.2708416E-02    2.1932921E-02
    2.6600000E-01    2.2633971E-02    2.1861580E-02
    2.7000000E-01    2.2559710E-02    2.1790413E-02
    2.7400000E-01    2.2485633E-02    2.1719420E-02
    2.7800000E-01    2.2411740E-02    2.1648599E-02
    2.8200000E-01    2.2338031E-02    2.1577951E-02
    2.8600000E-01    2.2264504E-02    2.1507475E-02
    2.9000000E-01    2.2191160E-02    2.1437171E-02
    2.9400000E-01    2.2117999E-02    2.1367039E-02
    2.9800000E-01    2.2045019E-02    2.1297078E-02
    3.0200000E-01    2.1972222E-02    2.1227288E-02
    3.0600000E-01    2.1899605E-02    2.1157669E-02
    3.1000000E-01    2.1827170E-02    2.1088221E-02
    3.1400000E-01    2.1754915E-02    2.1018942E-02
    3.1800000E-01    2.1682840E-02    2.0949834E-02
    3.2200000E-01    2.1610946E-02    2.0880895E-02
    3.2600000E-01    2.1539231E-02    2.0812125E-02
    3.3000000E-01    2.1467695E-02    2.0743524E-02
    3.3400000E-01    2.1396338E-02    2.0675092E-02
    3.3800000E-01    2.1325160E-02    2.0606828E-02
    3.4200000E-01    2.1254160E-02    2.0538732E-02
    3.4600000E-01    2.1183338E-02    2.0470804E-02
    3.5000000E-01    2.1112694E-02    2.0403043E-02
    3.5400000E-01    2.1042227E-02    2.0335450E-02
    3.5800000E-01    2.0971938E-02    2.0268023E-02
    3.6200000E-01    2.0901824E-02    2.0200763E-02
    3.6600000E-01    2.0831888E-02    2.0133669E-02
    3.7000000E-01    2.0762127E-02    2.0066742E-02
    3.7400000E-01    2.0692542E-02    1.9999979E-02
    3.7800000E-01    2.0623132E-02    1.9933383E-02
    3.8200000E-01    2.0553897E-02    1.9866951E-02
    3.8600000E-01    2.0484837E-02    1.9800684E-02
    3.9000000E-01    2.0415951E-02    1.9734582E-02
    3.9400000E-01    2.0347240E-02    1.9668644E-02
    3.9800000E-01    2.0278702E-02    1.9602870E-02
    4.0200000E-01    2.0210338E-02    1.9537259E-02
    4.0600000E-01    2.0142147E-02    1.9471812E-02
    4.1000000E-01    2.0074128E-02    1.9406528E-02
    4.1400000E-01    2.0006282E-02    1.9341407E-02
    4.1800000E-01    1.9938609E-02    1.9276448E-02
    4.2200000E-01    1.9871107E-02    1.9211652E-02
    4.2600000E-01    1.9803777E-02    1.9147017E-02
    4.3000000E-01    1.9736618E-02    1.9082545E-02
    4.3400000E-01    1.9669630E-02    1.9018233E-02
    4.3800000E-01    1.9602813E-02    1.8954083E-02
    4.4200000E-01    1.9536165E-02    1.8890094E-02
    4.4600000E-01    1.9469688E-02    1.8826265E-02
    4.5000000E-01    1.9403381E-02    1.8762597E-02
    4.5400000E-01    1.9337243E-02    1.8699088E-02
    4.5800000E-01    1.9271275E-02    1.8635739E-02
    4.6200000E-01    1.9205475E-02    1.8572550E-02
    4.6600000E-01    1.9139843E-02    1.8509520E-02
    4.7000000E-01    1.9074380E-02    1.8446649E-02
    4.7400000E-01    1.9009084E-02    1.8383937E-02
    4.7800000E-01    1.8943957E-02    1.8321383E-02
    4.8200000E-01    1.8878996E-02    1.8258987E-02
    4.8600000E-01    1.8814203E-02    1.8196748E-02
    4.9000000E-01    1.8749576E-02    1.8134668E-02
    4.9400000E-01    1.8685115E-02    1.8072745E-02
    4.9800000E-01    1.8620821E-02    1.8010978E-02
    5.0200000E-01    1.8556692E-02    1.7949369E-02
    5.0600000E-01    1.8492729E-02    1.7887916E-02
    5.1000000E-01    1.8428932E-02    1.7826619E-02
    5.1400000E-01    1.8365299E-02    1.7765478E-02
    5.1800000E-01    1.8301830E-02    1.7704493E-02
    5.2200000E-01    1.8238526E-02    1.7643664E-02
    5.2600000E-01    1.8175387E-02    1.7582989E-02
    5.3000000E-01    1.8112410E-02    1.7522470E-02
    5.3400000E-01    1.8049598E-02    1.7462105E-02
    5.3800000E-01    1.7986948E-02    1.7401894E-02
    5.4200000E-01    1.7924462E-02    1.7341838E-02
    5.4600000E-01    1.7862137E-02    1.7281935E-02
    5.5000000E-01    1.7799976E-02    1.7222187E-02
    5.5400000E-01    1.7737976E-02    1.7162591E-02
    5.5800000E-01    1.7676138E-02    1.7103148E-02
    5.6200000E-01    1.7614461E-02    1.7043859E-02
    5.6600000E-01    1.7552946E-02    1.6984722E-02
    5.7000000E-01    1.7491591E-02    1.6925737E-02
    5.7400000E-01    1.7430397E-02    1.6866904E-02
    5.7800000E-01    1.7369364E-02    1.6808223E-02
    5.8200000E-01    1.7308490E-02    1.6749694E-02
    5.8600000E-01    1.7247776E-02    1.6691316E-02
    5.9000000E-01    1.7187222E-02    1.6633089E-02
    5.9400000E-01    1.7126826E-02    1.6575012E-02
    5.9800000E-01    1.7066590E-02    1.6517086E-02
    6.0200000E-01    1.7006512E-02    1.6459311E-02
    6.0600000E-01    1.6946593E-02    1.6401685E-02
    6.1000000E-01    1.6886831E-02    1.6344210E-02
    6.1400000E-01    1.6827228E-02    1.6286883E-02
    6.1800000E-01    1.6767782E-02    1.6229706E-02
    6.2200000E-01    1.6708493E-02    1.6172679E-02
    6.2600000E-01    1.6649361E-02    1.6115799E-02
    6.3000000E-01    1.6590386E-02    1.6059069E-02
    6.3400000E-01    1.6531567E-02    1.6002486E-02
    6.3800000E-01    1.6472904E-02    1.5946052E-02
    6.4200000E-01    1.6414397E-02    1.5889765E-02
    6.4600000E-01    1.6356046E-02    1.5833626E-02
    6.5000000E-01    1.6297850E-02    1.5777634E-02
    6.5400000E-01    1.6239809E-02    1.5721790E-02
    6.5800000E-01    1.6181923E-02    1.5666092E-02
    6.6200000E-01    1.6124191E-02    1.5610540E-02
    6.6600000E-01    1.6066614E-02    1.5555135E-02
    6.7000000E-01    1.6009190E-02    1.5499876E-02
    6.7400000E-01    1.5951920E-02    1.5444763E-02
    6.7800000E-01    1.5894804E-02    1.5389795E-02
    6.8200000E-01    1.5837841E-02    1.5334972E-02
    6.8600000E-01    1.5781031E-02    1.5280295E-02
    6.9000000E-01    1.5724373E-02    1.5225763E-02
    6.9400000E-01    1.5667867E-02    1.5171375E-02
    6.9800000E-01    1.5611514E-02    1.5117131E-02
    7.0200000E-01    1.5555313E-02    1.5063032E-02
    7.0600000E-01    1.5499263E-02    1.5009076E-02
    7.1000000E-01    1.5443364E-02    1.4955264E-02
    7.1400000E-01    1.5387616E-02    1.4901595E-02
    7.1800000E-01    1.5332020E-02    1.4848070E-02
    7.2200000E-01    1.5276573E-02    1.4794687E-02
    7.2600000E-01    1.5221277E-02    1.4741448E-02
    7.3000000E-01    1.5166131E-02    1.4688350E-02
    7.3400000E-01    1.5111134E-02    1.4635395E-02
    7.3800000E-01    1.5056287E-02    1.4582582E-02
    7.4200000E-01    1.5001590E-02    1.4529910E-02
    7.4600000E-01    1.4947041E-02    1.4477380E-02
    7.5000000E-01    1.4892640E-02    1.4424991E-02
    7.5400000E-01    1.4838389E-02    1.4372743E-02
    7.5800000E-01    1.4784285E-02    1.4320636E-02
    7.6200000E-01    1.4730329E-02    1.4268670E-02
    7.6600000E-01    1.4676521E-02    1.4216844E-02
    7.7000000E-01    1.4622860E-02    1.4165157E-02
    7.7400000E-01    1.4569347E-02    1.4113611E-02
    7.7800000E-01    1.4515980E-02    1.4062205E-02
    7.8200000E-01    1.4462760E-02    1.4010937E-02
    7.8600000E-01    1.4409686E-02    1.3959809E-02
    7.9000000E-01    1.4356758E-02    1.3908820E-02
    7.9400000E-01    1.4303976E-02    1.3857969E-02
    7.9800000E-01    1.4251340E-02    1.3807257E-02
    8.0200000E-01    1.4198849E-02    1.3756683E-02
    8.0600000E-01    1.4146503E-02    1.3706247E-02
    8.1000000E-01    1.4094301E-02    1.3655949E-02
    8.1400000E-01    1.4042245E-02    1.3605788E-02
    8.1800000E-01    1.3990333E-02    1.3555765E-02
    8.2200000E-01    1.3938564E-02    1.3505878E-02
    8.2600000E-01    1.3886940E-02    1.3456129E-02
    8.3000000E-01    1.3835459E-02    1.3406516E-02
    8.3400000E-01    1.3784122E-02    1.3357039E-02
    8.3800000E-01    1.3732927E-02    1.3307699E-02
    8.4200000E-01    1.3681876E-02    1.3258494E-02
    8.4600000E-01    1.3630966E-02    1.3209425E-02
    8.5000000E-01    1.3580200E-02    1.3160492E-02
    8.5400000E-01    1.3529575E-02    1.3111694E-02
    8.5800000E-01    1.3479092E-02    1.3063031E-02
    8.6200000E-01    1.3428750E-02    1.3014502E-02
    8.6600000E-01    1.3378550E-02    1.2966108E-02
    8.7000000E-01    1.3328491E-02    1.2917849E-02
    8.7400000E-01    1.3278573E-02    1.2869723E-02
    8.7800000E-01    1.3228795E-02    1.2821732E-02
    8.8200000E-01    1.3179158E-02    1.2773874E-02
    8.8600000E-01    1.3129661E-02    1.2726149E-02
    8.9000000E-01    1.3080303E-02    1.2678558E-02
    8.9400000E-01    1.3031085E-02    1.2631100E-02
    8.9800000E-01    1.2982007E-02    1.2583774E-02
    9.0200000E-01    1.2933067E-02    1.2536581E-02
    9.0600000E-01    1.2884266E-02    1.2489520E-02
    9.1000000E-01    1.2835604E-02    1.2442591E-02
    9.1400000E-01    1.2787081E-02    1.2395794E-02
    9.1800000E-01    1.2738695E-02    1.2349129E-02
    9.2200000E-01    1.2690447E-02    1.2302595E-02
    9.2600000E-01    1.2642337E-02    1.2256192E-02
    9.3000000E-01    1.2594364E-02    1.2209920E-02
    9.3400000E-01    1.2546529E-02    1.2163779E-02
    9.3800000E-01    1.2498830E-02    1.2117768E-02
    9.4200000E-01    1.2451268E-02    1.2071888E-02
    9.4600000E-01    1.2403842E-02    1.2026138E-02
    9.5000000E-01    1.2356553E-02    1.1980517E-02
    9.5400000E-01    1.2309399E-02    1.1935026E-02
    9.5800000E-01    1.2262381E-02    1.1889665E-02
    9.6200000E-01    1.2215498E-02    1.1844433E-02
    9.6600000E-01    1.2168751E-02    1.1799329E-02
    9.7000000E-01    1.2122139E-02    1.1754355E-02
    9.7400000E-01    1.2075661E-02    1.1709509E-02
    9.7800000E-01    1.2029318E-02    1.1664791E-02
    9.8200000E-01    1.1983109E-02    1.1620201E-02
    9.8600000E-01    1.1937034E-02    1.1575739E-02
    9.9000000E-01    1.1891092E-02    1.1531405E-02
    9.9400000E-01    1.1845285E-02    1.1487198E-02
    9.9800000E-01    1.1799610E-02    1.1443118E-02
    1.0020000E+00    1.1754069E-02    1.1399166E-02
    1.0060000E+00    1.1708660E-02    1.1355340E-02
    1.0100000E+00    1.1663384E-02    1.1311640E-02
    1.0140000E+00    1.1618240E-02    1.1268067E-02
    1.0180000E+00    1.1573229E-02    1.1224620E-02
    1.0220000E+00    1.1528349E-02    1.1181299E-02
    1.0260000E+00    1.1483600E-02    1.1138103E-02
    1.0300000E+00    1.1438983E-02    1.1095033E-02
    1.0340000E+00    1.1394498E-02    1.1052088E-02
    1.0380000E+00    1.1350143E-02    1.1009268E-02
    1.0420000E+00    1.1305919E-02    1.0966573E-02
    1.0460000E+00    1.1261825E-02    1.0924003E-02
    1.0500000E+00    1.1217861E-02    1.0881557E-02
    1.0540000E+00    1.1174027E-02    1.0839235E-02
    1.0580000E+00    1.1130324E-02    1.0797037E-02
    1.0620000E+00    1.1086749E-02    1.0754962E-02
    1.0660000E+00    1.1043304E-02    1.0713011E-02
    1.0700000E+00    1.0999988E-02    1.0671183E-02
    1.0740000E+00    1.0956800E-02    1.0629479E-02
    1.0780000E+00    1.0913741E-02    1.0587897E-02
    1.0820000E+00    1.0870810E-02    1.0546438E-02
    1.0860000E+00    1.0828008E-02    1.0505101E-02
    1.0900000E+00    1.0785333E-02    1.0463886E-02
    1.0940000E+00    1.0742786E-02    1.0422794E-02
    1.0980000E+00    1.0700366E-02    1.0381823E-02
    1.1020000E+00    1.0658073E-02    1.0340973E-02
    1.1060000E+00    1.0615908E-02    1.0300245E-02
    1.1100000E+00    1.0573868E-02    1.0259638E-02
    1.1140000E+00    1.0531956E-02    1.0219152E-02
    1.1180000E+00    1.0490169E-02    1.0178787E-02
    1.1220000E+00    1.0448509E-02    1.0138542E-02
    1.1260000E+00    1.0406974E-02    1.0098417E-02
    1.1300000E+00    1.0365565E-02    1.0058413E-02
    1.1340000E+00    1.0324281E-02    1.0018528E-02
    1.1380000E+00    1.0283122E-02    9.9787625E-03
    1.1420000E+00    1.0242087E-02    9.9391167E-03
    1.1460000E+00    1.0201178E-02    9.8995900E-03
    1.1500000E+00    1.0160392E-02    9.8601822E-03
    1.1540000E+00    1.0119731E-02    9.8208932E-03
    1.1580000E+00    1.0079194E-02    9.7817227E-03
    1.1620000E+00    1.0038780E-02    9.7426705E-03
    1.1660000E+00    9.9984898E-03    9.7037365E-03
    1.1700000E+00    9.9583227E-03    9.6649203E-03
    1.1740000E+00    9.9182785E-03    9.6262218E-03
    1.1780000E+00    9.8783570E-03    9.5876407E-03
    1.1820000E+00    9.8385581E-03    9.5491769E-03
    1.1860000E+00    9.7988814E-03    9.5108301E-03
    1.1900000E+00    9.7593267E-03    9.4726002E-03
    1.1940000E+00    9.7198938E-03    9.4344868E-03
    1.1980000E+00    9.6805825E-03    9.3964898E-03
    1.2020000E+00    9.6413925E-03    9.3586090E-03
    1.2060000E+00    9.6023236E-03    9.3208442E-03
    1.2100000E+00    9.5633756E-03    9.2831952E-03
    1.2140000E+00    9.5245483E-03    9.2456616E-03
    1.2180000E+00    9.4858413E-03    9.2082434E-03
    1.2220000E+00    9.4472546E-03    9.1709403E-03
    1.2260000E+00    9.4087878E-03    9.1337522E-03
    1.2300000E+00    9.3704407E-03    9.0966787E-03
    1.2340000E+00    9.3322132E-03    9.0597196E-03
    1.2380000E+00    9.2941049E-03    9.0228749E-03
    1.2420000E+00    9.2561156E-03    8.9861442E-03
    1.2460000E+00    9.2182452E-03    8.9495273E-03
    1.2500000E+00    9.1804933E-03    8.9130241E-03
    1.2540000E+00    9.1428599E-03    8.8766343E-03
    1.2580000E+00    9.1053445E-03    8.8403577E-03
    1.2620000E+00    9.0679471E-03    8.8041941E-03
    1.2660000E+00    9.0306673E-03    8.7681432E-03
    1.2700000E+00    8.9935050E-03    8.7322050E-03
    1.2740000E+00    8.9564598E-03    8.6963791E-03
    1.2780000E+00    8.9195317E-03    8.6606653E-03
    1.2820000E+00    8.8827204E-03    8.6250635E-03
    1.2860000E+00    8.8460256E-03    8.5895734E-03
    1.2900000E+00    8.8094471E-03    8.5541948E-03
    1.2940000E+00    8.7729846E-03    8.5189275E-03
    1.2980000E+00    8.7366381E-03    8.4837713E-03
    1.3020000E+00    8.7004071E-03    8.4487260E-03
    1.3060000E+00    8.6642916E-03    8.4137913E-03
    1.3100000E+00    8.6282912E-03    8.3789671E-03
    1.3140000E+00    8.5924058E-03    8.3442532E-03
    1.3180000E+00    8.5566351E-03    8.3096492E-03
    1.3220000E+00    8.5209789E-03    8.2751551E-03
    1.3260000E+00    8.4854370E-03    8.2407706E-03
    1.3300000E+00    8.4500091E-03    8.2064956E-03
    1.3340000E+00    8.4146950E-03    8.1723297E-03
    1.3380000E+00    8.3794946E-03    8.1382728E-03
    1.3420000E+00    8.3444075E-03    8.1043246E-03
    1.3460000E+00    8.3094335E-03    8.0704850E-03
    1.3500000E+00    8.2745724E-03    8.0367538E-03
    1.3540000E+00    8.2398241E-03    8.0031307E-03
    1.3580000E+00    8.2051881E-03    7.9696155E-03
    1.3620000E+00    8.1706645E-03    7.9362081E-03
    1.3660000E+00    8.1362528E-03    7.9029081E-03
    1.3700000E+00    8.1019530E-03    7.8697155E-03
    1.3740000E+00    8.0677646E-03    7.8366299E-03
    1.3780000E+00    8.0336877E-03    7.8036512E-03
    1.3820000E+00    7.9997218E-03    7.7707792E-03
    1.3860000E+00    7.9658668E-03    7.7380136E-03
    1.3900000E+00    7.9321225E-03    7.7053543E-03
    1.3940000E+00    7.8984887E-03    7.6728010E-03
    1.3980000E+00    7.8649650E-03    7.6403536E-03
    1.4020000E+00    7.8315513E-03    7.6080118E-03
    1.4060000E+00    7.7982474E-03    7.5757753E-03
    1.4100000E+00    7.7650530E-03    7.5436441E-03
    1.4140000E+00    7.7319680E-03    7.5116178E-03
    1.4180000E+00    7.6989920E-03    7.4796964E-03
    1.4220000E+00    7.6661249E-03    7.4478795E-03
    1.4260000E+00    7.6333665E-03    7.4161669E-03
    1.4300000E+00    7.6007164E-03    7.3845585E-03
    1.4340000E+00    7.5681746E-03    7.3530541E-03
    1.4380000E+00    7.5357407E-03    7.3216533E-03
    1.4420000E+00    7.5034146E-03    7.2903561E-03
    1.4460000E+00    7.4711960E-03    7.2591622E-03
    1.4500000E+00    7.4390847E-03    7.2280715E-03
    1.4540000E+00    7.4070805E-03    7.1970836E-03
    1.4580000E+00    7.3751832E-03    7.1661983E-03
    1.4620000E+00    7.3433924E-03    7.1354156E-03
    1.4660000E+00    7.3117081E-03    7.1047351E-03
    1.4700000E+00    7.2801300E-03    7.0741567E-03
    1.4740000E+00    7.2486578E-03    7.0436801E-03
    1.4780000E+00    7.2172914E-03    7.0133052E-03
    1.4820000E+00    7.1860305E-03    6.9830317E-03
    1.4860000E+00    7.1548749E-03    6.9528594E-03
    1.4900000E+00    7.1238243E-03    6.9227881E-03
    1.4940000E+00    7.0928786E-03    6.8928177E-03
    1.4980000E+00    7.0620375E-03    6.8629478E-03
    1.5020000E+00    7.0313009E-03    6.8331783E-03
    1.5060000E+00    7.0006684E-03    6.8035090E-03
    1.5100000E+00    6.9701399E-03    6.7739396E-03
    1.5140000E+00    6.9397151E-03    6.7444700E-03
    1.5180000E+00    6.9093938E-03    6.7151000E-03
    1.5220000E+00    6.8791758E-03    6.6858293E-03
    1.5260000E+00    6.8490609E-03    6.6566577E-03
    1.5300000E+00    6.8190488E-03    6.6275851E-03
    1.5340000E+00    6.7891394E-03    6.5986112E-03
    1.5380000E+00    6.7593324E-03    6.5697358E-03
    1.5420000E+00    6.7296275E-03    6.5409587E-03
    1.5460000E+00    6.7000247E-03    6.5122797E-03
    1.5500000E+00    6.6705235E-03    6.4836985E-03
    1.5540000E+00    6.6411239E-03    6.4552151E-03
    1.5580000E+00    6.6118256E-03    6.4268291E-03
    1.5620000E+00    6.5826284E-03    6.3985404E-03
    1.5660000E+00    6.5535320E-03    6.3703487E-03
    1.5700000E+00    6.5245363E-03    6.3422538E-03
    1.5740000E+00    6.4956410E-03    6.3142557E-03
    1.5780000E+00    6.4668458E-03    6.2863539E-03
    1.5820000E+00    6.4381507E-03    6.2585483E-03
    1.5860000E+00    6.4095553E-03    6.2308388E-03
    1.5900000E+00    6.3810594E-03    6.2032251E-03
    1.5940000E+00    6.3526629E-03    6.1757069E-03
    1.5980000E+00    6.3243654E-03    6.1482842E-03
    1.6020000E+00    6.2961668E-03    6.1209566E-03
    1.6060000E+00    6.2680669E-03    6.0937241E-03
    1.6100000E+00    6.2400654E-03    6.0665863E-03
    1.6140000E+00    6.2121621E-03    6.0395430E-03
    1.6180000E+00    6.1843568E-03    6.0125941E-03
    1.6220000E+00    6.1566493E-03    5.9857393E-03
    1.6260000E+00    6.1290393E-03    5.9589785E-03
    1.6300000E+00    6.1015267E-03    5.9323114E-03
    1.6340000E+00    6.0741112E-03    5.9057379E-03
    1.6380000E+00    6.0467925E-03    5.8792576E-03
    1.6420000E+00    6.0195706E-03    5.8528705E-03
    1.6460000E+00    5.9924451E-03    5.8265763E-03
    1.6500000E+00    5.9654158E-03    5.8003747E-03
    1.6540000E+00    5.9384826E-03    5.7742657E-03
    1.6580000E+00    5.9116451E-03    5.7482489E-03
    1.6620000E+00    5.8849033E-03    5.7223243E-03
    1.6660000E+00    5.8582568E-03    5.6964914E-03
    1.6700000E+00    5.8317054E-03    5.6707503E-03
    1.6740000E+00    5.8052490E-03    5.6451006E-03
    1.6780000E+00    5.7788872E-03    5.6195421E-03
    1.6820000E+00    5.7526200E-03    5.5940747E-03
    1.6860000E+00    5.7264470E-03    5.5686982E-03
    1.6900000E+00    5.7003681E-03    5.5434123E-03
    1.6940000E+00    5.6743830E-03    5.5182167E-03
    1.6980000E+00    5.6484915E-03    5.4931115E-03
    1.7020000E+00    5.6226934E-03    5.4680962E-03
    1.7060000E+00    5.5969885E-03    5.4431707E-03
    1.7100000E+00    5.5713766E-03    5.4183349E-03
    1.7140000E+00    5.5458574E-03    5.3935884E-03
    1.7180000E+00    5.5204307E-03    5.3689311E-03
    1.7220000E+00    5.4950964E-03    5.3443628E-03
    1.7260000E+00    5.4698541E-03    5.3198833E-03
    1.7300000E+00    5.4447037E-03    5.2954923E-03
    1.7340000E+00    5.4196449E-03    5.2711898E-03
    1.7380000E+00    5.3946776E-03    5.2469754E-03
    1.7420000E+00    5.3698015E-03    5.2228489E-03
    1.7460000E+00    5.3450165E-03    5.1988102E-03
    1.7500000E+00    5.3203222E-03    5.1748590E-03
    1.7540000E+00    5.2957185E-03    5.1509952E-03
    1.7580000E+00    5.2712051E-03    5.1272185E-03
    1.7620000E+00    5.2467819E-03    5.1035288E-03
    1.7660000E+00    5.2224486E-03    5.0799257E-03
    1.7700000E+00    5.1982050E-03    5.0564092E-03
    1.7740000E+00    5.1740509E-03    5.0329790E-03
    1.7780000E+00    5.1499861E-03    5.0096350E-03
    1.7820000E+00    5.1260103E-03    4.9863768E-03
    1.7860000E+00    5.1021234E-03    4.9632043E-03
    1.7900000E+00    5.0783251E-03    4.9401173E-03
    1.7940000E+00    5.0546153E-03    4.9171157E-03
    1.7980000E+00    5.0309936E-03    4.8941991E-03
    1.8020000E+00    5.0074599E-03    4.8713674E-03
    1.8060000E+00    4.9840140E-03    4.8486204E-03
    1.8100000E+00    4.9606556E-03    4.8259578E-03
    1.8140000E+00    4.9373846E-03    4.8033796E-03
    1.8180000E+00    4.9142007E-03    4.7808854E-03
    1.8220000E+00    4.8911037E-03    4.7584750E-03
    1.8260000E+00    4.8680934E-03    4.7361484E-03
    1.8300000E+00    4.8451695E-03    4.7139052E-03
    1.8340000E+00    4.8223320E-03    4.6917452E-03
    1.8380000E+00    4.7995805E-03    4.6696683E-03
    1.8420000E+00    4.7769148E-03    4.6476743E-03
    1.8460000E+00    4.7543348E-03    4.6257629E-03
    1.8500000E+00    4.7318401E-03    4.6039339E-03
    1.8540000E+00    4.7094307E-03    4.5821872E-03
    1.8580000E+00    4.6871063E-03    4.5605225E-03
    1.8620000E+00    4.6648666E-03    4.5389397E-03
    1.8660000E+00    4.6427115E-03    4.5174385E-03
    1.8700000E+00    4.6206407E-03    4.4960187E-03
    1.8740000E+00    4.5986540E-03    4.4746801E-03
    1.8780000E+00    4.5767513E-03    4.4534226E-03
    1.8820000E+00    4.5549323E-03    4.4322459E-03
    1.8860000E+00    4.5331968E-03    4.4111498E-03
    1.8900000E+00    4.5115445E-03    4.3901342E-03
    1.8940000E+00    4.4899753E-03    4.3691987E-03
    1.8980000E+00    4.4684890E-03    4.3483433E-03
    1.9020000E+00    4.4470853E-03    4.3275677E-03
    1.9060000E+00    4.4257641E-03    4.3068717E-03
    1.9100000E+00    4.4045251E-03    4.2862551E-03
    1.9140000E+00    4.3833681E-03    4.2657178E-03
    1.9180000E+00    4.3622929E-03    4.2452594E-03
    1.9220000E+00    4.3412992E-03    4.2248799E-03
    1.9260000E+00    4.3203870E-03    4.2045789E-03
    1.9300000E+00    4.2995559E-03    4.1843564E-03
    1.9340000E+00    4.2788058E-03    4.1642120E-03
    1.9380000E+00    4.2581364E-03    4.1441457E-03
    1.9420000E+00    4.2375476E-03    4.1241572E-03
    1.9460000E+00    4.2170390E-03    4.1042463E-03
    1.9500000E+00    4.1966106E-03    4.0844128E-03
    1.9540000E+00    4.1762621E-03    4.0646565E-03
    1.9580000E+00    4.1559933E-03    4.0449772E-03
    1.9620000E+00    4.1358040E-03    4.0253747E-03
    1.9660000E+00    4.1156940E-03    4.0058488E-03
    1.9700000E+00    4.0956630E-03    3.9863993E-03
    1.9740000E+00    4.0757109E-03    3.9670261E-03
    1.9780000E+00    4.0558374E-03    3.9477288E-03
    1.9820000E+00    4.0360424E-03    3.9285073E-03
    1.9860000E+00    4.0163256E-03    3.9093615E-03
    1.9900000E+00    3.9966868E-03    3.8902911E-03
    1.9940000E+00    3.9771259E-03    3.8712959E-03
    1.9980000E+00    3.9576425E-03    3.8523757E-03
    2.0020000E+00    3.9382366E-03    3.8335303E-03
    2.0060000E+00    3.9189078E-03    3.8147595E-03
    2.0100000E+00    3.8996560E-03    3.7960632E-03
    2.0140000E+00    3.8804810E-03    3.7774410E-03
    2.0180000E+00    3.8613826E-03    3.7588929E-03
    2.0220000E+00    3.8423605E-03    3.7404187E-03
    2.0260000E+00    3.8234146E-03    3.7220180E-03
    2.0300000E+00    3.8045446E-03    3.7036908E-03
    2.0340000E+00    3.7857504E-03    3.6854369E-03
    2.0380000E+00    3.7670317E-03    3.6672559E-03
    2.0420000E+00    3.7483883E-03    3.6491478E-03
    2.0460000E+00    3.7298201E-03    3.6311124E-03
    2.0500000E+00    3.7113268E-03    3.6131494E-03
    2.0540000E+00    3.6929082E-03    3.5952587E-03
    2.0580000E+00    3.6745641E-03    3.5774400E-03
    2.0620000E+00    3.6562943E-03    3.5596932E-03
    2.0660000E+00    3.6380986E-03    3.5420180E-03
    2.0700000E+00    3.6199768E-03    3.5244143E-03
    2.0740000E+00    3.6019286E-03    3.5068819E-03
    2.0780000E+00    3.5839540E-03    3.4894205E-03
    2.0820000E+00    3.5660527E-03    3.4720301E-03
    2.0860000E+00    3.5482244E-03    3.4547103E-03
    2.0900000E+00    3.5304690E-03    3.4374611E-03
    2.0940000E+00    3.5127862E-03    3.4202821E-03
    2.0980000E+00    3.4951759E-03    3.4031732E-03
    2.1020000E+00    3.4776379E-03    3.3861343E-03
    2.1060000E+00    3.4601720E-03    3.3691650E-03
    2.1100000E+00    3.4427779E-03    3.3522653E-03
    2.1140000E+00    3.4254554E-03    3.3354349E-03
    2.1180000E+00    3.4082044E-03    3.3186737E-03
    2.1220000E+00    3.3910247E-03    3.3019813E-03
    2.1260000E+00    3.3739160E-03    3.2853578E-03
    2.1300000E+00    3.3568781E-03    3.2688028E-03
    2.1340000E+00    3.3399109E-03    3.2523161E-03
    2.1380000E+00    3.3230142E-03    3.2358977E-03
    2.1420000E+00    3.3061876E-03    3.2195472E-03
    2.1460000E+00    3.2894311E-03    3.2032645E-03
    2.1500000E+00    3.2727445E-03    3.1870493E-03
    2.1540000E+00    3.2561275E-03    3.1709016E-03
    2.1580000E+00    3.2395799E-03    3.1548211E-03
    2.1620000E+00    3.2231016E-03    3.1388077E-03
    2.1660000E+00    3.2066923E-03    3.1228610E-03
    2.1700000E+00    3.1903519E-03    3.1069810E-03
    2.1740000E+00    3.1740801E-03    3.0911674E-03
    2.1780000E+00    3.1578767E-03    3.0754201E-03
    2.1820000E+00    3.1417416E-03    3.0597389E-03
    2.1860000E+00    3.1256745E-03    3.0441235E-03
    2.1900000E+00    3.1096753E-03    3.0285738E-03
    2.1940000E+00    3.0937437E-03    3.0130897E-03
    2.1980000E+00    3.0778796E-03    2.9976708E-03
    2.2020000E+00    3.0620828E-03    2.9823170E-03
    2.2060000E+00    3.0463530E-03    2.9670282E-03
    2.2100000E+00    3.0306900E-03    2.9518041E-03
    2.2140000E+00    3.0150937E-03    2.9366445E-03
    2.2180000E+00    2.9995639E-03    2.9215494E-03
    2.2220000E+00    2.9841003E-03    2.9065184E-03
    2.2260000E+00    2.9687029E-03    2.8915513E-03
    2.2300000E+00    2.9533713E-03    2.8766481E-03
    2.2340000E+00    2.9381053E-03    2.8618085E-03
    2.2380000E+00    2.9229049E-03    2.8470323E-03
    2.2420000E+00    2.9077698E-03    2.8323194E-03
    2.2460000E+00    2.8926997E-03    2.8176695E-03
    2.2500000E+00    2.8776946E-03    2.8030825E-03
    2.2540000E+00    2.8627541E-03    2.7885581E-03
    2.2580000E+00    2.8478782E-03    2.7740962E-03
    2.2620000E+00    2.8330666E-03    2.7596967E-03
    2.2660000E+00    2.8183191E-03    2.7453592E-03
    2.2700000E+00    2.8036356E-03    2.7310837E-03
    2.2740000E+00    2.7890158E-03    2.7168700E-03
    2.2780000E+00    2.7744595E-03    2.7027178E-03
    2.2820000E+00    2.7599666E-03    2.6886269E-03
    2.2860000E+00    2.7455369E-03    2.6745973E-03
    2.2900000E+00    2.7311701E-03    2.6606287E-03
    2.2940000E+00    2.7168662E-03    2.6467209E-03
    2.2980000E+00    2.7026248E-03    2.6328738E-03
    2.3020000E+00    2.6884458E-03    2.6190871E-03
    2.3060000E+00    2.6743290E-03    2.6053607E-03
    2.3100000E+00    2.6602742E-03    2.5916943E-03
    2.3140000E+00    2.6462812E-03    2.5780879E-03
    2.3180000E+00    2.6323499E-03    2.5645413E-03
    2.3220000E+00    2.6184800E-03    2.5510541E-03
    2.3260000E+00    2.6046714E-03    2.5376263E-03
    2.3300000E+00    2.5909238E-03    2.5242577E-03
    2.3340000E+00    2.5772371E-03    2.5109482E-03
    2.3380000E+00    2.5636111E-03    2.4976974E-03
    2.3420000E+00    2.5500456E-03    2.4845053E-03
    2.3460000E+00    2.5365405E-03    2.4713716E-03
    2.3500000E+00    2.5230954E-03    2.4582962E-03
    2.3540000E+00    2.5097103E-03    2.4452789E-03
    2.3580000E+00    2.4963849E-03    2.4323195E-03
    2.3620000E+00    2.4831191E-03    2.4194178E-03
    2.3660000E+00    2.4699127E-03    2.4065737E-03
    2.3700000E+00    2.4567654E-03    2.3937870E-03
    2.3740000E+00    2.4436772E-03    2.3810575E-03
    2.3780000E+00    2.4306477E-03    2.3683850E-03
    2.3820000E+00    2.4176769E-03    2.3557694E-03
    2.3860000E+00    2.4047646E-03    2.3432104E-03
    2.3900000E+00    2.3919105E-03    2.3307079E-03
    2.3940000E+00    2.3791145E-03    2.3182617E-03
    2.3980000E+00    2.3663764E-03    2.3058717E-03
    2.4020000E+00    2.3536960E-03    2.2935376E-03
    2.4060000E+00    2.3410731E-03    2.2812593E-03
    2.4100000E+00    2.3285076E-03    2.2690366E-03
    2.4140000E+00    2.3159992E-03    2.2568693E-03
    2.4180000E+00    2.3035478E-03    2.2447572E-03
    2.4220000E+00    2.2911532E-03    2.2327003E-03
    2.4260000E+00    2.2788152E-03    2.2206982E-03
    2.4300000E+00    2.2665337E-03    2.2087509E-03
    2.4340000E+00    2.2543084E-03    2.1968581E-03
    2.4380000E+00    2.2421391E-03    2.1850197E-03
    2.4420000E+00    2.2300258E-03    2.1732355E-03
    2.4460000E+00    2.2179681E-03    2.1615054E-03
    2.4500000E+00    2.2059660E-03    2.1498291E-03
    2.4540000E+00    2.1940192E-03    2.1382065E-03
    2.4580000E+00    2.1821276E-03    2.1266374E-03
    2.4620000E+00    2.1702910E-03    2.1151216E-03
    2.4660000E+00    2.1585092E-03    2.1036590E-03
    2.4700000E+00    2.1467821E-03    2.0922494E-03
    2.4740000E+00    2.1351093E-03    2.0808926E-03
    2.4780000E+00    2.1234909E-03    2.0695885E-03
    2.4820000E+00    2.1119265E-03    2.0583368E-03
    2.4860000E+00    2.1004161E-03    2.0471375E-03
    2.4900000E+00    2.0889594E-03    2.0359903E-03
    2.4940000E+00    2.0775563E-03    2.0248950E-03
    2.4980000E+00    2.0662066E-03    2.0138516E-03
    2.5020000E+00    2.0549101E-03    2.0028598E-03
    2.5060000E+00    2.0436666E-03    1.9919195E-03
    2.5100000E+00    2.0324760E-03    1.9810305E-03
    2.5140000E+00    2.0213381E-03    1.9701925E-03
    2.5180000E+00    2.0102527E-03    1.9594056E-03
    2.5220000E+00    1.9992196E-03    1.9486694E-03
    2.5260000E+00    1.9882387E-03    1.9379839E-03
    2.5300000E+00    1.9773098E-03    1.9273488E-03
    2.5340000E+00    1.9664327E-03    1.9167640E-03
    2.5380000E+00    1.9556073E-03    1.9062293E-03
    2.5420000E+00    1.9448334E-03    1.8957446E-03
    2.5460000E+00    1.9341107E-03    1.8853096E-03
    2.5500000E+00    1.9234392E-03    1.8749243E-03
    2.5540000E+00    1.9128186E-03    1.8645885E-03
    2.5580000E+00    1.9022488E-03    1.8543019E-03
    2.5620000E+00    1.8917297E-03    1.8440645E-03
    2.5660000E+00    1.8812610E-03    1.8338761E-03
    2.5700000E+00    1.8708426E-03    1.8237364E-03
    2.5740000E+00    1.8604742E-03    1.8136454E-03
    2.5780000E+00    1.8501559E-03    1.8036028E-03
    2.5820000E+00    1.8398873E-03    1.7936086E-03
    2.5860000E+00    1.8296682E-03    1.7836625E-03
    2.5900000E+00    1.8194987E-03    1.7737644E-03
    2.5940000E+00    1.8093784E-03    1.7639142E-03
    2.5980000E+00    1.7993072E-03    1.7541116E-03
    2.6020000E+00    1.7892849E-03    1.7443565E-03
    2.6060000E+00    1.7793114E-03    1.7346488E-03
    2.6100000E+00    1.7693864E-03    1.7249882E-03
    2.6140000E+00    1.7595100E-03    1.7153746E-03
    2.6180000E+00    1.7496818E-03    1.7058080E-03
    2.6220000E+00    1.7399016E-03    1.6962880E-03
    2.6260000E+00    1.7301695E-03    1.6868146E-03
    2.6300000E+00    1.7204851E-03    1.6773875E-03
    2.6340000E+00    1.7108483E-03    1.6680067E-03
    2.6380000E+00    1.7012589E-03    1.6586720E-03
    2.6420000E+00    1.6917169E-03    1.6493831E-03
    2.6460000E+00    1.6822219E-03    1.6401401E-03
    2.6500000E+00    1.6727739E-03    1.6309426E-03
    2.6540000E+00    1.6633727E-03    1.6217906E-03
    2.6580000E+00    1.6540182E-03    1.6126838E-03
    2.6620000E+00    1.6447101E-03    1.6036222E-03
    2.6660000E+00    1.6354483E-03    1.5946056E-03
    2.6700000E+00    1.6262327E-03    1.5856337E-03
    2.6740000E+00    1.6170630E-03    1.5767066E-03
    2.6780000E+00    1.6079392E-03    1.5678239E-03
    2.6820000E+00    1.5988610E-03    1.5589857E-03
    2.6860000E+00    1.5898284E-03    1.5501916E-03
    2.6900000E+00    1.5808411E-03    1.5414415E-03
    2.6940000E+00    1.5718990E-03    1.5327354E-03
    2.6980000E+00    1.5630020E-03    1.5240730E-03
    2.7020000E+00    1.5541498E-03    1.5154542E-03
    2.7060000E+00    1.5453423E-03    1.5068789E-03
    2.7100000E+00    1.5365795E-03    1.4983468E-03
    2.7140000E+00    1.5278610E-03    1.4898579E-03
    2.7180000E+00    1.5191867E-03    1.4814120E-03
    2.7220000E+00    1.5105566E-03    1.4730089E-03
    2.7260000E+00    1.5019704E-03    1.4646485E-03
    2.7300000E+00    1.4934280E-03    1.4563306E-03
    2.7340000E+00    1.4849292E-03    1.4480551E-03
    2.7380000E+00    1.4764739E-03    1.4398219E-03
    2.7420000E+00    1.4680620E-03    1.4316308E-03
    2.7460000E+00    1.4596932E-03    1.4234816E-03
    2.7500000E+00    1.4513674E-03    1.4153742E-03
    2.7540000E+00    1.4430845E-03    1.4073084E-03
    2.7580000E+00    1.4348443E-03    1.3992842E-03
    2.7620000E+00    1.4266466E-03    1.3913013E-03
    2.7660000E+00    1.4184914E-03    1.3833597E-03
    2.7700000E+00    1.4103784E-03    1.3754591E-03
    2.7740000E+00    1.4023076E-03    1.3675994E-03
    2.7780000E+00    1.3942787E-03    1.3597805E-03
    2.7820000E+00    1.3862916E-03    1.3520022E-03
    2.7860000E+00    1.3783462E-03    1.3442644E-03
    2.7900000E+00    1.3704423E-03    1.3365670E-03
    2.7940000E+00    1.3625798E-03    1.3289098E-03
    2.7980000E+00    1.3547585E-03    1.3212926E-03
    2.8020000E+00    1.3469782E-03    1.3137154E-03
    2.8060000E+00    1.3392389E-03    1.3061779E-03
    2.8100000E+00    1.3315403E-03    1.2986800E-03
    2.8140000E+00    1.3238824E-03    1.2912217E-03
    2.8180000E+00    1.3162650E-03    1.2838027E-03
    2.8220000E+00    1.3086879E-03    1.2764229E-03
    2.8260000E+00    1.3011510E-03    1.2690821E-03
    2.8300000E+00    1.2936542E-03    1.2617803E-03
    2.8340000E+00    1.2861973E-03    1.2545173E-03
    2.8380000E+00    1.2787801E-03    1.2472930E-03
    2.8420000E+00    1.2714025E-03    1.2401072E-03
    2.8460000E+00    1.2640645E-03    1.2329597E-03
    2.8500000E+00    1.2567657E-03    1.2258505E-03
    2.8540000E+00    1.2495062E-03    1.2187794E-03
    2.8580000E+00    1.2422857E-03    1.2117462E-03
    2.8620000E+00    1.2351041E-03    1.2047509E-03
    2.8660000E+00    1.2279613E-03    1.1977933E-03
    2.8700000E+00    1.2208571E-03    1.1908732E-03
    2.8740000E+00    1.2137915E-03    1.1839905E-03
    2.8780000E+00    1.2067641E-03    1.1771452E-03
    2.8820000E+00    1.1997750E-03    1.1703370E-03
    2.8860000E+00    1.1928240E-03    1.1635658E-03
    2.8900000E+00    1.1859109E-03    1.1568315E-03
    2.8940000E+00    1.1790355E-03    1.1501339E-03
    2.8980000E+00    1.1721979E-03    1.1434730E-03
    2.9020000E+00    1.1653978E-03    1.1368486E-03
    2.9060000E+00    1.1586350E-03    1.1302605E-03
    2.9100000E+00    1.1519096E-03    1.1237086E-03
    2.9140000E+00    1.1452212E-03    1.1171929E-03
    2.9180000E+00    1.1385698E-03    1.1107131E-03
    2.9220000E+00    1.1319553E-03    1.1042691E-03
    2.9260000E+00    1.1253775E-03    1.0978609E-03
    2.9300000E+00    1.1188362E-03    1.0914882E-03
    2.9340000E+00    1.1123314E-03    1.0851509E-03
    2.9380000E+00    1.1058630E-03    1.0788490E-03
    2.9420000E+00    1.0994307E-03    1.0725823E-03
    2.9460000E+00    1.0930344E-03    1.0663506E-03
    2.9500000E+00    1.0866741E-03    1.0601539E-03
    2.9540000E+00    1.0803496E-03    1.0539920E-03
    2.9580000E+00    1.0740607E-03    1.0478648E-03
    2.9620000E+00    1.0678074E-03    1.0417721E-03
    2.9660000E+00    1.0615894E-03    1.0357138E-03
    2.9700000E+00    1.0554068E-03    1.0296899E-03
    2.9740000E+00    1.0492592E-03    1.0237001E-03
    2.9780000E+00    1.0431467E-03    1.0177444E-03
    2.9820000E+00    1.0370691E-03    1.0118227E-03
    2.9860000E+00    1.0310262E-03    1.0059347E-03
    2.9900000E+00    1.0250180E-03    1.0000804E-03
    2.9940000E+00    1.0190442E-03    9.9425975E-04
    2.9980000E+00    1.0131049E-03    9.8847249E-04
    3.0020000E+00    1.0071998E-03    9.8271856E-04
    3.0060000E+00    1.0013288E-03    9.7699784E-04
    3.0100000E+00    9.9549181E-04    9.7131019E-04
    3.0140000E+00    9.8968872E-04    9.6565550E-04
    3.0180000E+00    9.8391938E-04    9.6003366E-04
    3.0220000E+00    9.7818368E-04    9.5444454E-04
    3.0260000E+00    9.7248149E-04    9.4888803E-04
    3.0300000E+00    9.6681268E-04    9.4336400E-04
    3.0340000E+00    9.6117715E-04    9.3787233E-04
    3.0380000E+00    9.5557476E-04    9.3241292E-04
    3.0420000E+00    9.5000539E-04    9.2698564E-04
    3.0460000E+00    9.4446893E-04    9.2159038E-04
    3.0500000E+00    9.3896525E-04    9.1622702E-04
    3.0540000E+00    9.3349424E-04    9.1089544E-04
    3.0580000E+00    9.2805577E-04    9.0559553E-04
    3.0620000E+00    9.2264973E-04    9.0032718E-04
    3.0660000E+00    9.1727600E-04    8.9509027E-04
    3.0700000E+00    9.1193446E-04    8.8988469E-04
    3.0740000E+00    9.0662500E-04    8.8471031E-04
    3.0780000E+00    9.0134749E-04    8.7956704E-04
    3.0820000E+00    8.9610182E-04    8.7445476E-04
    3.0860000E+00    8.9088789E-04    8.6937335E-04
    3.0900000E+00    8.8570556E-04    8.6432271E-04
    3.0940000E+00    8.8055472E-04    8.5930272E-04
    3.0980000E+00    8.7543527E-04    8.5431327E-04
    3.1020000E+00    8.7034709E-04    8.4935425E-04
    3.1060000E+00    8.6529006E-04    8.4442556E-04
    3.1100000E+00    8.6026407E-04    8.3952707E-04
    3.1140000E+00    8.5526902E-04    8.3465870E-04
    3.1180000E+00    8.5030478E-04    8.2982031E-04
    3.1220000E+00    8.4537124E-04    8.2501182E-04
    3.1260000E+00    8.4046830E-04    8.2023310E-04
    3.1300000E+00    8.3559584E-04    8.1548406E-04
    3.1340000E+00    8.3075376E-04    8.1076458E-04
    3.1380000E+00    8.2594194E-04    8.0607457E-04
    3.1420000E+00    8.2116028E-04    8.0141390E-04
    3.1460000E+00    8.1640866E-04    7.9678249E-04
    3.1500000E+00    8.1168699E-04    7.9218022E-04
    3.1540000E+00    8.0699514E-04    7.8760699E-04
    3.1580000E+00    8.0233302E-04    7.8306270E-04
    3.1620000E+00    7.9770051E-04    7.7854724E-04
    3.1660000E+00    7.9309752E-04    7.7406051E-04
    3.1700000E+00    7.8852393E-04    7.6960240E-04
    3.1740000E+00    7.8397964E-04    7.6517283E-04
    3.1780000E+00    7.7946455E-04    7.6077167E-04
    3.1820000E+00    7.7497854E-04    7.5639884E-04
    3.1860000E+00    7.7052153E-04    7.5205423E-04
    3.1900000E+00    7.6609339E-04    7.4773774E-04
    3.1940000E+00    7.6169404E-04    7.4344928E-04
    3.1980000E+00    7.5732337E-04    7.3918874E-04
    3.2020000E+00    7.5298127E-04    7.3495602E-04
    3.2060000E+00    7.4866765E-04    7.3075103E-04
    3.2100000E+00    7.4438240E-04    7.2657366E-04
    3.2140000E+00    7.4012542E-04    7.2242383E-04
    3.2180000E+00    7.3589662E-04    7.1830143E-04
    3.2220000E+00    7.3169590E-04    7.1420637E-04
    3.2260000E+00    7.2752315E-04    7.1013854E-04
    3.2300000E+00    7.2337827E-04    7.0609787E-04
    3.2340000E+00    7.1926117E-04    7.0208425E-04
    3.2380000E+00    7.1517176E-04    6.9809758E-04
    3.2420000E+00    7.1110993E-04    6.9413777E-04
    3.2460000E+00    7.0707559E-04    6.9020474E-04
    3.2500000E+00    7.0306864E-04    6.8629838E-04
    3.2540000E+00    6.9908898E-04    6.8241860E-04
    3.2580000E+00    6.9513653E-04    6.7856531E-04
    3.2620000E+00    6.9121118E-04    6.7473842E-04
    3.2660000E+00    6.8731285E-04    6.7093784E-04
    3.2700000E+00    6.8344143E-04    6.6716348E-04
    3.2740000E+00    6.7959684E-04    6.6341525E-04
    3.2780000E+00    6.7577898E-04    6.5969305E-04
    3.2820000E+00    6.7198776E-04    6.5599680E-04
    3.2860000E+00    6.6822309E-04    6.5232640E-04
    3.2900000E+00    6.6448488E-04    6.4868178E-04
    3.2940000E+00    6.6077304E-04    6.4506284E-04
    3.2980000E+00    6.5708747E-04    6.4146950E-04
    3.3020000E+00    6.5342810E-04    6.3790166E-04
    3.3060000E+00    6.4979482E-04    6.3435925E-04
    3.3100000E+00    6.4618755E-04    6.3084217E-04
    3.3140000E+00    6.4260620E-04    6.2735034E-04
    3.3180000E+00    6.3905068E-04    6.2388367E-04
    3.3220000E+00    6.3552091E-04    6.2044209E-04
    3.3260000E+00    6.3201680E-04    6.1702550E-04
    3.3300000E+00    6.2853827E-04    6.1363383E-04
    3.3340000E+00    6.2508522E-04    6.1026698E-04
    3.3380000E+00    6.2165757E-04    6.0692488E-04
    3.3420000E+00    6.1825524E-04    6.0360745E-04
    3.3460000E+00    6.1487815E-04    6.0031460E-04
    3.3500000E+00    6.1152621E-04    5.9704625E-04
    3.3540000E+00    6.0819933E-04    5.9380232E-04
    3.3580000E+00    6.0489744E-04    5.9058273E-04
    3.3620000E+00    6.0162044E-04    5.8738741E-04
    3.3660000E+00    5.9836827E-04    5.8421626E-04
    3.3700000E+00    5.9514084E-04    5.8106922E-04
    3.3740000E+00    5.9193806E-04    5.7794620E-04
    3.3780000E+00    5.8875987E-04    5.7484713E-04
    3.3820000E+00    5.8560617E-04    5.7177193E-04
    3.3860000E+00    5.8247688E-04    5.6872052E-04
    3.3900000E+00    5.7937194E-04    5.6569283E-04
    3.3940000E+00    5.7629126E-04    5.6268878E-04
    3.3980000E+00    5.7323477E-04    5.5970829E-04
    3.4020000E+00    5.7020238E-04    5.5675129E-04
    3.4060000E+00    5.6719402E-04    5.5381771E-04
    3.4100000E+00    5.6420961E-04    5.5090747E-04
    3.4140000E+00    5.6124909E-04    5.4802050E-04
    3.4180000E+00    5.5831236E-04    5.4515672E-04
    3.4220000E+00    5.5539936E-04    5.4231607E-04
    3.4260000E+00    5.5251002E-04    5.3949846E-04
    3.4300000E+00    5.4964426E-04    5.3670383E-04
    3.4340000E+00    5.4680200E-04    5.3393211E-04
    3.4380000E+00    5.4398318E-04    5.3118323E-04
    3.4420000E+00    5.4118772E-04    5.2845712E-04
    3.4460000E+00    5.3841555E-04    5.2575370E-04
    3.4500000E+00    5.3566660E-04    5.2307291E-04
    3.4540000E+00    5.3294079E-04    5.2041468E-04
    3.4580000E+00    5.3023807E-04    5.1777895E-04
    3.4620000E+00    5.2755835E-04    5.1516563E-04
    3.4660000E+00    5.2490157E-04    5.1257467E-04
    3.4700000E+00    5.2226766E-04    5.1000601E-04
    3.4740000E+00    5.1965655E-04    5.0745957E-04
    3.4780000E+00    5.1706818E-04    5.0493528E-04
    3.4820000E+00    5.1450248E-04    5.0243309E-04
    3.4860000E+00    5.1195937E-04    4.9995293E-04
    3.4900000E+00    5.0943880E-04    4.9749473E-04
    3.4940000E+00    5.0694070E-04    4.9505843E-04
    3.4980000E+00    5.0446500E-04    4.9264397E-04
    3.5020000E+00    5.0201164E-04    4.9025128E-04
    3.5060000E+00    4.9958056E-04    4.8788030E-04
    3.5100000E+00    4.9717168E-04    4.8553098E-04
    3.5140000E+00    4.9478496E-04    4.8320324E-04
    3.5180000E+00    4.9242031E-04    4.8089703E-04
    3.5220000E+00    4.9007770E-04    4.7861229E-04
    3.5260000E+00    4.8775704E-04    4.7634896E-04
    3.5300000E+00    4.8545828E-04    4.7410698E-04
    3.5340000E+00    4.8318137E-04    4.7188629E-04
    3.5380000E+00    4.8092623E-04    4.6968682E-04
    3.5420000E+00    4.7869281E-04    4.6750854E-04
    3.5460000E+00    4.7648106E-04    4.6535137E-04
    3.5500000E+00    4.7429091E-04    4.6321525E-04
    3.5540000E+00    4.7212230E-04    4.6110015E-04
    3.5580000E+00    4.6997517E-04    4.5900599E-04
    3.5620000E+00    4.6784948E-04    4.5693272E-04
    3.5660000E+00    4.6574516E-04    4.5488029E-04
    3.5700000E+00    4.6366216E-04    4.5284864E-04
    3.5740000E+00    4.6160042E-04    4.5083772E-04
    3.5780000E+00    4.5955989E-04    4.4884747E-04
    3.5820000E+00    4.5754050E-04    4.4687785E-04
    3.5860000E+00    4.5554222E-04    4.4492880E-04
    3.5900000E+00    4.5356498E-04    4.4300026E-04
    3.5940000E+00    4.5160873E-04    4.4109220E-04
    3.5980000E+00    4.4967343E-04    4.3920455E-04
    3.6020000E+00    4.4775901E-04    4.3733726E-04
    3.6060000E+00    4.4586542E-04    4.3549029E-04
    3.6100000E+00    4.4399262E-04    4.3366358E-04
    3.6140000E+00    4.4214055E-04    4.3185710E-04
    3.6180000E+00    4.4030917E-04    4.3007078E-04
    3.6220000E+00    4.3849843E-04    4.2830458E-04
    3.6260000E+00    4.3670827E-04    4.2655846E-04
    3.6300000E+00    4.3493865E-04    4.2483236E-04
    3.6340000E+00    4.3318952E-04    4.2312624E-04
    3.6380000E+00    4.3146083E-04    4.2144005E-04
    3.6420000E+00    4.2975253E-04    4.1977376E-04
    3.6460000E+00    4.2806459E-04    4.1812730E-04
    3.6500000E+00    4.2639695E-04    4.1650065E-04
    3.6540000E+00    4.2474957E-04    4.1489375E-04
    3.6580000E+00    4.2312240E-04    4.1330656E-04
    3.6620000E+00    4.2151540E-04    4.1173904E-04
    3.6660000E+00    4.1992853E-04    4.1019115E-04
    3.6700000E+00    4.1836174E-04    4.0866283E-04
    3.6740000E+00    4.1681499E-04    4.0715407E-04
    3.6780000E+00    4.1528823E-04    4.0566480E-04
    3.6820000E+00    4.1378144E-04    4.0419499E-04
    3.6860000E+00    4.1229455E-04    4.0274461E-04
    3.6900000E+00    4.1082754E-04    4.0131360E-04
    3.6940000E+00    4.0938036E-04    3.9990194E-04
    3.6980000E+00    4.0795298E-04    3.9850959E-04
    3.7020000E+00    4.0654535E-04    3.9713649E-04
    3.7060000E+00    4.0515744E-04    3.9578263E-04
    3.7100000E+00    4.0378921E-04    3.9444796E-04
    3.7140000E+00    4.0244061E-04    3.9313244E-04
    3.7180000E+00    4.0111162E-04    3.9183604E-04
    3.7220000E+00    3.9980220E-04    3.9055872E-04
    3.7260000E+00    3.9851230E-04    3.8930045E-04
    3.7300000E+00    3.9724190E-04    3.8806120E-04
    3.7340000E+00    3.9599096E-04    3.8684092E-04
    3.7380000E+00    3.9475945E-04    3.8563959E-04
    3.7420000E+00    3.9354733E-04    3.8445718E-04
    3.7460000E+00    3.9235456E-04    3.8329364E-04
    3.7500000E+00    3.9118112E-04    3.8214895E-04
    3.7540000E+00    3.9002698E-04    3.8102308E-04
    3.7580000E+00    3.8889209E-04    3.7991600E-04
    3.7620000E+00    3.8777643E-04    3.7882767E-04
    3.7660000E+00    3.8667997E-04    3.7775806E-04
    3.7700000E+00    3.8560268E-04    3.7670715E-04
    3.7740000E+00    3.8454452E-04    3.7567491E-04
    3.7780000E+00    3.8350548E-04    3.7466130E-04
    3.7820000E+00    3.8248551E-04    3.7366631E-04
    3.7860000E+00    3.8148459E-04    3.7268990E-04
    3.7900000E+00    3.8050270E-04    3.7173204E-04
    3.7940000E+00    3.7953980E-04    3.7079271E-04
    3.7980000E+00    3.7859587E-04    3.6987188E-04
    3.8020000E+00    3.7767089E-04    3.6896954E-04
    3.8060000E+00    3.7676482E-04    3.6808564E-04
    3.8100000E+00    3.7587764E-04    3.6722017E-04
    3.8140000E+00    3.7500933E-04    3.6637310E-04
    3.8180000E+00    3.7415986E-04    3.6554442E-04
    3.8220000E+00    3.7332921E-04    3.6473409E-04
    3.8260000E+00    3.7251736E-04    3.6394210E-04
    3.8300000E+00    3.7172428E-04    3.6316842E-04
    3.8340000E+00    3.7094995E-04    3.6241303E-04
    3.8380000E+00    3.7019435E-04    3.6167591E-04
    3.8420000E+00    3.6945746E-04    3.6095703E-04
    3.8460000E+00    3.6873925E-04    3.6025639E-04
    3.8500000E+00    3.6803972E-04    3.5957396E-04
    3.8540000E+00    3.6735883E-04    3.5890972E-04
    3.8580000E+00    3.6669656E-04    3.5826365E-04
    3.8620000E+00    3.6605291E-04    3.5763573E-04
    3.8660000E+00    3.6542785E-04    3.5702595E-04
    3.8700000E+00    3.6482137E-04    3.5643429E-04
    3.8740000E+00    3.6423344E-04    3.5586073E-04
    3.8780000E+00    3.6366405E-04    3.5530526E-04
    3.8820000E+00    3.6311319E-04    3.5476786E-04
    3.8860000E+00    3.6258083E-04    3.5424852E-04
    3.8900000E+00    3.6206698E-04    3.5374722E-04
    3.8940000E+00    3.6157160E-04    3.5326395E-04
    3.8980000E+00    3.6109468E-04    3.5279869E-04
    3.9020000E+00    3.6063622E-04    3.5235143E-04
    3.9060000E+00    3.6019620E-04    3.5192216E-04
    3.9100000E+00    3.5977461E-04    3.5151087E-04
    3.9140000E+00    3.5937143E-04    3.5111754E-04
    3.9180000E+00    3.5898665E-04    3.5074216E-04
    3.9220000E+00    3.5862027E-04    3.5038473E-04
    3.9260000E+00    3.5827227E-04    3.5004524E-04
    3.9300000E+00    3.5794265E-04    3.4972366E-04
    3.9340000E+00    3.5763138E-04    3.4942001E-04
    3.9380000E+00    3.5733848E-04    3.4913425E-04
    3.9420000E+00    3.5706392E-04    3.4886640E-04
    3.9460000E+00    3.5680770E-04    3.4861644E-04
    3.9500000E+00    3.5656981E-04    3.4838436E-04
    3.9540000E+00    3.5635024E-04    3.4817016E-04
    3.9580000E+00    3.5614900E-04    3.4797383E-04
    3.9620000E+00    3.5596606E-04    3.4779536E-04
    3.9660000E+00    3.5580144E-04    3.4763476E-04
    3.9700000E+00    3.5565512E-04    3.4749201E-04
    3.9740000E+00    3.5552710E-04    3.4736712E-04
    3.9780000E+00    3.5541737E-04    3.4726007E-04
    3.9820000E+00    3.5532593E-04    3.4717087E-04
    3.9860000E+00    3.5525279E-04    3.4709951E-04
    3.9900000E+00    3.5519793E-04    3.4704599E-04
    3.9940000E+00    3.5516136E-04    3.4701032E-04
    3.9980000E+00    3.5514308E-04    3.4699248E-04
