# Time          7.5000E+02
# Units: Permil
    Distance        SO4--            SO164--         
    2.0000000E-03    2.1052024E+01    8.7518268E+00
    6.0000000E-03    2.1155958E+01    8.8976649E+00
    1.0000000E-02    2.1259919E+01    9.0419499E+00
    1.4000000E-02    2.1363907E+01    9.1846956E+00
    1.8000000E-02    2.1467921E+01    9.3259159E+00
    2.2000000E-02    2.1571963E+01    9.4656248E+00
    2.6000000E-02    2.1676032E+01    9.6038357E+00
    3.0000000E-02    2.1780128E+01    9.7405625E+00
    3.4000000E-02    2.1884251E+01    9.8758185E+00
    3.8000000E-02    2.1988401E+01    1.0009617E+01
    4.2000000E-02    2.2092579E+01    1.0141972E+01
    4.6000000E-02    2.2196785E+01    1.0272896E+01
    5.0000000E-02    2.2301017E+01    1.0402402E+01
    5.4000000E-02    2.2405278E+01    1.0530503E+01
    5.8000000E-02    2.2509566E+01    1.0657213E+01
    6.2000000E-02    2.2613882E+01    1.0782544E+01
    6.6000000E-02    2.2718225E+01    1.0906509E+01
    7.0000000E-02    2.2822596E+01    1.1029120E+01
    7.4000000E-02    2.2926996E+01    1.1150391E+01
    7.8000000E-02    2.3031423E+01    1.1270333E+01
    8.2000000E-02    2.3135878E+01    1.1388958E+01
    8.6000000E-02    2.3240362E+01    1.1506280E+01
    9.0000000E-02    2.3344873E+01    1.1622311E+01
    9.4000000E-02    2.3449413E+01    1.1737062E+01
    9.8000000E-02    2.3553982E+01    1.1850545E+01
    1.0200000E-01    2.3658578E+01    1.1962773E+01
    1.0600000E-01    2.3763203E+01    1.2073757E+01
    1.1000000E-01    2.3867857E+01    1.2183509E+01
    1.1400000E-01    2.3972539E+01    1.2292041E+01
    1.1800000E-01    2.4077250E+01    1.2399364E+01
    1.2200000E-01    2.4181990E+01    1.2505489E+01
    1.2600000E-01    2.4286759E+01    1.2610429E+01
    1.3000000E-01    2.4391556E+01    1.2714194E+01
    1.3400000E-01    2.4496382E+01    1.2816796E+01
    1.3800000E-01    2.4601238E+01    1.2918245E+01
    1.4200000E-01    2.4706122E+01    1.3018554E+01
    1.4600000E-01    2.4811036E+01    1.3117732E+01
    1.5000000E-01    2.4915979E+01    1.3215790E+01
    1.5400000E-01    2.5020951E+01    1.3312741E+01
    1.5800000E-01    2.5125953E+01    1.3408593E+01
    1.6200000E-01    2.5230984E+01    1.3503358E+01
    1.6600000E-01    2.5336045E+01    1.3597046E+01
    1.7000000E-01    2.5441136E+01    1.3689669E+01
    1.7400000E-01    2.5546256E+01    1.3781235E+01
    1.7800000E-01    2.5651405E+01    1.3871756E+01
    1.8200000E-01    2.5756585E+01    1.3961242E+01
    1.8600000E-01    2.5861795E+01    1.4049702E+01
    1.9000000E-01    2.5967034E+01    1.4137148E+01
    1.9400000E-01    2.6072304E+01    1.4223588E+01
    1.9800000E-01    2.6177604E+01    1.4309034E+01
    2.0200000E-01    2.6282934E+01    1.4393493E+01
    2.0600000E-01    2.6388294E+01    1.4476978E+01
    2.1000000E-01    2.6493684E+01    1.4559496E+01
    2.1400000E-01    2.6599105E+01    1.4641058E+01
    2.1800000E-01    2.6704557E+01    1.4721673E+01
    2.2200000E-01    2.6810039E+01    1.4801351E+01
    2.2600000E-01    2.6915552E+01    1.4880101E+01
    2.3000000E-01    2.7021096E+01    1.4957932E+01
    2.3400000E-01    2.7126670E+01    1.5034853E+01
    2.3800000E-01    2.7232275E+01    1.5110875E+01
    2.4200000E-01    2.7337911E+01    1.5186004E+01
    2.4600000E-01    2.7443579E+01    1.5260252E+01
    2.5000000E-01    2.7549277E+01    1.5333626E+01
    2.5400000E-01    2.7655007E+01    1.5406135E+01
    2.5800000E-01    2.7760768E+01    1.5477789E+01
    2.6200000E-01    2.7866560E+01    1.5548596E+01
    2.6600000E-01    2.7972383E+01    1.5618564E+01
    2.7000000E-01    2.8078239E+01    1.5687702E+01
    2.7400000E-01    2.8184125E+01    1.5756019E+01
    2.7800000E-01    2.8290044E+01    1.5823523E+01
    2.8200000E-01    2.8395994E+01    1.5890222E+01
    2.8600000E-01    2.8501976E+01    1.5956124E+01
    2.9000000E-01    2.8607990E+01    1.6021239E+01
    2.9400000E-01    2.8714035E+01    1.6085573E+01
    2.9800000E-01    2.8820113E+01    1.6149136E+01
    3.0200000E-01    2.8926223E+01    1.6211934E+01
    3.0600000E-01    2.9032366E+01    1.6273977E+01
    3.1000000E-01    2.9138540E+01    1.6335271E+01
    3.1400000E-01    2.9244747E+01    1.6395825E+01
    3.1800000E-01    2.9350986E+01    1.6455646E+01
    3.2200000E-01    2.9457258E+01    1.6514742E+01
    3.2600000E-01    2.9563563E+01    1.6573121E+01
    3.3000000E-01    2.9669900E+01    1.6630790E+01
    3.3400000E-01    2.9776270E+01    1.6687757E+01
    3.3800000E-01    2.9882673E+01    1.6744028E+01
    3.4200000E-01    2.9989109E+01    1.6799612E+01
    3.4600000E-01    3.0095578E+01    1.6854516E+01
    3.5000000E-01    3.0202079E+01    1.6908746E+01
    3.5400000E-01    3.0308615E+01    1.6962310E+01
    3.5800000E-01    3.0415183E+01    1.7015216E+01
    3.6200000E-01    3.0521785E+01    1.7067470E+01
    3.6600000E-01    3.0628420E+01    1.7119078E+01
    3.7000000E-01    3.0735088E+01    1.7170049E+01
    3.7400000E-01    3.0841791E+01    1.7220389E+01
    3.7800000E-01    3.0948526E+01    1.7270104E+01
    3.8200000E-01    3.1055296E+01    1.7319201E+01
    3.8600000E-01    3.1162100E+01    1.7367688E+01
    3.9000000E-01    3.1268937E+01    1.7415570E+01
    3.9400000E-01    3.1375808E+01    1.7462854E+01
    3.9800000E-01    3.1482714E+01    1.7509547E+01
    4.0200000E-01    3.1589654E+01    1.7555655E+01
    4.0600000E-01    3.1696628E+01    1.7601185E+01
    4.1000000E-01    3.1803636E+01    1.7646142E+01
    4.1400000E-01    3.1910679E+01    1.7690533E+01
    4.1800000E-01    3.2017756E+01    1.7734364E+01
    4.2200000E-01    3.2124868E+01    1.7777642E+01
    4.2600000E-01    3.2232014E+01    1.7820373E+01
    4.3000000E-01    3.2339195E+01    1.7862561E+01
    4.3400000E-01    3.2446411E+01    1.7904214E+01
    4.3800000E-01    3.2553662E+01    1.7945338E+01
    4.4200000E-01    3.2660948E+01    1.7985938E+01
    4.4600000E-01    3.2768270E+01    1.8026020E+01
    4.5000000E-01    3.2875626E+01    1.8065590E+01
    4.5400000E-01    3.2983017E+01    1.8104653E+01
    4.5800000E-01    3.3090444E+01    1.8143215E+01
    4.6200000E-01    3.3197907E+01    1.8181283E+01
    4.6600000E-01    3.3305405E+01    1.8218860E+01
    4.7000000E-01    3.3412938E+01    1.8255954E+01
    4.7400000E-01    3.3520507E+01    1.8292568E+01
    4.7800000E-01    3.3628112E+01    1.8328710E+01
    4.8200000E-01    3.3735753E+01    1.8364383E+01
    4.8600000E-01    3.3843430E+01    1.8399594E+01
    4.9000000E-01    3.3951143E+01    1.8434348E+01
    4.9400000E-01    3.4058892E+01    1.8468649E+01
    4.9800000E-01    3.4166677E+01    1.8502503E+01
    5.0200000E-01    3.4274499E+01    1.8535915E+01
    5.0600000E-01    3.4382357E+01    1.8568890E+01
    5.1000000E-01    3.4490251E+01    1.8601433E+01
    5.1400000E-01    3.4598182E+01    1.8633549E+01
    5.1800000E-01    3.4706150E+01    1.8665244E+01
    5.2200000E-01    3.4814154E+01    1.8696520E+01
    5.2600000E-01    3.4922196E+01    1.8727385E+01
    5.3000000E-01    3.5030274E+01    1.8757842E+01
    5.3400000E-01    3.5138389E+01    1.8787896E+01
    5.3800000E-01    3.5246541E+01    1.8817551E+01
    5.4200000E-01    3.5354731E+01    1.8846813E+01
    5.4600000E-01    3.5462957E+01    1.8875686E+01
    5.5000000E-01    3.5571221E+01    1.8904175E+01
    5.5400000E-01    3.5679523E+01    1.8932283E+01
    5.5800000E-01    3.5787862E+01    1.8960016E+01
    5.6200000E-01    3.5896239E+01    1.8987378E+01
    5.6600000E-01    3.6004653E+01    1.9014373E+01
    5.7000000E-01    3.6113106E+01    1.9041005E+01
    5.7400000E-01    3.6221596E+01    1.9067280E+01
    5.7800000E-01    3.6330124E+01    1.9093200E+01
    5.8200000E-01    3.6438690E+01    1.9118771E+01
    5.8600000E-01    3.6547294E+01    1.9143995E+01
    5.9000000E-01    3.6655937E+01    1.9168879E+01
    5.9400000E-01    3.6764618E+01    1.9193425E+01
    5.9800000E-01    3.6873338E+01    1.9217637E+01
    6.0200000E-01    3.6982096E+01    1.9241520E+01
    6.0600000E-01    3.7090892E+01    1.9265078E+01
    6.1000000E-01    3.7199727E+01    1.9288313E+01
    6.1400000E-01    3.7308602E+01    1.9311232E+01
    6.1800000E-01    3.7417515E+01    1.9333836E+01
    6.2200000E-01    3.7526466E+01    1.9356130E+01
    6.2600000E-01    3.7635458E+01    1.9378118E+01
    6.3000000E-01    3.7744488E+01    1.9399803E+01
    6.3400000E-01    3.7853557E+01    1.9421189E+01
    6.3800000E-01    3.7962666E+01    1.9442280E+01
    6.4200000E-01    3.8071814E+01    1.9463078E+01
    6.4600000E-01    3.8181002E+01    1.9483589E+01
    6.5000000E-01    3.8290229E+01    1.9503815E+01
    6.5400000E-01    3.8399496E+01    1.9523760E+01
    6.5800000E-01    3.8508803E+01    1.9543427E+01
    6.6200000E-01    3.8618150E+01    1.9562820E+01
    6.6600000E-01    3.8727537E+01    1.9581942E+01
    6.7000000E-01    3.8836964E+01    1.9600796E+01
    6.7400000E-01    3.8946431E+01    1.9619386E+01
    6.7800000E-01    3.9055938E+01    1.9637715E+01
    6.8200000E-01    3.9165486E+01    1.9655786E+01
    6.8600000E-01    3.9275074E+01    1.9673603E+01
    6.9000000E-01    3.9384702E+01    1.9691168E+01
    6.9400000E-01    3.9494372E+01    1.9708484E+01
    6.9800000E-01    3.9604081E+01    1.9725556E+01
    7.0200000E-01    3.9713832E+01    1.9742386E+01
    7.0600000E-01    3.9823624E+01    1.9758976E+01
    7.1000000E-01    3.9933457E+01    1.9775330E+01
    7.1400000E-01    4.0043330E+01    1.9791452E+01
    7.1800000E-01    4.0153245E+01    1.9807343E+01
    7.2200000E-01    4.0263201E+01    1.9823007E+01
    7.2600000E-01    4.0373199E+01    1.9838446E+01
    7.3000000E-01    4.0483238E+01    1.9853664E+01
    7.3400000E-01    4.0593318E+01    1.9868663E+01
    7.3800000E-01    4.0703441E+01    1.9883447E+01
    7.4200000E-01    4.0813605E+01    1.9898017E+01
    7.4600000E-01    4.0923810E+01    1.9912377E+01
    7.5000000E-01    4.1034058E+01    1.9926529E+01
    7.5400000E-01    4.1144348E+01    1.9940475E+01
    7.5800000E-01    4.1254680E+01    1.9954220E+01
    7.6200000E-01    4.1365054E+01    1.9967764E+01
    7.6600000E-01    4.1475470E+01    1.9981112E+01
    7.7000000E-01    4.1585928E+01    1.9994264E+01
    7.7400000E-01    4.1696430E+01    2.0007225E+01
    7.7800000E-01    4.1806973E+01    2.0019995E+01
    7.8200000E-01    4.1917560E+01    2.0032579E+01
    7.8600000E-01    4.2028189E+01    2.0044977E+01
    7.9000000E-01    4.2138861E+01    2.0057194E+01
    7.9400000E-01    4.2249576E+01    2.0069230E+01
    7.9800000E-01    4.2360334E+01    2.0081088E+01
    8.0200000E-01    4.2471135E+01    2.0092772E+01
    8.0600000E-01    4.2581979E+01    2.0104282E+01
    8.1000000E-01    4.2692866E+01    2.0115621E+01
    8.1400000E-01    4.2803797E+01    2.0126792E+01
    8.1800000E-01    4.2914772E+01    2.0137797E+01
    8.2200000E-01    4.3025790E+01    2.0148637E+01
    8.2600000E-01    4.3136852E+01    2.0159316E+01
    8.3000000E-01    4.3247957E+01    2.0169835E+01
    8.3400000E-01    4.3359106E+01    2.0180196E+01
    8.3800000E-01    4.3470300E+01    2.0190402E+01
    8.4200000E-01    4.3581537E+01    2.0200455E+01
    8.4600000E-01    4.3692819E+01    2.0210356E+01
    8.5000000E-01    4.3804144E+01    2.0220107E+01
    8.5400000E-01    4.3915514E+01    2.0229712E+01
    8.5800000E-01    4.4026929E+01    2.0239170E+01
    8.6200000E-01    4.4138388E+01    2.0248486E+01
    8.6600000E-01    4.4249891E+01    2.0257660E+01
    8.7000000E-01    4.4361440E+01    2.0266694E+01
    8.7400000E-01    4.4473033E+01    2.0275591E+01
    8.7800000E-01    4.4584671E+01    2.0284352E+01
    8.8200000E-01    4.4696353E+01    2.0292979E+01
    8.8600000E-01    4.4808081E+01    2.0301474E+01
    8.9000000E-01    4.4919854E+01    2.0309839E+01
    8.9400000E-01    4.5031673E+01    2.0318075E+01
    8.9800000E-01    4.5143536E+01    2.0326184E+01
    9.0200000E-01    4.5255446E+01    2.0334168E+01
    9.0600000E-01    4.5367400E+01    2.0342029E+01
    9.1000000E-01    4.5479400E+01    2.0349768E+01
    9.1400000E-01    4.5591446E+01    2.0357387E+01
    9.1800000E-01    4.5703538E+01    2.0364888E+01
    9.2200000E-01    4.5815675E+01    2.0372273E+01
    9.2600000E-01    4.5927859E+01    2.0379542E+01
    9.3000000E-01    4.6040088E+01    2.0386698E+01
    9.3400000E-01    4.6152364E+01    2.0393742E+01
    9.3800000E-01    4.6264686E+01    2.0400676E+01
    9.4200000E-01    4.6377054E+01    2.0407501E+01
    9.4600000E-01    4.6489469E+01    2.0414218E+01
    9.5000000E-01    4.6601930E+01    2.0420830E+01
    9.5400000E-01    4.6714438E+01    2.0427338E+01
    9.5800000E-01    4.6826992E+01    2.0433743E+01
    9.6200000E-01    4.6939594E+01    2.0440047E+01
    9.6600000E-01    4.7052242E+01    2.0446250E+01
    9.7000000E-01    4.7164937E+01    2.0452356E+01
    9.7400000E-01    4.7277679E+01    2.0458364E+01
    9.7800000E-01    4.7390468E+01    2.0464277E+01
    9.8200000E-01    4.7503304E+01    2.0470095E+01
    9.8600000E-01    4.7616188E+01    2.0475820E+01
    9.9000000E-01    4.7729119E+01    2.0481453E+01
    9.9400000E-01    4.7842098E+01    2.0486997E+01
    9.9800000E-01    4.7955124E+01    2.0492451E+01
    1.0020000E+00    4.8068198E+01    2.0497817E+01
    1.0060000E+00    4.8181319E+01    2.0503097E+01
    1.0100000E+00    4.8294489E+01    2.0508291E+01
    1.0140000E+00    4.8407706E+01    2.0513402E+01
    1.0180000E+00    4.8520971E+01    2.0518430E+01
    1.0220000E+00    4.8634285E+01    2.0523376E+01
    1.0260000E+00    4.8747646E+01    2.0528241E+01
    1.0300000E+00    4.8861056E+01    2.0533027E+01
    1.0340000E+00    4.8974514E+01    2.0537736E+01
    1.0380000E+00    4.9088021E+01    2.0542367E+01
    1.0420000E+00    4.9201576E+01    2.0546922E+01
    1.0460000E+00    4.9315179E+01    2.0551403E+01
    1.0500000E+00    4.9428832E+01    2.0555810E+01
    1.0540000E+00    4.9542533E+01    2.0560144E+01
    1.0580000E+00    4.9656283E+01    2.0564407E+01
    1.0620000E+00    4.9770082E+01    2.0568600E+01
    1.0660000E+00    4.9883929E+01    2.0572723E+01
    1.0700000E+00    4.9997826E+01    2.0576778E+01
    1.0740000E+00    5.0111773E+01    2.0580765E+01
    1.0780000E+00    5.0225768E+01    2.0584686E+01
    1.0820000E+00    5.0339813E+01    2.0588542E+01
    1.0860000E+00    5.0453907E+01    2.0592333E+01
    1.0900000E+00    5.0568050E+01    2.0596061E+01
    1.0940000E+00    5.0682244E+01    2.0599727E+01
    1.0980000E+00    5.0796487E+01    2.0603330E+01
    1.1020000E+00    5.0910779E+01    2.0606874E+01
    1.1060000E+00    5.1025122E+01    2.0610357E+01
    1.1100000E+00    5.1139514E+01    2.0613782E+01
    1.1140000E+00    5.1253956E+01    2.0617149E+01
    1.1180000E+00    5.1368449E+01    2.0620458E+01
    1.1220000E+00    5.1482991E+01    2.0623712E+01
    1.1260000E+00    5.1597584E+01    2.0626910E+01
    1.1300000E+00    5.1712227E+01    2.0630054E+01
    1.1340000E+00    5.1826921E+01    2.0633144E+01
    1.1380000E+00    5.1941665E+01    2.0636182E+01
    1.1420000E+00    5.2056459E+01    2.0639167E+01
    1.1460000E+00    5.2171304E+01    2.0642101E+01
    1.1500000E+00    5.2286200E+01    2.0644985E+01
    1.1540000E+00    5.2401146E+01    2.0647818E+01
    1.1580000E+00    5.2516143E+01    2.0650603E+01
    1.1620000E+00    5.2631191E+01    2.0653340E+01
    1.1660000E+00    5.2746290E+01    2.0656030E+01
    1.1700000E+00    5.2861440E+01    2.0658673E+01
    1.1740000E+00    5.2976642E+01    2.0661270E+01
    1.1780000E+00    5.3091894E+01    2.0663821E+01
    1.1820000E+00    5.3207198E+01    2.0666328E+01
    1.1860000E+00    5.3322553E+01    2.0668792E+01
    1.1900000E+00    5.3437959E+01    2.0671212E+01
    1.1940000E+00    5.3553417E+01    2.0673590E+01
    1.1980000E+00    5.3668926E+01    2.0675925E+01
    1.2020000E+00    5.3784487E+01    2.0678220E+01
    1.2060000E+00    5.3900100E+01    2.0680474E+01
    1.2100000E+00    5.4015764E+01    2.0682689E+01
    1.2140000E+00    5.4131481E+01    2.0684864E+01
    1.2180000E+00    5.4247249E+01    2.0687000E+01
    1.2220000E+00    5.4363069E+01    2.0689099E+01
    1.2260000E+00    5.4478941E+01    2.0691160E+01
    1.2300000E+00    5.4594865E+01    2.0693184E+01
    1.2340000E+00    5.4710841E+01    2.0695172E+01
    1.2380000E+00    5.4826869E+01    2.0697125E+01
    1.2420000E+00    5.4942950E+01    2.0699042E+01
    1.2460000E+00    5.5059083E+01    2.0700925E+01
    1.2500000E+00    5.5175268E+01    2.0702774E+01
    1.2540000E+00    5.5291506E+01    2.0704590E+01
    1.2580000E+00    5.5407797E+01    2.0706372E+01
    1.2620000E+00    5.5524139E+01    2.0708123E+01
    1.2660000E+00    5.5640535E+01    2.0709841E+01
    1.2700000E+00    5.5756983E+01    2.0711528E+01
    1.2740000E+00    5.5873484E+01    2.0713185E+01
    1.2780000E+00    5.5990038E+01    2.0714811E+01
    1.2820000E+00    5.6106644E+01    2.0716407E+01
    1.2860000E+00    5.6223304E+01    2.0717974E+01
    1.2900000E+00    5.6340016E+01    2.0719513E+01
    1.2940000E+00    5.6456782E+01    2.0721022E+01
    1.2980000E+00    5.6573600E+01    2.0722504E+01
    1.3020000E+00    5.6690472E+01    2.0723959E+01
    1.3060000E+00    5.6807397E+01    2.0725386E+01
    1.3100000E+00    5.6924375E+01    2.0726787E+01
    1.3140000E+00    5.7041406E+01    2.0728162E+01
    1.3180000E+00    5.7158491E+01    2.0729511E+01
    1.3220000E+00    5.7275629E+01    2.0730835E+01
    1.3260000E+00    5.7392820E+01    2.0732135E+01
    1.3300000E+00    5.7510065E+01    2.0733409E+01
    1.3340000E+00    5.7627364E+01    2.0734660E+01
    1.3380000E+00    5.7744716E+01    2.0735887E+01
    1.3420000E+00    5.7862121E+01    2.0737091E+01
    1.3460000E+00    5.7979581E+01    2.0738272E+01
    1.3500000E+00    5.8097094E+01    2.0739431E+01
    1.3540000E+00    5.8214660E+01    2.0740567E+01
    1.3580000E+00    5.8332281E+01    2.0741682E+01
    1.3620000E+00    5.8449955E+01    2.0742776E+01
    1.3660000E+00    5.8567683E+01    2.0743849E+01
    1.3700000E+00    5.8685465E+01    2.0744901E+01
    1.3740000E+00    5.8803301E+01    2.0745932E+01
    1.3780000E+00    5.8921191E+01    2.0746944E+01
    1.3820000E+00    5.9039135E+01    2.0747937E+01
    1.3860000E+00    5.9157133E+01    2.0748910E+01
    1.3900000E+00    5.9275185E+01    2.0749864E+01
    1.3940000E+00    5.9393291E+01    2.0750799E+01
    1.3980000E+00    5.9511451E+01    2.0751717E+01
    1.4020000E+00    5.9629666E+01    2.0752616E+01
    1.4060000E+00    5.9747934E+01    2.0753498E+01
    1.4100000E+00    5.9866257E+01    2.0754362E+01
    1.4140000E+00    5.9984634E+01    2.0755209E+01
    1.4180000E+00    6.0103066E+01    2.0756040E+01
    1.4220000E+00    6.0221551E+01    2.0756854E+01
    1.4260000E+00    6.0340091E+01    2.0757652E+01
    1.4300000E+00    6.0458686E+01    2.0758434E+01
    1.4340000E+00    6.0577334E+01    2.0759200E+01
    1.4380000E+00    6.0696037E+01    2.0759951E+01
    1.4420000E+00    6.0814795E+01    2.0760687E+01
    1.4460000E+00    6.0933607E+01    2.0761409E+01
    1.4500000E+00    6.1052473E+01    2.0762115E+01
    1.4540000E+00    6.1171394E+01    2.0762808E+01
    1.4580000E+00    6.1290369E+01    2.0763486E+01
    1.4620000E+00    6.1409399E+01    2.0764151E+01
    1.4660000E+00    6.1528483E+01    2.0764802E+01
    1.4700000E+00    6.1647622E+01    2.0765439E+01
    1.4740000E+00    6.1766816E+01    2.0766064E+01
    1.4780000E+00    6.1886063E+01    2.0766676E+01
    1.4820000E+00    6.2005366E+01    2.0767275E+01
    1.4860000E+00    6.2124723E+01    2.0767862E+01
    1.4900000E+00    6.2244134E+01    2.0768437E+01
    1.4940000E+00    6.2363600E+01    2.0769000E+01
    1.4980000E+00    6.2483121E+01    2.0769551E+01
    1.5020000E+00    6.2602696E+01    2.0770090E+01
    1.5060000E+00    6.2722326E+01    2.0770618E+01
    1.5100000E+00    6.2842010E+01    2.0771135E+01
    1.5140000E+00    6.2961749E+01    2.0771642E+01
    1.5180000E+00    6.3081542E+01    2.0772137E+01
    1.5220000E+00    6.3201390E+01    2.0772622E+01
    1.5260000E+00    6.3321293E+01    2.0773097E+01
    1.5300000E+00    6.3441250E+01    2.0773561E+01
    1.5340000E+00    6.3561261E+01    2.0774016E+01
    1.5380000E+00    6.3681327E+01    2.0774461E+01
    1.5420000E+00    6.3801448E+01    2.0774896E+01
    1.5460000E+00    6.3921623E+01    2.0775322E+01
    1.5500000E+00    6.4041852E+01    2.0775738E+01
    1.5540000E+00    6.4162136E+01    2.0776146E+01
    1.5580000E+00    6.4282474E+01    2.0776545E+01
    1.5620000E+00    6.4402867E+01    2.0776935E+01
    1.5660000E+00    6.4523314E+01    2.0777316E+01
    1.5700000E+00    6.4643816E+01    2.0777689E+01
    1.5740000E+00    6.4764371E+01    2.0778054E+01
    1.5780000E+00    6.4884982E+01    2.0778410E+01
    1.5820000E+00    6.5005646E+01    2.0778759E+01
    1.5860000E+00    6.5126365E+01    2.0779100E+01
    1.5900000E+00    6.5247137E+01    2.0779433E+01
    1.5940000E+00    6.5367964E+01    2.0779759E+01
    1.5980000E+00    6.5488846E+01    2.0780077E+01
    1.6020000E+00    6.5609781E+01    2.0780388E+01
    1.6060000E+00    6.5730770E+01    2.0780692E+01
    1.6100000E+00    6.5851813E+01    2.0780989E+01
    1.6140000E+00    6.5972911E+01    2.0781279E+01
    1.6180000E+00    6.6094062E+01    2.0781563E+01
    1.6220000E+00    6.6215267E+01    2.0781840E+01
    1.6260000E+00    6.6336526E+01    2.0782110E+01
    1.6300000E+00    6.6457839E+01    2.0782374E+01
    1.6340000E+00    6.6579206E+01    2.0782632E+01
    1.6380000E+00    6.6700626E+01    2.0782884E+01
    1.6420000E+00    6.6822100E+01    2.0783130E+01
    1.6460000E+00    6.6943627E+01    2.0783371E+01
    1.6500000E+00    6.7065208E+01    2.0783605E+01
    1.6540000E+00    6.7186843E+01    2.0783834E+01
    1.6580000E+00    6.7308531E+01    2.0784057E+01
    1.6620000E+00    6.7430272E+01    2.0784275E+01
    1.6660000E+00    6.7552067E+01    2.0784487E+01
    1.6700000E+00    6.7673914E+01    2.0784695E+01
    1.6740000E+00    6.7795815E+01    2.0784897E+01
    1.6780000E+00    6.7917769E+01    2.0785094E+01
    1.6820000E+00    6.8039776E+01    2.0785287E+01
    1.6860000E+00    6.8161836E+01    2.0785474E+01
    1.6900000E+00    6.8283948E+01    2.0785657E+01
    1.6940000E+00    6.8406114E+01    2.0785836E+01
    1.6980000E+00    6.8528332E+01    2.0786009E+01
    1.7020000E+00    6.8650602E+01    2.0786179E+01
    1.7060000E+00    6.8772925E+01    2.0786344E+01
    1.7100000E+00    6.8895301E+01    2.0786504E+01
    1.7140000E+00    6.9017729E+01    2.0786661E+01
    1.7180000E+00    6.9140209E+01    2.0786813E+01
    1.7220000E+00    6.9262741E+01    2.0786962E+01
    1.7260000E+00    6.9385325E+01    2.0787106E+01
    1.7300000E+00    6.9507961E+01    2.0787247E+01
    1.7340000E+00    6.9630649E+01    2.0787384E+01
    1.7380000E+00    6.9753388E+01    2.0787517E+01
    1.7420000E+00    6.9876180E+01    2.0787647E+01
    1.7460000E+00    6.9999022E+01    2.0787773E+01
    1.7500000E+00    7.0121916E+01    2.0787896E+01
    1.7540000E+00    7.0244862E+01    2.0788015E+01
    1.7580000E+00    7.0367858E+01    2.0788131E+01
    1.7620000E+00    7.0490906E+01    2.0788244E+01
    1.7660000E+00    7.0614004E+01    2.0788353E+01
    1.7700000E+00    7.0737153E+01    2.0788459E+01
    1.7740000E+00    7.0860353E+01    2.0788563E+01
    1.7780000E+00    7.0983603E+01    2.0788663E+01
    1.7820000E+00    7.1106904E+01    2.0788760E+01
    1.7860000E+00    7.1230255E+01    2.0788855E+01
    1.7900000E+00    7.1353656E+01    2.0788947E+01
    1.7940000E+00    7.1477108E+01    2.0789035E+01
    1.7980000E+00    7.1600609E+01    2.0789122E+01
    1.8020000E+00    7.1724159E+01    2.0789205E+01
    1.8060000E+00    7.1847759E+01    2.0789286E+01
    1.8100000E+00    7.1971409E+01    2.0789365E+01
    1.8140000E+00    7.2095108E+01    2.0789441E+01
    1.8180000E+00    7.2218856E+01    2.0789514E+01
    1.8220000E+00    7.2342653E+01    2.0789585E+01
    1.8260000E+00    7.2466498E+01    2.0789654E+01
    1.8300000E+00    7.2590393E+01    2.0789721E+01
    1.8340000E+00    7.2714335E+01    2.0789785E+01
    1.8380000E+00    7.2838326E+01    2.0789848E+01
    1.8420000E+00    7.2962365E+01    2.0789908E+01
    1.8460000E+00    7.3086452E+01    2.0789966E+01
    1.8500000E+00    7.3210587E+01    2.0790022E+01
    1.8540000E+00    7.3334769E+01    2.0790076E+01
    1.8580000E+00    7.3458999E+01    2.0790128E+01
    1.8620000E+00    7.3583276E+01    2.0790178E+01
    1.8660000E+00    7.3707600E+01    2.0790226E+01
    1.8700000E+00    7.3831970E+01    2.0790272E+01
    1.8740000E+00    7.3956387E+01    2.0790317E+01
    1.8780000E+00    7.4080851E+01    2.0790360E+01
    1.8820000E+00    7.4205361E+01    2.0790401E+01
    1.8860000E+00    7.4329917E+01    2.0790441E+01
    1.8900000E+00    7.4454518E+01    2.0790479E+01
    1.8940000E+00    7.4579165E+01    2.0790515E+01
    1.8980000E+00    7.4703858E+01    2.0790550E+01
    1.9020000E+00    7.4828596E+01    2.0790583E+01
    1.9060000E+00    7.4953378E+01    2.0790615E+01
    1.9100000E+00    7.5078206E+01    2.0790645E+01
    1.9140000E+00    7.5203078E+01    2.0790674E+01
    1.9180000E+00    7.5327994E+01    2.0790701E+01
    1.9220000E+00    7.5452954E+01    2.0790728E+01
    1.9260000E+00    7.5577957E+01    2.0790752E+01
    1.9300000E+00    7.5703005E+01    2.0790776E+01
    1.9340000E+00    7.5828095E+01    2.0790798E+01
    1.9380000E+00    7.5953229E+01    2.0790819E+01
    1.9420000E+00    7.6078405E+01    2.0790839E+01
    1.9460000E+00    7.6203624E+01    2.0790858E+01
    1.9500000E+00    7.6328886E+01    2.0790875E+01
    1.9540000E+00    7.6454189E+01    2.0790892E+01
    1.9580000E+00    7.6579534E+01    2.0790907E+01
    1.9620000E+00    7.6704920E+01    2.0790921E+01
    1.9660000E+00    7.6830348E+01    2.0790934E+01
    1.9700000E+00    7.6955816E+01    2.0790946E+01
    1.9740000E+00    7.7081326E+01    2.0790958E+01
    1.9780000E+00    7.7206875E+01    2.0790968E+01
    1.9820000E+00    7.7332465E+01    2.0790977E+01
    1.9860000E+00    7.7458094E+01    2.0790985E+01
    1.9900000E+00    7.7583763E+01    2.0790993E+01
    1.9940000E+00    7.7709471E+01    2.0790999E+01
    1.9980000E+00    7.7835218E+01    2.0791005E+01
    2.0020000E+00    7.7961004E+01    2.0791010E+01
    2.0060000E+00    7.8086827E+01    2.0791014E+01
    2.0100000E+00    7.8212689E+01    2.0791017E+01
    2.0140000E+00    7.8338588E+01    2.0791019E+01
    2.0180000E+00    7.8464525E+01    2.0791021E+01
    2.0220000E+00    7.8590499E+01    2.0791022E+01
    2.0260000E+00    7.8716509E+01    2.0791022E+01
    2.0300000E+00    7.8842556E+01    2.0791022E+01
    2.0340000E+00    7.8968639E+01    2.0791021E+01
    2.0380000E+00    7.9094757E+01    2.0791019E+01
    2.0420000E+00    7.9220910E+01    2.0791016E+01
    2.0460000E+00    7.9347099E+01    2.0791013E+01
    2.0500000E+00    7.9473322E+01    2.0791010E+01
    2.0540000E+00    7.9599579E+01    2.0791005E+01
    2.0580000E+00    7.9725871E+01    2.0791000E+01
    2.0620000E+00    7.9852195E+01    2.0790995E+01
    2.0660000E+00    7.9978553E+01    2.0790989E+01
    2.0700000E+00    8.0104944E+01    2.0790982E+01
    2.0740000E+00    8.0231367E+01    2.0790975E+01
    2.0780000E+00    8.0357822E+01    2.0790968E+01
    2.0820000E+00    8.0484309E+01    2.0790960E+01
    2.0860000E+00    8.0610827E+01    2.0790951E+01
    2.0900000E+00    8.0737375E+01    2.0790942E+01
    2.0940000E+00    8.0863955E+01    2.0790932E+01
    2.0980000E+00    8.0990564E+01    2.0790923E+01
    2.1020000E+00    8.1117202E+01    2.0790912E+01
    2.1060000E+00    8.1243870E+01    2.0790901E+01
    2.1100000E+00    8.1370567E+01    2.0790890E+01
    2.1140000E+00    8.1497292E+01    2.0790879E+01
    2.1180000E+00    8.1624045E+01    2.0790867E+01
    2.1220000E+00    8.1750826E+01    2.0790854E+01
    2.1260000E+00    8.1877633E+01    2.0790842E+01
    2.1300000E+00    8.2004467E+01    2.0790829E+01
    2.1340000E+00    8.2131327E+01    2.0790815E+01
    2.1380000E+00    8.2258213E+01    2.0790802E+01
    2.1420000E+00    8.2385125E+01    2.0790788E+01
    2.1460000E+00    8.2512061E+01    2.0790773E+01
    2.1500000E+00    8.2639021E+01    2.0790759E+01
    2.1540000E+00    8.2766005E+01    2.0790744E+01
    2.1580000E+00    8.2893013E+01    2.0790729E+01
    2.1620000E+00    8.3020043E+01    2.0790713E+01
    2.1660000E+00    8.3147096E+01    2.0790697E+01
    2.1700000E+00    8.3274171E+01    2.0790681E+01
    2.1740000E+00    8.3401267E+01    2.0790665E+01
    2.1780000E+00    8.3528385E+01    2.0790649E+01
    2.1820000E+00    8.3655522E+01    2.0790632E+01
    2.1860000E+00    8.3782680E+01    2.0790615E+01
    2.1900000E+00    8.3909857E+01    2.0790598E+01
    2.1940000E+00    8.4037052E+01    2.0790581E+01
    2.1980000E+00    8.4164267E+01    2.0790563E+01
    2.2020000E+00    8.4291499E+01    2.0790545E+01
    2.2060000E+00    8.4418748E+01    2.0790527E+01
    2.2100000E+00    8.4546014E+01    2.0790509E+01
    2.2140000E+00    8.4673296E+01    2.0790491E+01
    2.2180000E+00    8.4800594E+01    2.0790473E+01
    2.2220000E+00    8.4927907E+01    2.0790454E+01
    2.2260000E+00    8.5055234E+01    2.0790435E+01
    2.2300000E+00    8.5182576E+01    2.0790416E+01
    2.2340000E+00    8.5309930E+01    2.0790397E+01
    2.2380000E+00    8.5437298E+01    2.0790378E+01
    2.2420000E+00    8.5564678E+01    2.0790359E+01
    2.2460000E+00    8.5692069E+01    2.0790339E+01
    2.2500000E+00    8.5819472E+01    2.0790320E+01
    2.2540000E+00    8.5946885E+01    2.0790300E+01
    2.2580000E+00    8.6074307E+01    2.0790280E+01
    2.2620000E+00    8.6201739E+01    2.0790260E+01
    2.2660000E+00    8.6329180E+01    2.0790240E+01
    2.2700000E+00    8.6456628E+01    2.0790220E+01
    2.2740000E+00    8.6584084E+01    2.0790200E+01
    2.2780000E+00    8.6711547E+01    2.0790180E+01
    2.2820000E+00    8.6839016E+01    2.0790159E+01
    2.2860000E+00    8.6966490E+01    2.0790139E+01
    2.2900000E+00    8.7093969E+01    2.0790118E+01
    2.2940000E+00    8.7221452E+01    2.0790098E+01
    2.2980000E+00    8.7348938E+01    2.0790077E+01
    2.3020000E+00    8.7476428E+01    2.0790057E+01
    2.3060000E+00    8.7603919E+01    2.0790036E+01
    2.3100000E+00    8.7731412E+01    2.0790015E+01
    2.3140000E+00    8.7858905E+01    2.0789994E+01
    2.3180000E+00    8.7986399E+01    2.0789973E+01
    2.3220000E+00    8.8113892E+01    2.0789952E+01
    2.3260000E+00    8.8241384E+01    2.0789931E+01
    2.3300000E+00    8.8368873E+01    2.0789910E+01
    2.3340000E+00    8.8496360E+01    2.0789889E+01
    2.3380000E+00    8.8623843E+01    2.0789868E+01
    2.3420000E+00    8.8751323E+01    2.0789847E+01
    2.3460000E+00    8.8878797E+01    2.0789826E+01
    2.3500000E+00    8.9006265E+01    2.0789805E+01
    2.3540000E+00    8.9133727E+01    2.0789784E+01
    2.3580000E+00    8.9261182E+01    2.0789762E+01
    2.3620000E+00    8.9388629E+01    2.0789741E+01
    2.3660000E+00    8.9516067E+01    2.0789720E+01
    2.3700000E+00    8.9643496E+01    2.0789699E+01
    2.3740000E+00    8.9770914E+01    2.0789678E+01
    2.3780000E+00    8.9898322E+01    2.0789656E+01
    2.3820000E+00    9.0025717E+01    2.0789635E+01
    2.3860000E+00    9.0153100E+01    2.0789614E+01
    2.3900000E+00    9.0280469E+01    2.0789593E+01
    2.3940000E+00    9.0407825E+01    2.0789571E+01
    2.3980000E+00    9.0535165E+01    2.0789550E+01
    2.4020000E+00    9.0662489E+01    2.0789529E+01
    2.4060000E+00    9.0789796E+01    2.0789508E+01
    2.4100000E+00    9.0917086E+01    2.0789487E+01
    2.4140000E+00    9.1044358E+01    2.0789465E+01
    2.4180000E+00    9.1171610E+01    2.0789444E+01
    2.4220000E+00    9.1298842E+01    2.0789423E+01
    2.4260000E+00    9.1426053E+01    2.0789402E+01
    2.4300000E+00    9.1553243E+01    2.0789381E+01
    2.4340000E+00    9.1680409E+01    2.0789360E+01
    2.4380000E+00    9.1807552E+01    2.0789339E+01
    2.4420000E+00    9.1934671E+01    2.0789318E+01
    2.4460000E+00    9.2061764E+01    2.0789297E+01
    2.4500000E+00    9.2188831E+01    2.0789276E+01
    2.4540000E+00    9.2315871E+01    2.0789255E+01
    2.4580000E+00    9.2442882E+01    2.0789234E+01
    2.4620000E+00    9.2569865E+01    2.0789213E+01
    2.4660000E+00    9.2696817E+01    2.0789193E+01
    2.4700000E+00    9.2823739E+01    2.0789172E+01
    2.4740000E+00    9.2950629E+01    2.0789151E+01
    2.4780000E+00    9.3077486E+01    2.0789130E+01
    2.4820000E+00    9.3204310E+01    2.0789110E+01
    2.4860000E+00    9.3331098E+01    2.0789089E+01
    2.4900000E+00    9.3457851E+01    2.0789069E+01
    2.4940000E+00    9.3584568E+01    2.0789048E+01
    2.4980000E+00    9.3711246E+01    2.0789028E+01
    2.5020000E+00    9.3837887E+01    2.0789007E+01
    2.5060000E+00    9.3964487E+01    2.0788987E+01
    2.5100000E+00    9.4091047E+01    2.0788967E+01
    2.5140000E+00    9.4217565E+01    2.0788946E+01
    2.5180000E+00    9.4344041E+01    2.0788926E+01
    2.5220000E+00    9.4470472E+01    2.0788906E+01
    2.5260000E+00    9.4596860E+01    2.0788886E+01
    2.5300000E+00    9.4723201E+01    2.0788866E+01
    2.5340000E+00    9.4849495E+01    2.0788846E+01
    2.5380000E+00    9.4975742E+01    2.0788826E+01
    2.5420000E+00    9.5101940E+01    2.0788806E+01
    2.5460000E+00    9.5228088E+01    2.0788786E+01
    2.5500000E+00    9.5354184E+01    2.0788766E+01
    2.5540000E+00    9.5480229E+01    2.0788746E+01
    2.5580000E+00    9.5606220E+01    2.0788727E+01
    2.5620000E+00    9.5732157E+01    2.0788707E+01
    2.5660000E+00    9.5858039E+01    2.0788687E+01
    2.5700000E+00    9.5983864E+01    2.0788668E+01
    2.5740000E+00    9.6109631E+01    2.0788648E+01
    2.5780000E+00    9.6235339E+01    2.0788629E+01
    2.5820000E+00    9.6360988E+01    2.0788610E+01
    2.5860000E+00    9.6486575E+01    2.0788590E+01
    2.5900000E+00    9.6612101E+01    2.0788571E+01
    2.5940000E+00    9.6737563E+01    2.0788552E+01
    2.5980000E+00    9.6862960E+01    2.0788533E+01
    2.6020000E+00    9.6988291E+01    2.0788514E+01
    2.6060000E+00    9.7113556E+01    2.0788495E+01
    2.6100000E+00    9.7238753E+01    2.0788476E+01
    2.6140000E+00    9.7363880E+01    2.0788457E+01
    2.6180000E+00    9.7488937E+01    2.0788438E+01
    2.6220000E+00    9.7613922E+01    2.0788420E+01
    2.6260000E+00    9.7738834E+01    2.0788401E+01
    2.6300000E+00    9.7863672E+01    2.0788382E+01
    2.6340000E+00    9.7988435E+01    2.0788364E+01
    2.6380000E+00    9.8113121E+01    2.0788345E+01
    2.6420000E+00    9.8237730E+01    2.0788327E+01
    2.6460000E+00    9.8362259E+01    2.0788309E+01
    2.6500000E+00    9.8486708E+01    2.0788290E+01
    2.6540000E+00    9.8611075E+01    2.0788272E+01
    2.6580000E+00    9.8735360E+01    2.0788254E+01
    2.6620000E+00    9.8859560E+01    2.0788236E+01
    2.6660000E+00    9.8983675E+01    2.0788218E+01
    2.6700000E+00    9.9107703E+01    2.0788200E+01
    2.6740000E+00    9.9231643E+01    2.0788182E+01
    2.6780000E+00    9.9355494E+01    2.0788164E+01
    2.6820000E+00    9.9479254E+01    2.0788147E+01
    2.6860000E+00    9.9602922E+01    2.0788129E+01
    2.6900000E+00    9.9726497E+01    2.0788111E+01
    2.6940000E+00    9.9849977E+01    2.0788094E+01
    2.6980000E+00    9.9973361E+01    2.0788076E+01
    2.7020000E+00    1.0009665E+02    2.0788059E+01
    2.7060000E+00    1.0021984E+02    2.0788042E+01
    2.7100000E+00    1.0034292E+02    2.0788024E+01
    2.7140000E+00    1.0046591E+02    2.0788007E+01
    2.7180000E+00    1.0058879E+02    2.0787990E+01
    2.7220000E+00    1.0071157E+02    2.0787973E+01
    2.7260000E+00    1.0083425E+02    2.0787956E+01
    2.7300000E+00    1.0095681E+02    2.0787939E+01
    2.7340000E+00    1.0107927E+02    2.0787922E+01
    2.7380000E+00    1.0120162E+02    2.0787906E+01
    2.7420000E+00    1.0132385E+02    2.0787889E+01
    2.7460000E+00    1.0144598E+02    2.0787872E+01
    2.7500000E+00    1.0156799E+02    2.0787856E+01
    2.7540000E+00    1.0168988E+02    2.0787839E+01
    2.7580000E+00    1.0181166E+02    2.0787823E+01
    2.7620000E+00    1.0193332E+02    2.0787806E+01
    2.7660000E+00    1.0205486E+02    2.0787790E+01
    2.7700000E+00    1.0217627E+02    2.0787774E+01
    2.7740000E+00    1.0229757E+02    2.0787758E+01
    2.7780000E+00    1.0241874E+02    2.0787742E+01
    2.7820000E+00    1.0253978E+02    2.0787726E+01
    2.7860000E+00    1.0266069E+02    2.0787710E+01
    2.7900000E+00    1.0278148E+02    2.0787694E+01
    2.7940000E+00    1.0290214E+02    2.0787678E+01
    2.7980000E+00    1.0302266E+02    2.0787662E+01
    2.8020000E+00    1.0314305E+02    2.0787647E+01
    2.8060000E+00    1.0326331E+02    2.0787631E+01
    2.8100000E+00    1.0338342E+02    2.0787615E+01
    2.8140000E+00    1.0350340E+02    2.0787600E+01
    2.8180000E+00    1.0362324E+02    2.0787585E+01
    2.8220000E+00    1.0374294E+02    2.0787569E+01
    2.8260000E+00    1.0386250E+02    2.0787554E+01
    2.8300000E+00    1.0398191E+02    2.0787539E+01
    2.8340000E+00    1.0410117E+02    2.0787524E+01
    2.8380000E+00    1.0422029E+02    2.0787509E+01
    2.8420000E+00    1.0433926E+02    2.0787494E+01
    2.8460000E+00    1.0445807E+02    2.0787479E+01
    2.8500000E+00    1.0457674E+02    2.0787464E+01
    2.8540000E+00    1.0469525E+02    2.0787449E+01
    2.8580000E+00    1.0481360E+02    2.0787434E+01
    2.8620000E+00    1.0493180E+02    2.0787420E+01
    2.8660000E+00    1.0504984E+02    2.0787405E+01
    2.8700000E+00    1.0516771E+02    2.0787391E+01
    2.8740000E+00    1.0528542E+02    2.0787376E+01
    2.8780000E+00    1.0540297E+02    2.0787362E+01
    2.8820000E+00    1.0552036E+02    2.0787347E+01
    2.8860000E+00    1.0563757E+02    2.0787333E+01
    2.8900000E+00    1.0575462E+02    2.0787319E+01
    2.8940000E+00    1.0587150E+02    2.0787305E+01
    2.8980000E+00    1.0598820E+02    2.0787291E+01
    2.9020000E+00    1.0610473E+02    2.0787277E+01
    2.9060000E+00    1.0622108E+02    2.0787263E+01
    2.9100000E+00    1.0633725E+02    2.0787249E+01
    2.9140000E+00    1.0645325E+02    2.0787235E+01
    2.9180000E+00    1.0656906E+02    2.0787221E+01
    2.9220000E+00    1.0668469E+02    2.0787208E+01
    2.9260000E+00    1.0680014E+02    2.0787194E+01
    2.9300000E+00    1.0691540E+02    2.0787181E+01
    2.9340000E+00    1.0703047E+02    2.0787167E+01
    2.9380000E+00    1.0714535E+02    2.0787154E+01
    2.9420000E+00    1.0726004E+02    2.0787141E+01
    2.9460000E+00    1.0737454E+02    2.0787127E+01
    2.9500000E+00    1.0748884E+02    2.0787114E+01
    2.9540000E+00    1.0760294E+02    2.0787101E+01
    2.9580000E+00    1.0771685E+02    2.0787088E+01
    2.9620000E+00    1.0783055E+02    2.0787075E+01
    2.9660000E+00    1.0794405E+02    2.0787062E+01
    2.9700000E+00    1.0805735E+02    2.0787049E+01
    2.9740000E+00    1.0817044E+02    2.0787036E+01
    2.9780000E+00    1.0828332E+02    2.0787023E+01
    2.9820000E+00    1.0839600E+02    2.0787011E+01
    2.9860000E+00    1.0850846E+02    2.0786998E+01
    2.9900000E+00    1.0862070E+02    2.0786986E+01
    2.9940000E+00    1.0873274E+02    2.0786973E+01
    2.9980000E+00    1.0884455E+02    2.0786961E+01
    3.0020000E+00    1.0895615E+02    2.0786948E+01
    3.0060000E+00    1.0906752E+02    2.0786936E+01
    3.0100000E+00    1.0917867E+02    2.0786924E+01
    3.0140000E+00    1.0928960E+02    2.0786911E+01
    3.0180000E+00    1.0940030E+02    2.0786899E+01
    3.0220000E+00    1.0951077E+02    2.0786887E+01
    3.0260000E+00    1.0962102E+02    2.0786875E+01
    3.0300000E+00    1.0973103E+02    2.0786863E+01
    3.0340000E+00    1.0984080E+02    2.0786851E+01
    3.0380000E+00    1.0995034E+02    2.0786840E+01
    3.0420000E+00    1.1005964E+02    2.0786828E+01
    3.0460000E+00    1.1016871E+02    2.0786816E+01
    3.0500000E+00    1.1027753E+02    2.0786805E+01
    3.0540000E+00    1.1038610E+02    2.0786793E+01
    3.0580000E+00    1.1049443E+02    2.0786782E+01
    3.0620000E+00    1.1060252E+02    2.0786770E+01
    3.0660000E+00    1.1071035E+02    2.0786759E+01
    3.0700000E+00    1.1081793E+02    2.0786747E+01
    3.0740000E+00    1.1092526E+02    2.0786736E+01
    3.0780000E+00    1.1103234E+02    2.0786725E+01
    3.0820000E+00    1.1113915E+02    2.0786714E+01
    3.0860000E+00    1.1124571E+02    2.0786703E+01
    3.0900000E+00    1.1135201E+02    2.0786692E+01
    3.0940000E+00    1.1145804E+02    2.0786681E+01
    3.0980000E+00    1.1156381E+02    2.0786670E+01
    3.1020000E+00    1.1166931E+02    2.0786659E+01
    3.1060000E+00    1.1177454E+02    2.0786648E+01
    3.1100000E+00    1.1187950E+02    2.0786637E+01
    3.1140000E+00    1.1198419E+02    2.0786627E+01
    3.1180000E+00    1.1208860E+02    2.0786616E+01
    3.1220000E+00    1.1219274E+02    2.0786606E+01
    3.1260000E+00    1.1229659E+02    2.0786595E+01
    3.1300000E+00    1.1240017E+02    2.0786585E+01
    3.1340000E+00    1.1250346E+02    2.0786574E+01
    3.1380000E+00    1.1260647E+02    2.0786564E+01
    3.1420000E+00    1.1270919E+02    2.0786554E+01
    3.1460000E+00    1.1281162E+02    2.0786543E+01
    3.1500000E+00    1.1291376E+02    2.0786533E+01
    3.1540000E+00    1.1301561E+02    2.0786523E+01
    3.1580000E+00    1.1311716E+02    2.0786513E+01
    3.1620000E+00    1.1321842E+02    2.0786503E+01
    3.1660000E+00    1.1331938E+02    2.0786493E+01
    3.1700000E+00    1.1342003E+02    2.0786483E+01
    3.1740000E+00    1.1352038E+02    2.0786474E+01
    3.1780000E+00    1.1362043E+02    2.0786464E+01
    3.1820000E+00    1.1372017E+02    2.0786454E+01
    3.1860000E+00    1.1381960E+02    2.0786445E+01
    3.1900000E+00    1.1391872E+02    2.0786435E+01
    3.1940000E+00    1.1401753E+02    2.0786426E+01
    3.1980000E+00    1.1411602E+02    2.0786416E+01
    3.2020000E+00    1.1421420E+02    2.0786407E+01
    3.2060000E+00    1.1431205E+02    2.0786397E+01
    3.2100000E+00    1.1440959E+02    2.0786388E+01
    3.2140000E+00    1.1450680E+02    2.0786379E+01
    3.2180000E+00    1.1460368E+02    2.0786370E+01
    3.2220000E+00    1.1470024E+02    2.0786360E+01
    3.2260000E+00    1.1479647E+02    2.0786351E+01
    3.2300000E+00    1.1489237E+02    2.0786342E+01
    3.2340000E+00    1.1498793E+02    2.0786333E+01
    3.2380000E+00    1.1508316E+02    2.0786324E+01
    3.2420000E+00    1.1517805E+02    2.0786316E+01
    3.2460000E+00    1.1527260E+02    2.0786307E+01
    3.2500000E+00    1.1536680E+02    2.0786298E+01
    3.2540000E+00    1.1546067E+02    2.0786289E+01
    3.2580000E+00    1.1555419E+02    2.0786281E+01
    3.2620000E+00    1.1564736E+02    2.0786272E+01
    3.2660000E+00    1.1574018E+02    2.0786264E+01
    3.2700000E+00    1.1583265E+02    2.0786255E+01
    3.2740000E+00    1.1592476E+02    2.0786247E+01
    3.2780000E+00    1.1601652E+02    2.0786238E+01
    3.2820000E+00    1.1610792E+02    2.0786230E+01
    3.2860000E+00    1.1619896E+02    2.0786222E+01
    3.2900000E+00    1.1628964E+02    2.0786214E+01
    3.2940000E+00    1.1637996E+02    2.0786205E+01
    3.2980000E+00    1.1646990E+02    2.0786197E+01
    3.3020000E+00    1.1655948E+02    2.0786189E+01
    3.3060000E+00    1.1664869E+02    2.0786181E+01
    3.3100000E+00    1.1673753E+02    2.0786173E+01
    3.3140000E+00    1.1682599E+02    2.0786165E+01
    3.3180000E+00    1.1691408E+02    2.0786158E+01
    3.3220000E+00    1.1700179E+02    2.0786150E+01
    3.3260000E+00    1.1708912E+02    2.0786142E+01
    3.3300000E+00    1.1717606E+02    2.0786134E+01
    3.3340000E+00    1.1726262E+02    2.0786127E+01
    3.3380000E+00    1.1734880E+02    2.0786119E+01
    3.3420000E+00    1.1743458E+02    2.0786112E+01
    3.3460000E+00    1.1751998E+02    2.0786104E+01
    3.3500000E+00    1.1760498E+02    2.0786097E+01
    3.3540000E+00    1.1768959E+02    2.0786089E+01
    3.3580000E+00    1.1777380E+02    2.0786082E+01
    3.3620000E+00    1.1785761E+02    2.0786075E+01
    3.3660000E+00    1.1794103E+02    2.0786068E+01
    3.3700000E+00    1.1802404E+02    2.0786060E+01
    3.3740000E+00    1.1810664E+02    2.0786053E+01
    3.3780000E+00    1.1818884E+02    2.0786046E+01
    3.3820000E+00    1.1827063E+02    2.0786039E+01
    3.3860000E+00    1.1835201E+02    2.0786032E+01
    3.3900000E+00    1.1843298E+02    2.0786025E+01
    3.3940000E+00    1.1851353E+02    2.0786019E+01
    3.3980000E+00    1.1859367E+02    2.0786012E+01
    3.4020000E+00    1.1867339E+02    2.0786005E+01
    3.4060000E+00    1.1875269E+02    2.0785998E+01
    3.4100000E+00    1.1883156E+02    2.0785992E+01
    3.4140000E+00    1.1891001E+02    2.0785985E+01
    3.4180000E+00    1.1898804E+02    2.0785978E+01
    3.4220000E+00    1.1906564E+02    2.0785972E+01
    3.4260000E+00    1.1914280E+02    2.0785965E+01
    3.4300000E+00    1.1921954E+02    2.0785959E+01
    3.4340000E+00    1.1929584E+02    2.0785953E+01
    3.4380000E+00    1.1937171E+02    2.0785946E+01
    3.4420000E+00    1.1944713E+02    2.0785940E+01
    3.4460000E+00    1.1952212E+02    2.0785934E+01
    3.4500000E+00    1.1959667E+02    2.0785928E+01
    3.4540000E+00    1.1967077E+02    2.0785922E+01
    3.4580000E+00    1.1974443E+02    2.0785916E+01
    3.4620000E+00    1.1981764E+02    2.0785909E+01
    3.4660000E+00    1.1989040E+02    2.0785904E+01
    3.4700000E+00    1.1996271E+02    2.0785898E+01
    3.4740000E+00    1.2003457E+02    2.0785892E+01
    3.4780000E+00    1.2010597E+02    2.0785886E+01
    3.4820000E+00    1.2017692E+02    2.0785880E+01
    3.4860000E+00    1.2024741E+02    2.0785874E+01
    3.4900000E+00    1.2031744E+02    2.0785869E+01
    3.4940000E+00    1.2038701E+02    2.0785863E+01
    3.4980000E+00    1.2045611E+02    2.0785857E+01
    3.5020000E+00    1.2052474E+02    2.0785852E+01
    3.5060000E+00    1.2059291E+02    2.0785846E+01
    3.5100000E+00    1.2066061E+02    2.0785841E+01
    3.5140000E+00    1.2072784E+02    2.0785836E+01
    3.5180000E+00    1.2079460E+02    2.0785830E+01
    3.5220000E+00    1.2086088E+02    2.0785825E+01
    3.5260000E+00    1.2092669E+02    2.0785820E+01
    3.5300000E+00    1.2099202E+02    2.0785814E+01
    3.5340000E+00    1.2105686E+02    2.0785809E+01
    3.5380000E+00    1.2112123E+02    2.0785804E+01
    3.5420000E+00    1.2118511E+02    2.0785799E+01
    3.5460000E+00    1.2124851E+02    2.0785794E+01
    3.5500000E+00    1.2131142E+02    2.0785789E+01
    3.5540000E+00    1.2137384E+02    2.0785784E+01
    3.5580000E+00    1.2143578E+02    2.0785779E+01
    3.5620000E+00    1.2149722E+02    2.0785775E+01
    3.5660000E+00    1.2155817E+02    2.0785770E+01
    3.5700000E+00    1.2161862E+02    2.0785765E+01
    3.5740000E+00    1.2167857E+02    2.0785760E+01
    3.5780000E+00    1.2173803E+02    2.0785756E+01
    3.5820000E+00    1.2179699E+02    2.0785751E+01
    3.5860000E+00    1.2185544E+02    2.0785747E+01
    3.5900000E+00    1.2191339E+02    2.0785742E+01
    3.5940000E+00    1.2197084E+02    2.0785738E+01
    3.5980000E+00    1.2202778E+02    2.0785733E+01
    3.6020000E+00    1.2208421E+02    2.0785729E+01
    3.6060000E+00    1.2214014E+02    2.0785724E+01
    3.6100000E+00    1.2219555E+02    2.0785720E+01
    3.6140000E+00    1.2225045E+02    2.0785716E+01
    3.6180000E+00    1.2230483E+02    2.0785712E+01
    3.6220000E+00    1.2235870E+02    2.0785708E+01
    3.6260000E+00    1.2241205E+02    2.0785704E+01
    3.6300000E+00    1.2246489E+02    2.0785699E+01
    3.6340000E+00    1.2251720E+02    2.0785695E+01
    3.6380000E+00    1.2256899E+02    2.0785692E+01
    3.6420000E+00    1.2262026E+02    2.0785688E+01
    3.6460000E+00    1.2267100E+02    2.0785684E+01
    3.6500000E+00    1.2272122E+02    2.0785680E+01
    3.6540000E+00    1.2277091E+02    2.0785676E+01
    3.6580000E+00    1.2282007E+02    2.0785672E+01
    3.6620000E+00    1.2286870E+02    2.0785669E+01
    3.6660000E+00    1.2291680E+02    2.0785665E+01
    3.6700000E+00    1.2296436E+02    2.0785661E+01
    3.6740000E+00    1.2301139E+02    2.0785658E+01
    3.6780000E+00    1.2305789E+02    2.0785654E+01
    3.6820000E+00    1.2310385E+02    2.0785651E+01
    3.6860000E+00    1.2314927E+02    2.0785648E+01
    3.6900000E+00    1.2319415E+02    2.0785644E+01
    3.6940000E+00    1.2323848E+02    2.0785641E+01
    3.6980000E+00    1.2328228E+02    2.0785638E+01
    3.7020000E+00    1.2332553E+02    2.0785634E+01
    3.7060000E+00    1.2336824E+02    2.0785631E+01
    3.7100000E+00    1.2341040E+02    2.0785628E+01
    3.7140000E+00    1.2345202E+02    2.0785625E+01
    3.7180000E+00    1.2349308E+02    2.0785622E+01
    3.7220000E+00    1.2353360E+02    2.0785619E+01
    3.7260000E+00    1.2357356E+02    2.0785616E+01
    3.7300000E+00    1.2361298E+02    2.0785613E+01
    3.7340000E+00    1.2365184E+02    2.0785610E+01
    3.7380000E+00    1.2369014E+02    2.0785607E+01
    3.7420000E+00    1.2372789E+02    2.0785604E+01
    3.7460000E+00    1.2376508E+02    2.0785602E+01
    3.7500000E+00    1.2380172E+02    2.0785599E+01
    3.7540000E+00    1.2383780E+02    2.0785596E+01
    3.7580000E+00    1.2387331E+02    2.0785594E+01
    3.7620000E+00    1.2390827E+02    2.0785591E+01
    3.7660000E+00    1.2394266E+02    2.0785588E+01
    3.7700000E+00    1.2397649E+02    2.0785586E+01
    3.7740000E+00    1.2400976E+02    2.0785584E+01
    3.7780000E+00    1.2404246E+02    2.0785581E+01
    3.7820000E+00    1.2407460E+02    2.0785579E+01
    3.7860000E+00    1.2410617E+02    2.0785576E+01
    3.7900000E+00    1.2413717E+02    2.0785574E+01
    3.7940000E+00    1.2416760E+02    2.0785572E+01
    3.7980000E+00    1.2419746E+02    2.0785570E+01
    3.8020000E+00    1.2422675E+02    2.0785568E+01
    3.8060000E+00    1.2425547E+02    2.0785566E+01
    3.8100000E+00    1.2428362E+02    2.0785563E+01
    3.8140000E+00    1.2431120E+02    2.0785561E+01
    3.8180000E+00    1.2433820E+02    2.0785559E+01
    3.8220000E+00    1.2436463E+02    2.0785558E+01
    3.8260000E+00    1.2439048E+02    2.0785556E+01
    3.8300000E+00    1.2441575E+02    2.0785554E+01
    3.8340000E+00    1.2444045E+02    2.0785552E+01
    3.8380000E+00    1.2446457E+02    2.0785550E+01
    3.8420000E+00    1.2448811E+02    2.0785549E+01
    3.8460000E+00    1.2451107E+02    2.0785547E+01
    3.8500000E+00    1.2453345E+02    2.0785545E+01
    3.8540000E+00    1.2455525E+02    2.0785544E+01
    3.8580000E+00    1.2457647E+02    2.0785542E+01
    3.8620000E+00    1.2459711E+02    2.0785541E+01
    3.8660000E+00    1.2461716E+02    2.0785539E+01
    3.8700000E+00    1.2463664E+02    2.0785538E+01
    3.8740000E+00    1.2465552E+02    2.0785536E+01
    3.8780000E+00    1.2467383E+02    2.0785535E+01
    3.8820000E+00    1.2469155E+02    2.0785534E+01
    3.8860000E+00    1.2470868E+02    2.0785533E+01
    3.8900000E+00    1.2472523E+02    2.0785531E+01
    3.8940000E+00    1.2474119E+02    2.0785530E+01
    3.8980000E+00    1.2475656E+02    2.0785529E+01
    3.9020000E+00    1.2477135E+02    2.0785528E+01
    3.9060000E+00    1.2478554E+02    2.0785527E+01
    3.9100000E+00    1.2479915E+02    2.0785526E+01
    3.9140000E+00    1.2481218E+02    2.0785525E+01
    3.9180000E+00    1.2482461E+02    2.0785524E+01
    3.9220000E+00    1.2483645E+02    2.0785523E+01
    3.9260000E+00    1.2484770E+02    2.0785523E+01
    3.9300000E+00    1.2485837E+02    2.0785522E+01
    3.9340000E+00    1.2486844E+02    2.0785521E+01
    3.9380000E+00    1.2487792E+02    2.0785520E+01
    3.9420000E+00    1.2488681E+02    2.0785520E+01
    3.9460000E+00    1.2489511E+02    2.0785519E+01
    3.9500000E+00    1.2490281E+02    2.0785519E+01
    3.9540000E+00    1.2490993E+02    2.0785518E+01
    3.9580000E+00    1.2491645E+02    2.0785518E+01
    3.9620000E+00    1.2492238E+02    2.0785517E+01
    3.9660000E+00    1.2492772E+02    2.0785517E+01
    3.9700000E+00    1.2493246E+02    2.0785516E+01
    3.9740000E+00    1.2493662E+02    2.0785516E+01
    3.9780000E+00    1.2494018E+02    2.0785516E+01
    3.9820000E+00    1.2494314E+02    2.0785516E+01
    3.9860000E+00    1.2494551E+02    2.0785516E+01
    3.9900000E+00    1.2494729E+02    2.0785515E+01
    3.9940000E+00    1.2494848E+02    2.0785515E+01
    3.9980000E+00    1.2494907E+02    2.0785515E+01
