# Time          5.0000E+01
# Units: Permil
    Distance        SO4--            SO164--         
    2.0000000E-03    2.1035252E+01    8.7501090E+00
    6.0000000E-03    2.1105546E+01    8.8925870E+00
    1.0000000E-02    2.1175742E+01    9.0336111E+00
    1.4000000E-02    2.1245838E+01    9.1731936E+00
    1.8000000E-02    2.1315835E+01    9.3113469E+00
    2.2000000E-02    2.1385733E+01    9.4480833E+00
    2.6000000E-02    2.1455532E+01    9.5834148E+00
    3.0000000E-02    2.1525232E+01    9.7173536E+00
    3.4000000E-02    2.1594832E+01    9.8499118E+00
    3.8000000E-02    2.1664334E+01    9.9811011E+00
    4.2000000E-02    2.1733736E+01    1.0110934E+01
    4.6000000E-02    2.1803039E+01    1.0239421E+01
    5.0000000E-02    2.1872243E+01    1.0366575E+01
    5.4000000E-02    2.1941348E+01    1.0492406E+01
    5.8000000E-02    2.2010353E+01    1.0616928E+01
    6.2000000E-02    2.2079259E+01    1.0740150E+01
    6.6000000E-02    2.2148066E+01    1.0862085E+01
    7.0000000E-02    2.2216773E+01    1.0982744E+01
    7.4000000E-02    2.2285382E+01    1.1102138E+01
    7.8000000E-02    2.2353891E+01    1.1220278E+01
    8.2000000E-02    2.2422301E+01    1.1337175E+01
    8.6000000E-02    2.2490611E+01    1.1452840E+01
    9.0000000E-02    2.2558822E+01    1.1567284E+01
    9.4000000E-02    2.2626934E+01    1.1680517E+01
    9.8000000E-02    2.2694947E+01    1.1792552E+01
    1.0200000E-01    2.2762860E+01    1.1903397E+01
    1.0600000E-01    2.2830674E+01    1.2013065E+01
    1.1000000E-01    2.2898389E+01    1.2121565E+01
    1.1400000E-01    2.2966004E+01    1.2228907E+01
    1.1800000E-01    2.3033520E+01    1.2335103E+01
    1.2200000E-01    2.3100937E+01    1.2440162E+01
    1.2600000E-01    2.3168254E+01    1.2544095E+01
    1.3000000E-01    2.3235473E+01    1.2646912E+01
    1.3400000E-01    2.3302591E+01    1.2748623E+01
    1.3800000E-01    2.3369611E+01    1.2849238E+01
    1.4200000E-01    2.3436532E+01    1.2948767E+01
    1.4600000E-01    2.3503353E+01    1.3047219E+01
    1.5000000E-01    2.3570074E+01    1.3144605E+01
    1.5400000E-01    2.3636697E+01    1.3240934E+01
    1.5800000E-01    2.3703220E+01    1.3336216E+01
    1.6200000E-01    2.3769645E+01    1.3430461E+01
    1.6600000E-01    2.3835970E+01    1.3523678E+01
    1.7000000E-01    2.3902195E+01    1.3615876E+01
    1.7400000E-01    2.3968322E+01    1.3707065E+01
    1.7800000E-01    2.4034349E+01    1.3797254E+01
    1.8200000E-01    2.4100277E+01    1.3886453E+01
    1.8600000E-01    2.4166106E+01    1.3974670E+01
    1.9000000E-01    2.4231836E+01    1.4061915E+01
    1.9400000E-01    2.4297467E+01    1.4148197E+01
    1.9800000E-01    2.4362999E+01    1.4233524E+01
    2.0200000E-01    2.4428431E+01    1.4317906E+01
    2.0600000E-01    2.4493765E+01    1.4401351E+01
    2.1000000E-01    2.4558999E+01    1.4483869E+01
    2.1400000E-01    2.4624134E+01    1.4565467E+01
    2.1800000E-01    2.4689171E+01    1.4646155E+01
    2.2200000E-01    2.4754108E+01    1.4725941E+01
    2.2600000E-01    2.4818947E+01    1.4804833E+01
    2.3000000E-01    2.4883686E+01    1.4882841E+01
    2.3400000E-01    2.4948326E+01    1.4959972E+01
    2.3800000E-01    2.5012868E+01    1.5036235E+01
    2.4200000E-01    2.5077311E+01    1.5111638E+01
    2.4600000E-01    2.5141655E+01    1.5186190E+01
    2.5000000E-01    2.5205900E+01    1.5259897E+01
    2.5400000E-01    2.5270046E+01    1.5332769E+01
    2.5800000E-01    2.5334093E+01    1.5404814E+01
    2.6200000E-01    2.5398042E+01    1.5476039E+01
    2.6600000E-01    2.5461892E+01    1.5546452E+01
    2.7000000E-01    2.5525643E+01    1.5616061E+01
    2.7400000E-01    2.5589296E+01    1.5684875E+01
    2.7800000E-01    2.5652850E+01    1.5752899E+01
    2.8200000E-01    2.5716305E+01    1.5820143E+01
    2.8600000E-01    2.5779662E+01    1.5886614E+01
    2.9000000E-01    2.5842920E+01    1.5952320E+01
    2.9400000E-01    2.5906080E+01    1.6017266E+01
    2.9800000E-01    2.5969141E+01    1.6081463E+01
    3.0200000E-01    2.6032104E+01    1.6144916E+01
    3.0600000E-01    2.6094969E+01    1.6207632E+01
    3.1000000E-01    2.6157735E+01    1.6269620E+01
    3.1400000E-01    2.6220403E+01    1.6330886E+01
    3.1800000E-01    2.6282972E+01    1.6391438E+01
    3.2200000E-01    2.6345443E+01    1.6451282E+01
    3.2600000E-01    2.6407816E+01    1.6510425E+01
    3.3000000E-01    2.6470091E+01    1.6568875E+01
    3.3400000E-01    2.6532268E+01    1.6626638E+01
    3.3800000E-01    2.6594346E+01    1.6683722E+01
    3.4200000E-01    2.6656326E+01    1.6740132E+01
    3.4600000E-01    2.6718209E+01    1.6795876E+01
    3.5000000E-01    2.6779993E+01    1.6850961E+01
    3.5400000E-01    2.6841680E+01    1.6905392E+01
    3.5800000E-01    2.6903269E+01    1.6959178E+01
    3.6200000E-01    2.6964759E+01    1.7012323E+01
    3.6600000E-01    2.7026152E+01    1.7064835E+01
    3.7000000E-01    2.7087448E+01    1.7116720E+01
    3.7400000E-01    2.7148645E+01    1.7167984E+01
    3.7800000E-01    2.7209745E+01    1.7218634E+01
    3.8200000E-01    2.7270747E+01    1.7268676E+01
    3.8600000E-01    2.7331652E+01    1.7318117E+01
    3.9000000E-01    2.7392459E+01    1.7366961E+01
    3.9400000E-01    2.7453168E+01    1.7415216E+01
    3.9800000E-01    2.7513781E+01    1.7462887E+01
    4.0200000E-01    2.7574295E+01    1.7509981E+01
    4.0600000E-01    2.7634713E+01    1.7556503E+01
    4.1000000E-01    2.7695033E+01    1.7602460E+01
    4.1400000E-01    2.7755256E+01    1.7647857E+01
    4.1800000E-01    2.7815382E+01    1.7692700E+01
    4.2200000E-01    2.7875410E+01    1.7736994E+01
    4.2600000E-01    2.7935342E+01    1.7780746E+01
    4.3000000E-01    2.7995177E+01    1.7823962E+01
    4.3400000E-01    2.8054914E+01    1.7866646E+01
    4.3800000E-01    2.8114555E+01    1.7908804E+01
    4.4200000E-01    2.8174099E+01    1.7950442E+01
    4.4600000E-01    2.8233546E+01    1.7991566E+01
    4.5000000E-01    2.8292896E+01    1.8032180E+01
    4.5400000E-01    2.8352150E+01    1.8072290E+01
    4.5800000E-01    2.8411307E+01    1.8111902E+01
    4.6200000E-01    2.8470367E+01    1.8151021E+01
    4.6600000E-01    2.8529331E+01    1.8189652E+01
    4.7000000E-01    2.8588199E+01    1.8227799E+01
    4.7400000E-01    2.8646970E+01    1.8265470E+01
    4.7800000E-01    2.8705645E+01    1.8302667E+01
    4.8200000E-01    2.8764223E+01    1.8339397E+01
    4.8600000E-01    2.8822705E+01    1.8375665E+01
    4.9000000E-01    2.8881092E+01    1.8411476E+01
    4.9400000E-01    2.8939382E+01    1.8446833E+01
    4.9800000E-01    2.8997576E+01    1.8481743E+01
    5.0200000E-01    2.9055674E+01    1.8516211E+01
    5.0600000E-01    2.9113676E+01    1.8550240E+01
    5.1000000E-01    2.9171582E+01    1.8583836E+01
    5.1400000E-01    2.9229393E+01    1.8617004E+01
    5.1800000E-01    2.9287108E+01    1.8649747E+01
    5.2200000E-01    2.9344727E+01    1.8682072E+01
    5.2600000E-01    2.9402251E+01    1.8713982E+01
    5.3000000E-01    2.9459679E+01    1.8745482E+01
    5.3400000E-01    2.9517012E+01    1.8776576E+01
    5.3800000E-01    2.9574250E+01    1.8807269E+01
    5.4200000E-01    2.9631392E+01    1.8837566E+01
    5.4600000E-01    2.9688439E+01    1.8867471E+01
    5.5000000E-01    2.9745390E+01    1.8896987E+01
    5.5400000E-01    2.9802247E+01    1.8926120E+01
    5.5800000E-01    2.9859009E+01    1.8954874E+01
    5.6200000E-01    2.9915676E+01    1.8983253E+01
    5.6600000E-01    2.9972247E+01    1.9011261E+01
    5.7000000E-01    3.0028725E+01    1.9038902E+01
    5.7400000E-01    3.0085107E+01    1.9066181E+01
    5.7800000E-01    3.0141395E+01    1.9093101E+01
    5.8200000E-01    3.0197588E+01    1.9119667E+01
    5.8600000E-01    3.0253686E+01    1.9145882E+01
    5.9000000E-01    3.0309691E+01    1.9171751E+01
    5.9400000E-01    3.0365600E+01    1.9197277E+01
    5.9800000E-01    3.0421416E+01    1.9222465E+01
    6.0200000E-01    3.0477137E+01    1.9247318E+01
    6.0600000E-01    3.0532764E+01    1.9271840E+01
    6.1000000E-01    3.0588298E+01    1.9296035E+01
    6.1400000E-01    3.0643737E+01    1.9319907E+01
    6.1800000E-01    3.0699082E+01    1.9343459E+01
    6.2200000E-01    3.0754334E+01    1.9366695E+01
    6.2600000E-01    3.0809491E+01    1.9389619E+01
    6.3000000E-01    3.0864555E+01    1.9412234E+01
    6.3400000E-01    3.0919526E+01    1.9434543E+01
    6.3800000E-01    3.0974403E+01    1.9456552E+01
    6.4200000E-01    3.1029187E+01    1.9478262E+01
    6.4600000E-01    3.1083877E+01    1.9499678E+01
    6.5000000E-01    3.1138474E+01    1.9520802E+01
    6.5400000E-01    3.1192978E+01    1.9541639E+01
    6.5800000E-01    3.1247388E+01    1.9562192E+01
    6.6200000E-01    3.1301706E+01    1.9582463E+01
    6.6600000E-01    3.1355931E+01    1.9602457E+01
    6.7000000E-01    3.1410063E+01    1.9622176E+01
    6.7400000E-01    3.1464102E+01    1.9641625E+01
    6.7800000E-01    3.1518048E+01    1.9660805E+01
    6.8200000E-01    3.1571902E+01    1.9679721E+01
    6.8600000E-01    3.1625663E+01    1.9698375E+01
    6.9000000E-01    3.1679332E+01    1.9716771E+01
    6.9400000E-01    3.1732909E+01    1.9734911E+01
    6.9800000E-01    3.1786393E+01    1.9752799E+01
    7.0200000E-01    3.1839785E+01    1.9770438E+01
    7.0600000E-01    3.1893085E+01    1.9787831E+01
    7.1000000E-01    3.1946293E+01    1.9804980E+01
    7.1400000E-01    3.1999410E+01    1.9821889E+01
    7.1800000E-01    3.2052434E+01    1.9838561E+01
    7.2200000E-01    3.2105367E+01    1.9854998E+01
    7.2600000E-01    3.2158208E+01    1.9871204E+01
    7.3000000E-01    3.2210957E+01    1.9887181E+01
    7.3400000E-01    3.2263615E+01    1.9902931E+01
    7.3800000E-01    3.2316181E+01    1.9918459E+01
    7.4200000E-01    3.2368657E+01    1.9933766E+01
    7.4600000E-01    3.2421041E+01    1.9948855E+01
    7.5000000E-01    3.2473334E+01    1.9963729E+01
    7.5400000E-01    3.2525536E+01    1.9978391E+01
    7.5800000E-01    3.2577647E+01    1.9992843E+01
    7.6200000E-01    3.2629667E+01    2.0007087E+01
    7.6600000E-01    3.2681596E+01    2.0021128E+01
    7.7000000E-01    3.2733435E+01    2.0034966E+01
    7.7400000E-01    3.2785184E+01    2.0048604E+01
    7.7800000E-01    3.2836841E+01    2.0062046E+01
    7.8200000E-01    3.2888409E+01    2.0075293E+01
    7.8600000E-01    3.2939886E+01    2.0088348E+01
    7.9000000E-01    3.2991273E+01    2.0101213E+01
    7.9400000E-01    3.3042570E+01    2.0113891E+01
    7.9800000E-01    3.3093777E+01    2.0126384E+01
    8.0200000E-01    3.3144894E+01    2.0138695E+01
    8.0600000E-01    3.3195921E+01    2.0150825E+01
    8.1000000E-01    3.3246859E+01    2.0162778E+01
    8.1400000E-01    3.3297707E+01    2.0174554E+01
    8.1800000E-01    3.3348465E+01    2.0186158E+01
    8.2200000E-01    3.3399134E+01    2.0197590E+01
    8.2600000E-01    3.3449714E+01    2.0208853E+01
    8.3000000E-01    3.3500204E+01    2.0219950E+01
    8.3400000E-01    3.3550605E+01    2.0230882E+01
    8.3800000E-01    3.3600918E+01    2.0241651E+01
    8.4200000E-01    3.3651141E+01    2.0252261E+01
    8.4600000E-01    3.3701276E+01    2.0262711E+01
    8.5000000E-01    3.3751322E+01    2.0273006E+01
    8.5400000E-01    3.3801279E+01    2.0283146E+01
    8.5800000E-01    3.3851148E+01    2.0293135E+01
    8.6200000E-01    3.3900928E+01    2.0302973E+01
    8.6600000E-01    3.3950620E+01    2.0312663E+01
    8.7000000E-01    3.4000223E+01    2.0322207E+01
    8.7400000E-01    3.4049739E+01    2.0331606E+01
    8.7800000E-01    3.4099167E+01    2.0340863E+01
    8.8200000E-01    3.4148506E+01    2.0349980E+01
    8.8600000E-01    3.4197758E+01    2.0358958E+01
    8.9000000E-01    3.4246922E+01    2.0367799E+01
    8.9400000E-01    3.4295999E+01    2.0376505E+01
    8.9800000E-01    3.4344988E+01    2.0385078E+01
    9.0200000E-01    3.4393889E+01    2.0393520E+01
    9.0600000E-01    3.4442703E+01    2.0401833E+01
    9.1000000E-01    3.4491430E+01    2.0410017E+01
    9.1400000E-01    3.4540070E+01    2.0418076E+01
    9.1800000E-01    3.4588623E+01    2.0426010E+01
    9.2200000E-01    3.4637089E+01    2.0433821E+01
    9.2600000E-01    3.4685469E+01    2.0441511E+01
    9.3000000E-01    3.4733761E+01    2.0449082E+01
    9.3400000E-01    3.4781967E+01    2.0456536E+01
    9.3800000E-01    3.4830086E+01    2.0463873E+01
    9.4200000E-01    3.4878120E+01    2.0471095E+01
    9.4600000E-01    3.4926066E+01    2.0478205E+01
    9.5000000E-01    3.4973927E+01    2.0485203E+01
    9.5400000E-01    3.5021702E+01    2.0492092E+01
    9.5800000E-01    3.5069390E+01    2.0498872E+01
    9.6200000E-01    3.5116993E+01    2.0505545E+01
    9.6600000E-01    3.5164510E+01    2.0512113E+01
    9.7000000E-01    3.5211942E+01    2.0518578E+01
    9.7400000E-01    3.5259288E+01    2.0524939E+01
    9.7800000E-01    3.5306548E+01    2.0531200E+01
    9.8200000E-01    3.5353723E+01    2.0537362E+01
    9.8600000E-01    3.5400813E+01    2.0543425E+01
    9.9000000E-01    3.5447818E+01    2.0549391E+01
    9.9400000E-01    3.5494738E+01    2.0555262E+01
    9.9800000E-01    3.5541573E+01    2.0561039E+01
    1.0020000E+00    3.5588324E+01    2.0566724E+01
    1.0060000E+00    3.5634989E+01    2.0572317E+01
    1.0100000E+00    3.5681570E+01    2.0577820E+01
    1.0140000E+00    3.5728067E+01    2.0583234E+01
    1.0180000E+00    3.5774479E+01    2.0588560E+01
    1.0220000E+00    3.5820807E+01    2.0593801E+01
    1.0260000E+00    3.5867051E+01    2.0598956E+01
    1.0300000E+00    3.5913211E+01    2.0604028E+01
    1.0340000E+00    3.5959287E+01    2.0609017E+01
    1.0380000E+00    3.6005280E+01    2.0613925E+01
    1.0420000E+00    3.6051188E+01    2.0618752E+01
    1.0460000E+00    3.6097013E+01    2.0623501E+01
    1.0500000E+00    3.6142755E+01    2.0628172E+01
    1.0540000E+00    3.6188413E+01    2.0632766E+01
    1.0580000E+00    3.6233988E+01    2.0637284E+01
    1.0620000E+00    3.6279480E+01    2.0641729E+01
    1.0660000E+00    3.6324889E+01    2.0646099E+01
    1.0700000E+00    3.6370215E+01    2.0650398E+01
    1.0740000E+00    3.6415458E+01    2.0654625E+01
    1.0780000E+00    3.6460619E+01    2.0658782E+01
    1.0820000E+00    3.6505697E+01    2.0662870E+01
    1.0860000E+00    3.6550692E+01    2.0666890E+01
    1.0900000E+00    3.6595606E+01    2.0670843E+01
    1.0940000E+00    3.6640437E+01    2.0674730E+01
    1.0980000E+00    3.6685185E+01    2.0678551E+01
    1.1020000E+00    3.6729852E+01    2.0682309E+01
    1.1060000E+00    3.6774437E+01    2.0686004E+01
    1.1100000E+00    3.6818941E+01    2.0689636E+01
    1.1140000E+00    3.6863362E+01    2.0693208E+01
    1.1180000E+00    3.6907702E+01    2.0696719E+01
    1.1220000E+00    3.6951961E+01    2.0700170E+01
    1.1260000E+00    3.6996138E+01    2.0703564E+01
    1.1300000E+00    3.7040235E+01    2.0706899E+01
    1.1340000E+00    3.7084250E+01    2.0710178E+01
    1.1380000E+00    3.7128184E+01    2.0713402E+01
    1.1420000E+00    3.7172037E+01    2.0716570E+01
    1.1460000E+00    3.7215809E+01    2.0719684E+01
    1.1500000E+00    3.7259501E+01    2.0722745E+01
    1.1540000E+00    3.7303113E+01    2.0725754E+01
    1.1580000E+00    3.7346644E+01    2.0728711E+01
    1.1620000E+00    3.7390094E+01    2.0731617E+01
    1.1660000E+00    3.7433465E+01    2.0734473E+01
    1.1700000E+00    3.7476756E+01    2.0737280E+01
    1.1740000E+00    3.7519966E+01    2.0740039E+01
    1.1780000E+00    3.7563097E+01    2.0742750E+01
    1.1820000E+00    3.7606148E+01    2.0745414E+01
    1.1860000E+00    3.7649119E+01    2.0748032E+01
    1.1900000E+00    3.7692012E+01    2.0750604E+01
    1.1940000E+00    3.7734824E+01    2.0753132E+01
    1.1980000E+00    3.7777558E+01    2.0755615E+01
    1.2020000E+00    3.7820212E+01    2.0758056E+01
    1.2060000E+00    3.7862787E+01    2.0760453E+01
    1.2100000E+00    3.7905284E+01    2.0762809E+01
    1.2140000E+00    3.7947701E+01    2.0765124E+01
    1.2180000E+00    3.7990040E+01    2.0767398E+01
    1.2220000E+00    3.8032301E+01    2.0769632E+01
    1.2260000E+00    3.8074483E+01    2.0771827E+01
    1.2300000E+00    3.8116587E+01    2.0773983E+01
    1.2340000E+00    3.8158612E+01    2.0776101E+01
    1.2380000E+00    3.8200560E+01    2.0778182E+01
    1.2420000E+00    3.8242430E+01    2.0780226E+01
    1.2460000E+00    3.8284221E+01    2.0782234E+01
    1.2500000E+00    3.8325936E+01    2.0784206E+01
    1.2540000E+00    3.8367572E+01    2.0786143E+01
    1.2580000E+00    3.8409131E+01    2.0788046E+01
    1.2620000E+00    3.8450613E+01    2.0789915E+01
    1.2660000E+00    3.8492017E+01    2.0791751E+01
    1.2700000E+00    3.8533344E+01    2.0793554E+01
    1.2740000E+00    3.8574595E+01    2.0795324E+01
    1.2780000E+00    3.8615768E+01    2.0797064E+01
    1.2820000E+00    3.8656865E+01    2.0798772E+01
    1.2860000E+00    3.8697885E+01    2.0800449E+01
    1.2900000E+00    3.8738828E+01    2.0802097E+01
    1.2940000E+00    3.8779695E+01    2.0803714E+01
    1.2980000E+00    3.8820486E+01    2.0805303E+01
    1.3020000E+00    3.8861201E+01    2.0806863E+01
    1.3060000E+00    3.8901840E+01    2.0808395E+01
    1.3100000E+00    3.8942402E+01    2.0809900E+01
    1.3140000E+00    3.8982889E+01    2.0811377E+01
    1.3180000E+00    3.9023300E+01    2.0812828E+01
    1.3220000E+00    3.9063636E+01    2.0814253E+01
    1.3260000E+00    3.9103896E+01    2.0815651E+01
    1.3300000E+00    3.9144081E+01    2.0817025E+01
    1.3340000E+00    3.9184190E+01    2.0818373E+01
    1.3380000E+00    3.9224225E+01    2.0819697E+01
    1.3420000E+00    3.9264185E+01    2.0820997E+01
    1.3460000E+00    3.9304069E+01    2.0822274E+01
    1.3500000E+00    3.9343879E+01    2.0823527E+01
    1.3540000E+00    3.9383615E+01    2.0824758E+01
    1.3580000E+00    3.9423275E+01    2.0825966E+01
    1.3620000E+00    3.9462862E+01    2.0827152E+01
    1.3660000E+00    3.9502374E+01    2.0828316E+01
    1.3700000E+00    3.9541812E+01    2.0829460E+01
    1.3740000E+00    3.9581176E+01    2.0830582E+01
    1.3780000E+00    3.9620466E+01    2.0831684E+01
    1.3820000E+00    3.9659683E+01    2.0832766E+01
    1.3860000E+00    3.9698826E+01    2.0833828E+01
    1.3900000E+00    3.9737895E+01    2.0834871E+01
    1.3940000E+00    3.9776891E+01    2.0835894E+01
    1.3980000E+00    3.9815813E+01    2.0836899E+01
    1.4020000E+00    3.9854663E+01    2.0837886E+01
    1.4060000E+00    3.9893439E+01    2.0838854E+01
    1.4100000E+00    3.9932142E+01    2.0839805E+01
    1.4140000E+00    3.9970773E+01    2.0840738E+01
    1.4180000E+00    4.0009331E+01    2.0841654E+01
    1.4220000E+00    4.0047816E+01    2.0842554E+01
    1.4260000E+00    4.0086229E+01    2.0843437E+01
    1.4300000E+00    4.0124570E+01    2.0844304E+01
    1.4340000E+00    4.0162838E+01    2.0845155E+01
    1.4380000E+00    4.0201034E+01    2.0845990E+01
    1.4420000E+00    4.0239158E+01    2.0846810E+01
    1.4460000E+00    4.0277211E+01    2.0847615E+01
    1.4500000E+00    4.0315192E+01    2.0848406E+01
    1.4540000E+00    4.0353101E+01    2.0849182E+01
    1.4580000E+00    4.0390939E+01    2.0849943E+01
    1.4620000E+00    4.0428705E+01    2.0850691E+01
    1.4660000E+00    4.0466400E+01    2.0851425E+01
    1.4700000E+00    4.0504024E+01    2.0852146E+01
    1.4740000E+00    4.0541577E+01    2.0852854E+01
    1.4780000E+00    4.0579059E+01    2.0853548E+01
    1.4820000E+00    4.0616470E+01    2.0854230E+01
    1.4860000E+00    4.0653811E+01    2.0854900E+01
    1.4900000E+00    4.0691081E+01    2.0855557E+01
    1.4940000E+00    4.0728281E+01    2.0856203E+01
    1.4980000E+00    4.0765411E+01    2.0856837E+01
    1.5020000E+00    4.0802470E+01    2.0857459E+01
    1.5060000E+00    4.0839459E+01    2.0858070E+01
    1.5100000E+00    4.0876379E+01    2.0858669E+01
    1.5140000E+00    4.0913229E+01    2.0859258E+01
    1.5180000E+00    4.0950009E+01    2.0859837E+01
    1.5220000E+00    4.0986719E+01    2.0860404E+01
    1.5260000E+00    4.1023360E+01    2.0860962E+01
    1.5300000E+00    4.1059932E+01    2.0861510E+01
    1.5340000E+00    4.1096435E+01    2.0862047E+01
    1.5380000E+00    4.1132868E+01    2.0862575E+01
    1.5420000E+00    4.1169233E+01    2.0863094E+01
    1.5460000E+00    4.1205529E+01    2.0863603E+01
    1.5500000E+00    4.1241756E+01    2.0864103E+01
    1.5540000E+00    4.1277915E+01    2.0864594E+01
    1.5580000E+00    4.1314005E+01    2.0865077E+01
    1.5620000E+00    4.1350027E+01    2.0865551E+01
    1.5660000E+00    4.1385980E+01    2.0866016E+01
    1.5700000E+00    4.1421866E+01    2.0866473E+01
    1.5740000E+00    4.1457684E+01    2.0866922E+01
    1.5780000E+00    4.1493433E+01    2.0867364E+01
    1.5820000E+00    4.1529116E+01    2.0867797E+01
    1.5860000E+00    4.1564730E+01    2.0868223E+01
    1.5900000E+00    4.1600277E+01    2.0868641E+01
    1.5940000E+00    4.1635757E+01    2.0869052E+01
    1.5980000E+00    4.1671169E+01    2.0869456E+01
    1.6020000E+00    4.1706514E+01    2.0869853E+01
    1.6060000E+00    4.1741793E+01    2.0870243E+01
    1.6100000E+00    4.1777004E+01    2.0870626E+01
    1.6140000E+00    4.1812149E+01    2.0871002E+01
    1.6180000E+00    4.1847227E+01    2.0871373E+01
    1.6220000E+00    4.1882239E+01    2.0871736E+01
    1.6260000E+00    4.1917184E+01    2.0872094E+01
    1.6300000E+00    4.1952063E+01    2.0872445E+01
    1.6340000E+00    4.1986876E+01    2.0872791E+01
    1.6380000E+00    4.2021623E+01    2.0873131E+01
    1.6420000E+00    4.2056304E+01    2.0873464E+01
    1.6460000E+00    4.2090919E+01    2.0873793E+01
    1.6500000E+00    4.2125469E+01    2.0874116E+01
    1.6540000E+00    4.2159953E+01    2.0874433E+01
    1.6580000E+00    4.2194371E+01    2.0874745E+01
    1.6620000E+00    4.2228725E+01    2.0875052E+01
    1.6660000E+00    4.2263013E+01    2.0875354E+01
    1.6700000E+00    4.2297236E+01    2.0875651E+01
    1.6740000E+00    4.2331395E+01    2.0875944E+01
    1.6780000E+00    4.2365488E+01    2.0876231E+01
    1.6820000E+00    4.2399517E+01    2.0876514E+01
    1.6860000E+00    4.2433481E+01    2.0876792E+01
    1.6900000E+00    4.2467381E+01    2.0877066E+01
    1.6940000E+00    4.2501216E+01    2.0877335E+01
    1.6980000E+00    4.2534988E+01    2.0877600E+01
    1.7020000E+00    4.2568695E+01    2.0877861E+01
    1.7060000E+00    4.2602338E+01    2.0878118E+01
    1.7100000E+00    4.2635918E+01    2.0878371E+01
    1.7140000E+00    4.2669434E+01    2.0878620E+01
    1.7180000E+00    4.2702886E+01    2.0878865E+01
    1.7220000E+00    4.2736275E+01    2.0879106E+01
    1.7260000E+00    4.2769600E+01    2.0879344E+01
    1.7300000E+00    4.2802863E+01    2.0879578E+01
    1.7340000E+00    4.2836062E+01    2.0879808E+01
    1.7380000E+00    4.2869198E+01    2.0880035E+01
    1.7420000E+00    4.2902271E+01    2.0880259E+01
    1.7460000E+00    4.2935282E+01    2.0880479E+01
    1.7500000E+00    4.2968230E+01    2.0880697E+01
    1.7540000E+00    4.3001116E+01    2.0880911E+01
    1.7580000E+00    4.3033939E+01    2.0881121E+01
    1.7620000E+00    4.3066700E+01    2.0881329E+01
    1.7660000E+00    4.3099399E+01    2.0881534E+01
    1.7700000E+00    4.3132036E+01    2.0881736E+01
    1.7740000E+00    4.3164611E+01    2.0881935E+01
    1.7780000E+00    4.3197124E+01    2.0882131E+01
    1.7820000E+00    4.3229576E+01    2.0882325E+01
    1.7860000E+00    4.3261966E+01    2.0882516E+01
    1.7900000E+00    4.3294294E+01    2.0882704E+01
    1.7940000E+00    4.3326562E+01    2.0882890E+01
    1.7980000E+00    4.3358768E+01    2.0883073E+01
    1.8020000E+00    4.3390913E+01    2.0883254E+01
    1.8060000E+00    4.3422998E+01    2.0883432E+01
    1.8100000E+00    4.3455021E+01    2.0883608E+01
    1.8140000E+00    4.3486984E+01    2.0883782E+01
    1.8180000E+00    4.3518887E+01    2.0883953E+01
    1.8220000E+00    4.3550729E+01    2.0884122E+01
    1.8260000E+00    4.3582511E+01    2.0884290E+01
    1.8300000E+00    4.3614232E+01    2.0884455E+01
    1.8340000E+00    4.3645894E+01    2.0884618E+01
    1.8380000E+00    4.3677495E+01    2.0884778E+01
    1.8420000E+00    4.3709037E+01    2.0884937E+01
    1.8460000E+00    4.3740519E+01    2.0885094E+01
    1.8500000E+00    4.3771942E+01    2.0885250E+01
    1.8540000E+00    4.3803305E+01    2.0885403E+01
    1.8580000E+00    4.3834608E+01    2.0885554E+01
    1.8620000E+00    4.3865853E+01    2.0885704E+01
    1.8660000E+00    4.3897038E+01    2.0885852E+01
    1.8700000E+00    4.3928165E+01    2.0885998E+01
    1.8740000E+00    4.3959233E+01    2.0886143E+01
    1.8780000E+00    4.3990242E+01    2.0886286E+01
    1.8820000E+00    4.4021192E+01    2.0886427E+01
    1.8860000E+00    4.4052084E+01    2.0886567E+01
    1.8900000E+00    4.4082918E+01    2.0886706E+01
    1.8940000E+00    4.4113693E+01    2.0886842E+01
    1.8980000E+00    4.4144410E+01    2.0886978E+01
    1.9020000E+00    4.4175070E+01    2.0887112E+01
    1.9060000E+00    4.4205671E+01    2.0887244E+01
    1.9100000E+00    4.4236215E+01    2.0887375E+01
    1.9140000E+00    4.4266701E+01    2.0887505E+01
    1.9180000E+00    4.4297129E+01    2.0887634E+01
    1.9220000E+00    4.4327500E+01    2.0887761E+01
    1.9260000E+00    4.4357814E+01    2.0887887E+01
    1.9300000E+00    4.4388071E+01    2.0888012E+01
    1.9340000E+00    4.4418271E+01    2.0888135E+01
    1.9380000E+00    4.4448414E+01    2.0888257E+01
    1.9420000E+00    4.4478500E+01    2.0888379E+01
    1.9460000E+00    4.4508529E+01    2.0888499E+01
    1.9500000E+00    4.4538502E+01    2.0888618E+01
    1.9540000E+00    4.4568419E+01    2.0888735E+01
    1.9580000E+00    4.4598279E+01    2.0888852E+01
    1.9620000E+00    4.4628083E+01    2.0888968E+01
    1.9660000E+00    4.4657831E+01    2.0889083E+01
    1.9700000E+00    4.4687524E+01    2.0889196E+01
    1.9740000E+00    4.4717160E+01    2.0889309E+01
    1.9780000E+00    4.4746741E+01    2.0889421E+01
    1.9820000E+00    4.4776266E+01    2.0889532E+01
    1.9860000E+00    4.4805736E+01    2.0889641E+01
    1.9900000E+00    4.4835150E+01    2.0889750E+01
    1.9940000E+00    4.4864509E+01    2.0889858E+01
    1.9980000E+00    4.4893814E+01    2.0889966E+01
    2.0020000E+00    4.4923063E+01    2.0890072E+01
    2.0060000E+00    4.4952257E+01    2.0890177E+01
    2.0100000E+00    4.4981397E+01    2.0890282E+01
    2.0140000E+00    4.5010482E+01    2.0890386E+01
    2.0180000E+00    4.5039513E+01    2.0890489E+01
    2.0220000E+00    4.5068489E+01    2.0890591E+01
    2.0260000E+00    4.5097411E+01    2.0890693E+01
    2.0300000E+00    4.5126279E+01    2.0890794E+01
    2.0340000E+00    4.5155094E+01    2.0890894E+01
    2.0380000E+00    4.5183854E+01    2.0890993E+01
    2.0420000E+00    4.5212560E+01    2.0891092E+01
    2.0460000E+00    4.5241213E+01    2.0891190E+01
    2.0500000E+00    4.5269813E+01    2.0891287E+01
    2.0540000E+00    4.5298359E+01    2.0891383E+01
    2.0580000E+00    4.5326852E+01    2.0891479E+01
    2.0620000E+00    4.5355292E+01    2.0891575E+01
    2.0660000E+00    4.5383679E+01    2.0891669E+01
    2.0700000E+00    4.5412013E+01    2.0891763E+01
    2.0740000E+00    4.5440294E+01    2.0891857E+01
    2.0780000E+00    4.5468522E+01    2.0891949E+01
    2.0820000E+00    4.5496699E+01    2.0892042E+01
    2.0860000E+00    4.5524822E+01    2.0892133E+01
    2.0900000E+00    4.5552894E+01    2.0892224E+01
    2.0940000E+00    4.5580913E+01    2.0892315E+01
    2.0980000E+00    4.5608881E+01    2.0892405E+01
    2.1020000E+00    4.5636796E+01    2.0892494E+01
    2.1060000E+00    4.5664660E+01    2.0892583E+01
    2.1100000E+00    4.5692472E+01    2.0892671E+01
    2.1140000E+00    4.5720232E+01    2.0892759E+01
    2.1180000E+00    4.5747942E+01    2.0892846E+01
    2.1220000E+00    4.5775600E+01    2.0892933E+01
    2.1260000E+00    4.5803206E+01    2.0893019E+01
    2.1300000E+00    4.5830762E+01    2.0893105E+01
    2.1340000E+00    4.5858267E+01    2.0893190E+01
    2.1380000E+00    4.5885721E+01    2.0893275E+01
    2.1420000E+00    4.5913125E+01    2.0893360E+01
    2.1460000E+00    4.5940478E+01    2.0893443E+01
    2.1500000E+00    4.5967780E+01    2.0893527E+01
    2.1540000E+00    4.5995032E+01    2.0893610E+01
    2.1580000E+00    4.6022235E+01    2.0893692E+01
    2.1620000E+00    4.6049387E+01    2.0893774E+01
    2.1660000E+00    4.6076489E+01    2.0893856E+01
    2.1700000E+00    4.6103541E+01    2.0893937E+01
    2.1740000E+00    4.6130544E+01    2.0894018E+01
    2.1780000E+00    4.6157497E+01    2.0894099E+01
    2.1820000E+00    4.6184401E+01    2.0894179E+01
    2.1860000E+00    4.6211256E+01    2.0894258E+01
    2.1900000E+00    4.6238061E+01    2.0894337E+01
    2.1940000E+00    4.6264817E+01    2.0894416E+01
    2.1980000E+00    4.6291525E+01    2.0894495E+01
    2.2020000E+00    4.6318184E+01    2.0894573E+01
    2.2060000E+00    4.6344794E+01    2.0894650E+01
    2.2100000E+00    4.6371355E+01    2.0894728E+01
    2.2140000E+00    4.6397868E+01    2.0894805E+01
    2.2180000E+00    4.6424333E+01    2.0894881E+01
    2.2220000E+00    4.6450750E+01    2.0894957E+01
    2.2260000E+00    4.6477118E+01    2.0895033E+01
    2.2300000E+00    4.6503439E+01    2.0895109E+01
    2.2340000E+00    4.6529712E+01    2.0895184E+01
    2.2380000E+00    4.6555937E+01    2.0895258E+01
    2.2420000E+00    4.6582115E+01    2.0895333E+01
    2.2460000E+00    4.6608245E+01    2.0895407E+01
    2.2500000E+00    4.6634328E+01    2.0895481E+01
    2.2540000E+00    4.6660364E+01    2.0895554E+01
    2.2580000E+00    4.6686353E+01    2.0895627E+01
    2.2620000E+00    4.6712295E+01    2.0895700E+01
    2.2660000E+00    4.6738190E+01    2.0895772E+01
    2.2700000E+00    4.6764039E+01    2.0895844E+01
    2.2740000E+00    4.6789841E+01    2.0895916E+01
    2.2780000E+00    4.6815597E+01    2.0895988E+01
    2.2820000E+00    4.6841306E+01    2.0896059E+01
    2.2860000E+00    4.6866970E+01    2.0896130E+01
    2.2900000E+00    4.6892587E+01    2.0896200E+01
    2.2940000E+00    4.6918158E+01    2.0896270E+01
    2.2980000E+00    4.6943684E+01    2.0896340E+01
    2.3020000E+00    4.6969164E+01    2.0896410E+01
    2.3060000E+00    4.6994599E+01    2.0896479E+01
    2.3100000E+00    4.7019988E+01    2.0896548E+01
    2.3140000E+00    4.7045332E+01    2.0896617E+01
    2.3180000E+00    4.7070631E+01    2.0896685E+01
    2.3220000E+00    4.7095885E+01    2.0896753E+01
    2.3260000E+00    4.7121094E+01    2.0896821E+01
    2.3300000E+00    4.7146258E+01    2.0896889E+01
    2.3340000E+00    4.7171378E+01    2.0896956E+01
    2.3380000E+00    4.7196453E+01    2.0897023E+01
    2.3420000E+00    4.7221484E+01    2.0897090E+01
    2.3460000E+00    4.7246471E+01    2.0897156E+01
    2.3500000E+00    4.7271413E+01    2.0897222E+01
    2.3540000E+00    4.7296312E+01    2.0897288E+01
    2.3580000E+00    4.7321167E+01    2.0897354E+01
    2.3620000E+00    4.7345978E+01    2.0897419E+01
    2.3660000E+00    4.7370746E+01    2.0897484E+01
    2.3700000E+00    4.7395470E+01    2.0897549E+01
    2.3740000E+00    4.7420151E+01    2.0897613E+01
    2.3780000E+00    4.7444789E+01    2.0897677E+01
    2.3820000E+00    4.7469383E+01    2.0897741E+01
    2.3860000E+00    4.7493935E+01    2.0897805E+01
    2.3900000E+00    4.7518444E+01    2.0897868E+01
    2.3940000E+00    4.7542911E+01    2.0897931E+01
    2.3980000E+00    4.7567335E+01    2.0897994E+01
    2.4020000E+00    4.7591717E+01    2.0898057E+01
    2.4060000E+00    4.7616056E+01    2.0898119E+01
    2.4100000E+00    4.7640353E+01    2.0898181E+01
    2.4140000E+00    4.7664609E+01    2.0898243E+01
    2.4180000E+00    4.7688822E+01    2.0898305E+01
    2.4220000E+00    4.7712994E+01    2.0898366E+01
    2.4260000E+00    4.7737124E+01    2.0898427E+01
    2.4300000E+00    4.7761213E+01    2.0898488E+01
    2.4340000E+00    4.7785261E+01    2.0898549E+01
    2.4380000E+00    4.7809267E+01    2.0898609E+01
    2.4420000E+00    4.7833232E+01    2.0898669E+01
    2.4460000E+00    4.7857157E+01    2.0898729E+01
    2.4500000E+00    4.7881040E+01    2.0898789E+01
    2.4540000E+00    4.7904883E+01    2.0898848E+01
    2.4580000E+00    4.7928686E+01    2.0898907E+01
    2.4620000E+00    4.7952448E+01    2.0898966E+01
    2.4660000E+00    4.7976170E+01    2.0899025E+01
    2.4700000E+00    4.7999852E+01    2.0899083E+01
    2.4740000E+00    4.8023494E+01    2.0899141E+01
    2.4780000E+00    4.8047096E+01    2.0899199E+01
    2.4820000E+00    4.8070658E+01    2.0899257E+01
    2.4860000E+00    4.8094181E+01    2.0899314E+01
    2.4900000E+00    4.8117665E+01    2.0899371E+01
    2.4940000E+00    4.8141109E+01    2.0899428E+01
    2.4980000E+00    4.8164514E+01    2.0899485E+01
    2.5020000E+00    4.8187881E+01    2.0899541E+01
    2.5060000E+00    4.8211208E+01    2.0899598E+01
    2.5100000E+00    4.8234496E+01    2.0899653E+01
    2.5140000E+00    4.8257747E+01    2.0899709E+01
    2.5180000E+00    4.8280958E+01    2.0899765E+01
    2.5220000E+00    4.8304132E+01    2.0899820E+01
    2.5260000E+00    4.8327267E+01    2.0899875E+01
    2.5300000E+00    4.8350364E+01    2.0899930E+01
    2.5340000E+00    4.8373423E+01    2.0899985E+01
    2.5380000E+00    4.8396445E+01    2.0900039E+01
    2.5420000E+00    4.8419429E+01    2.0900093E+01
    2.5460000E+00    4.8442375E+01    2.0900147E+01
    2.5500000E+00    4.8465285E+01    2.0900201E+01
    2.5540000E+00    4.8488157E+01    2.0900254E+01
    2.5580000E+00    4.8510992E+01    2.0900307E+01
    2.5620000E+00    4.8533790E+01    2.0900360E+01
    2.5660000E+00    4.8556551E+01    2.0900413E+01
    2.5700000E+00    4.8579276E+01    2.0900466E+01
    2.5740000E+00    4.8601965E+01    2.0900518E+01
    2.5780000E+00    4.8624617E+01    2.0900570E+01
    2.5820000E+00    4.8647232E+01    2.0900622E+01
    2.5860000E+00    4.8669812E+01    2.0900674E+01
    2.5900000E+00    4.8692356E+01    2.0900725E+01
    2.5940000E+00    4.8714865E+01    2.0900776E+01
    2.5980000E+00    4.8737337E+01    2.0900827E+01
    2.6020000E+00    4.8759774E+01    2.0900878E+01
    2.6060000E+00    4.8782176E+01    2.0900929E+01
    2.6100000E+00    4.8804543E+01    2.0900979E+01
    2.6140000E+00    4.8826875E+01    2.0901029E+01
    2.6180000E+00    4.8849172E+01    2.0901079E+01
    2.6220000E+00    4.8871434E+01    2.0901129E+01
    2.6260000E+00    4.8893661E+01    2.0901178E+01
    2.6300000E+00    4.8915854E+01    2.0901227E+01
    2.6340000E+00    4.8938013E+01    2.0901276E+01
    2.6380000E+00    4.8960138E+01    2.0901325E+01
    2.6420000E+00    4.8982229E+01    2.0901374E+01
    2.6460000E+00    4.9004286E+01    2.0901422E+01
    2.6500000E+00    4.9026309E+01    2.0901470E+01
    2.6540000E+00    4.9048298E+01    2.0901518E+01
    2.6580000E+00    4.9070254E+01    2.0901566E+01
    2.6620000E+00    4.9092177E+01    2.0901614E+01
    2.6660000E+00    4.9114067E+01    2.0901661E+01
    2.6700000E+00    4.9135924E+01    2.0901708E+01
    2.6740000E+00    4.9157748E+01    2.0901755E+01
    2.6780000E+00    4.9179540E+01    2.0901802E+01
    2.6820000E+00    4.9201298E+01    2.0901848E+01
    2.6860000E+00    4.9223025E+01    2.0901895E+01
    2.6900000E+00    4.9244719E+01    2.0901941E+01
    2.6940000E+00    4.9266382E+01    2.0901987E+01
    2.6980000E+00    4.9288012E+01    2.0902032E+01
    2.7020000E+00    4.9309611E+01    2.0902078E+01
    2.7060000E+00    4.9331177E+01    2.0902123E+01
    2.7100000E+00    4.9352713E+01    2.0902168E+01
    2.7140000E+00    4.9374217E+01    2.0902213E+01
    2.7180000E+00    4.9395690E+01    2.0902258E+01
    2.7220000E+00    4.9417132E+01    2.0902302E+01
    2.7260000E+00    4.9438543E+01    2.0902346E+01
    2.7300000E+00    4.9459924E+01    2.0902390E+01
    2.7340000E+00    4.9481274E+01    2.0902434E+01
    2.7380000E+00    4.9502593E+01    2.0902478E+01
    2.7420000E+00    4.9523882E+01    2.0902521E+01
    2.7460000E+00    4.9545141E+01    2.0902564E+01
    2.7500000E+00    4.9566371E+01    2.0902607E+01
    2.7540000E+00    4.9587570E+01    2.0902650E+01
    2.7580000E+00    4.9608740E+01    2.0902693E+01
    2.7620000E+00    4.9629880E+01    2.0902735E+01
    2.7660000E+00    4.9650991E+01    2.0902778E+01
    2.7700000E+00    4.9672072E+01    2.0902820E+01
    2.7740000E+00    4.9693125E+01    2.0902861E+01
    2.7780000E+00    4.9714149E+01    2.0902903E+01
    2.7820000E+00    4.9735144E+01    2.0902945E+01
    2.7860000E+00    4.9756110E+01    2.0902986E+01
    2.7900000E+00    4.9777048E+01    2.0903027E+01
    2.7940000E+00    4.9797958E+01    2.0903068E+01
    2.7980000E+00    4.9818839E+01    2.0903108E+01
    2.8020000E+00    4.9839693E+01    2.0903149E+01
    2.8060000E+00    4.9860518E+01    2.0903189E+01
    2.8100000E+00    4.9881317E+01    2.0903229E+01
    2.8140000E+00    4.9902087E+01    2.0903269E+01
    2.8180000E+00    4.9922830E+01    2.0903309E+01
    2.8220000E+00    4.9943546E+01    2.0903348E+01
    2.8260000E+00    4.9964235E+01    2.0903388E+01
    2.8300000E+00    4.9984897E+01    2.0903427E+01
    2.8340000E+00    5.0005532E+01    2.0903466E+01
    2.8380000E+00    5.0026141E+01    2.0903505E+01
    2.8420000E+00    5.0046723E+01    2.0903543E+01
    2.8460000E+00    5.0067279E+01    2.0903582E+01
    2.8500000E+00    5.0087808E+01    2.0903620E+01
    2.8540000E+00    5.0108312E+01    2.0903658E+01
    2.8580000E+00    5.0128790E+01    2.0903696E+01
    2.8620000E+00    5.0149242E+01    2.0903733E+01
    2.8660000E+00    5.0169668E+01    2.0903771E+01
    2.8700000E+00    5.0190069E+01    2.0903808E+01
    2.8740000E+00    5.0210445E+01    2.0903845E+01
    2.8780000E+00    5.0230795E+01    2.0903882E+01
    2.8820000E+00    5.0251121E+01    2.0903919E+01
    2.8860000E+00    5.0271422E+01    2.0903955E+01
    2.8900000E+00    5.0291698E+01    2.0903992E+01
    2.8940000E+00    5.0311949E+01    2.0904028E+01
    2.8980000E+00    5.0332177E+01    2.0904064E+01
    2.9020000E+00    5.0352380E+01    2.0904100E+01
    2.9060000E+00    5.0372558E+01    2.0904135E+01
    2.9100000E+00    5.0392713E+01    2.0904171E+01
    2.9140000E+00    5.0412844E+01    2.0904206E+01
    2.9180000E+00    5.0432952E+01    2.0904241E+01
    2.9220000E+00    5.0453035E+01    2.0904276E+01
    2.9260000E+00    5.0473096E+01    2.0904311E+01
    2.9300000E+00    5.0493133E+01    2.0904345E+01
    2.9340000E+00    5.0513147E+01    2.0904380E+01
    2.9380000E+00    5.0533138E+01    2.0904414E+01
    2.9420000E+00    5.0553106E+01    2.0904448E+01
    2.9460000E+00    5.0573052E+01    2.0904482E+01
    2.9500000E+00    5.0592975E+01    2.0904515E+01
    2.9540000E+00    5.0612875E+01    2.0904549E+01
    2.9580000E+00    5.0632754E+01    2.0904582E+01
    2.9620000E+00    5.0652610E+01    2.0904615E+01
    2.9660000E+00    5.0672444E+01    2.0904648E+01
    2.9700000E+00    5.0692256E+01    2.0904681E+01
    2.9740000E+00    5.0712046E+01    2.0904714E+01
    2.9780000E+00    5.0731815E+01    2.0904746E+01
    2.9820000E+00    5.0751562E+01    2.0904778E+01
    2.9860000E+00    5.0771288E+01    2.0904811E+01
    2.9900000E+00    5.0790992E+01    2.0904843E+01
    2.9940000E+00    5.0810676E+01    2.0904874E+01
    2.9980000E+00    5.0830338E+01    2.0904906E+01
    3.0020000E+00    5.0849979E+01    2.0904937E+01
    3.0060000E+00    5.0869600E+01    2.0904969E+01
    3.0100000E+00    5.0889200E+01    2.0905000E+01
    3.0140000E+00    5.0908779E+01    2.0905031E+01
    3.0180000E+00    5.0928338E+01    2.0905061E+01
    3.0220000E+00    5.0947877E+01    2.0905092E+01
    3.0260000E+00    5.0967395E+01    2.0905123E+01
    3.0300000E+00    5.0986893E+01    2.0905153E+01
    3.0340000E+00    5.1006371E+01    2.0905183E+01
    3.0380000E+00    5.1025829E+01    2.0905213E+01
    3.0420000E+00    5.1045268E+01    2.0905243E+01
    3.0460000E+00    5.1064686E+01    2.0905272E+01
    3.0500000E+00    5.1084086E+01    2.0905302E+01
    3.0540000E+00    5.1103465E+01    2.0905331E+01
    3.0580000E+00    5.1122825E+01    2.0905360E+01
    3.0620000E+00    5.1142166E+01    2.0905389E+01
    3.0660000E+00    5.1161487E+01    2.0905418E+01
    3.0700000E+00    5.1180790E+01    2.0905446E+01
    3.0740000E+00    5.1200073E+01    2.0905475E+01
    3.0780000E+00    5.1219337E+01    2.0905503E+01
    3.0820000E+00    5.1238582E+01    2.0905531E+01
    3.0860000E+00    5.1257809E+01    2.0905559E+01
    3.0900000E+00    5.1277016E+01    2.0905587E+01
    3.0940000E+00    5.1296205E+01    2.0905615E+01
    3.0980000E+00    5.1315375E+01    2.0905642E+01
    3.1020000E+00    5.1334527E+01    2.0905670E+01
    3.1060000E+00    5.1353660E+01    2.0905697E+01
    3.1100000E+00    5.1372774E+01    2.0905724E+01
    3.1140000E+00    5.1391870E+01    2.0905751E+01
    3.1180000E+00    5.1410948E+01    2.0905778E+01
    3.1220000E+00    5.1430007E+01    2.0905804E+01
    3.1260000E+00    5.1449048E+01    2.0905831E+01
    3.1300000E+00    5.1468071E+01    2.0905857E+01
    3.1340000E+00    5.1487075E+01    2.0905883E+01
    3.1380000E+00    5.1506061E+01    2.0905909E+01
    3.1420000E+00    5.1525029E+01    2.0905935E+01
    3.1460000E+00    5.1543979E+01    2.0905961E+01
    3.1500000E+00    5.1562911E+01    2.0905986E+01
    3.1540000E+00    5.1581824E+01    2.0906011E+01
    3.1580000E+00    5.1600720E+01    2.0906037E+01
    3.1620000E+00    5.1619597E+01    2.0906062E+01
    3.1660000E+00    5.1638456E+01    2.0906087E+01
    3.1700000E+00    5.1657297E+01    2.0906111E+01
    3.1740000E+00    5.1676119E+01    2.0906136E+01
    3.1780000E+00    5.1694924E+01    2.0906160E+01
    3.1820000E+00    5.1713710E+01    2.0906185E+01
    3.1860000E+00    5.1732478E+01    2.0906209E+01
    3.1900000E+00    5.1751228E+01    2.0906233E+01
    3.1940000E+00    5.1769959E+01    2.0906257E+01
    3.1980000E+00    5.1788672E+01    2.0906280E+01
    3.2020000E+00    5.1807367E+01    2.0906304E+01
    3.2060000E+00    5.1826043E+01    2.0906327E+01
    3.2100000E+00    5.1844700E+01    2.0906351E+01
    3.2140000E+00    5.1863339E+01    2.0906374E+01
    3.2180000E+00    5.1881960E+01    2.0906397E+01
    3.2220000E+00    5.1900561E+01    2.0906420E+01
    3.2260000E+00    5.1919144E+01    2.0906442E+01
    3.2300000E+00    5.1937707E+01    2.0906465E+01
    3.2340000E+00    5.1956252E+01    2.0906487E+01
    3.2380000E+00    5.1974777E+01    2.0906509E+01
    3.2420000E+00    5.1993283E+01    2.0906532E+01
    3.2460000E+00    5.2011770E+01    2.0906554E+01
    3.2500000E+00    5.2030237E+01    2.0906575E+01
    3.2540000E+00    5.2048684E+01    2.0906597E+01
    3.2580000E+00    5.2067112E+01    2.0906619E+01
    3.2620000E+00    5.2085519E+01    2.0906640E+01
    3.2660000E+00    5.2103906E+01    2.0906661E+01
    3.2700000E+00    5.2122273E+01    2.0906682E+01
    3.2740000E+00    5.2140620E+01    2.0906703E+01
    3.2780000E+00    5.2158946E+01    2.0906724E+01
    3.2820000E+00    5.2177250E+01    2.0906745E+01
    3.2860000E+00    5.2195534E+01    2.0906765E+01
    3.2900000E+00    5.2213796E+01    2.0906786E+01
    3.2940000E+00    5.2232037E+01    2.0906806E+01
    3.2980000E+00    5.2250256E+01    2.0906826E+01
    3.3020000E+00    5.2268453E+01    2.0906846E+01
    3.3060000E+00    5.2286628E+01    2.0906866E+01
    3.3100000E+00    5.2304780E+01    2.0906886E+01
    3.3140000E+00    5.2322909E+01    2.0906906E+01
    3.3180000E+00    5.2341015E+01    2.0906925E+01
    3.3220000E+00    5.2359098E+01    2.0906944E+01
    3.3260000E+00    5.2377157E+01    2.0906964E+01
    3.3300000E+00    5.2395192E+01    2.0906983E+01
    3.3340000E+00    5.2413203E+01    2.0907002E+01
    3.3380000E+00    5.2431189E+01    2.0907020E+01
    3.3420000E+00    5.2449150E+01    2.0907039E+01
    3.3460000E+00    5.2467085E+01    2.0907058E+01
    3.3500000E+00    5.2484995E+01    2.0907076E+01
    3.3540000E+00    5.2502879E+01    2.0907094E+01
    3.3580000E+00    5.2520736E+01    2.0907112E+01
    3.3620000E+00    5.2538566E+01    2.0907130E+01
    3.3660000E+00    5.2556369E+01    2.0907148E+01
    3.3700000E+00    5.2574143E+01    2.0907166E+01
    3.3740000E+00    5.2591890E+01    2.0907184E+01
    3.3780000E+00    5.2609608E+01    2.0907201E+01
    3.3820000E+00    5.2627297E+01    2.0907218E+01
    3.3860000E+00    5.2644956E+01    2.0907236E+01
    3.3900000E+00    5.2662585E+01    2.0907253E+01
    3.3940000E+00    5.2680183E+01    2.0907270E+01
    3.3980000E+00    5.2697751E+01    2.0907287E+01
    3.4020000E+00    5.2715286E+01    2.0907303E+01
    3.4060000E+00    5.2732789E+01    2.0907320E+01
    3.4100000E+00    5.2750260E+01    2.0907336E+01
    3.4140000E+00    5.2767697E+01    2.0907353E+01
    3.4180000E+00    5.2785100E+01    2.0907369E+01
    3.4220000E+00    5.2802468E+01    2.0907385E+01
    3.4260000E+00    5.2819801E+01    2.0907401E+01
    3.4300000E+00    5.2837099E+01    2.0907417E+01
    3.4340000E+00    5.2854360E+01    2.0907432E+01
    3.4380000E+00    5.2871583E+01    2.0907448E+01
    3.4420000E+00    5.2888769E+01    2.0907463E+01
    3.4460000E+00    5.2905916E+01    2.0907479E+01
    3.4500000E+00    5.2923025E+01    2.0907494E+01
    3.4540000E+00    5.2940093E+01    2.0907509E+01
    3.4580000E+00    5.2957120E+01    2.0907524E+01
    3.4620000E+00    5.2974106E+01    2.0907539E+01
    3.4660000E+00    5.2991050E+01    2.0907553E+01
    3.4700000E+00    5.3007951E+01    2.0907568E+01
    3.4740000E+00    5.3024808E+01    2.0907582E+01
    3.4780000E+00    5.3041620E+01    2.0907597E+01
    3.4820000E+00    5.3058387E+01    2.0907611E+01
    3.4860000E+00    5.3075108E+01    2.0907625E+01
    3.4900000E+00    5.3091781E+01    2.0907639E+01
    3.4940000E+00    5.3108406E+01    2.0907653E+01
    3.4980000E+00    5.3124983E+01    2.0907666E+01
    3.5020000E+00    5.3141509E+01    2.0907680E+01
    3.5060000E+00    5.3157985E+01    2.0907694E+01
    3.5100000E+00    5.3174409E+01    2.0907707E+01
    3.5140000E+00    5.3190780E+01    2.0907720E+01
    3.5180000E+00    5.3207097E+01    2.0907733E+01
    3.5220000E+00    5.3223360E+01    2.0907746E+01
    3.5260000E+00    5.3239567E+01    2.0907759E+01
    3.5300000E+00    5.3255718E+01    2.0907772E+01
    3.5340000E+00    5.3271810E+01    2.0907784E+01
    3.5380000E+00    5.3287844E+01    2.0907797E+01
    3.5420000E+00    5.3303818E+01    2.0907809E+01
    3.5460000E+00    5.3319731E+01    2.0907822E+01
    3.5500000E+00    5.3335581E+01    2.0907834E+01
    3.5540000E+00    5.3351369E+01    2.0907846E+01
    3.5580000E+00    5.3367092E+01    2.0907858E+01
    3.5620000E+00    5.3382749E+01    2.0907870E+01
    3.5660000E+00    5.3398340E+01    2.0907881E+01
    3.5700000E+00    5.3413862E+01    2.0907893E+01
    3.5740000E+00    5.3429316E+01    2.0907904E+01
    3.5780000E+00    5.3444699E+01    2.0907916E+01
    3.5820000E+00    5.3460011E+01    2.0907927E+01
    3.5860000E+00    5.3475250E+01    2.0907938E+01
    3.5900000E+00    5.3490414E+01    2.0907949E+01
    3.5940000E+00    5.3505503E+01    2.0907960E+01
    3.5980000E+00    5.3520516E+01    2.0907971E+01
    3.6020000E+00    5.3535450E+01    2.0907981E+01
    3.6060000E+00    5.3550305E+01    2.0907992E+01
    3.6100000E+00    5.3565080E+01    2.0908002E+01
    3.6140000E+00    5.3579772E+01    2.0908013E+01
    3.6180000E+00    5.3594381E+01    2.0908023E+01
    3.6220000E+00    5.3608905E+01    2.0908033E+01
    3.6260000E+00    5.3623343E+01    2.0908043E+01
    3.6300000E+00    5.3637693E+01    2.0908053E+01
    3.6340000E+00    5.3651954E+01    2.0908063E+01
    3.6380000E+00    5.3666124E+01    2.0908072E+01
    3.6420000E+00    5.3680203E+01    2.0908082E+01
    3.6460000E+00    5.3694188E+01    2.0908091E+01
    3.6500000E+00    5.3708079E+01    2.0908101E+01
    3.6540000E+00    5.3721873E+01    2.0908110E+01
    3.6580000E+00    5.3735569E+01    2.0908119E+01
    3.6620000E+00    5.3749166E+01    2.0908128E+01
    3.6660000E+00    5.3762662E+01    2.0908137E+01
    3.6700000E+00    5.3776056E+01    2.0908145E+01
    3.6740000E+00    5.3789345E+01    2.0908154E+01
    3.6780000E+00    5.3802530E+01    2.0908163E+01
    3.6820000E+00    5.3815607E+01    2.0908171E+01
    3.6860000E+00    5.3828576E+01    2.0908179E+01
    3.6900000E+00    5.3841434E+01    2.0908187E+01
    3.6940000E+00    5.3854181E+01    2.0908196E+01
    3.6980000E+00    5.3866815E+01    2.0908204E+01
    3.7020000E+00    5.3879334E+01    2.0908211E+01
    3.7060000E+00    5.3891736E+01    2.0908219E+01
    3.7100000E+00    5.3904021E+01    2.0908227E+01
    3.7140000E+00    5.3916186E+01    2.0908234E+01
    3.7180000E+00    5.3928229E+01    2.0908242E+01
    3.7220000E+00    5.3940150E+01    2.0908249E+01
    3.7260000E+00    5.3951947E+01    2.0908256E+01
    3.7300000E+00    5.3963618E+01    2.0908263E+01
    3.7340000E+00    5.3975161E+01    2.0908270E+01
    3.7380000E+00    5.3986574E+01    2.0908277E+01
    3.7420000E+00    5.3997858E+01    2.0908284E+01
    3.7460000E+00    5.4009008E+01    2.0908291E+01
    3.7500000E+00    5.4020025E+01    2.0908297E+01
    3.7540000E+00    5.4030906E+01    2.0908304E+01
    3.7580000E+00    5.4041650E+01    2.0908310E+01
    3.7620000E+00    5.4052256E+01    2.0908316E+01
    3.7660000E+00    5.4062721E+01    2.0908323E+01
    3.7700000E+00    5.4073044E+01    2.0908329E+01
    3.7740000E+00    5.4083224E+01    2.0908335E+01
    3.7780000E+00    5.4093259E+01    2.0908340E+01
    3.7820000E+00    5.4103147E+01    2.0908346E+01
    3.7860000E+00    5.4112887E+01    2.0908352E+01
    3.7900000E+00    5.4122478E+01    2.0908357E+01
    3.7940000E+00    5.4131917E+01    2.0908363E+01
    3.7980000E+00    5.4141204E+01    2.0908368E+01
    3.8020000E+00    5.4150336E+01    2.0908373E+01
    3.8060000E+00    5.4159313E+01    2.0908378E+01
    3.8100000E+00    5.4168133E+01    2.0908383E+01
    3.8140000E+00    5.4176795E+01    2.0908388E+01
    3.8180000E+00    5.4185296E+01    2.0908393E+01
    3.8220000E+00    5.4193636E+01    2.0908397E+01
    3.8260000E+00    5.4201813E+01    2.0908402E+01
    3.8300000E+00    5.4209826E+01    2.0908406E+01
    3.8340000E+00    5.4217673E+01    2.0908411E+01
    3.8380000E+00    5.4225354E+01    2.0908415E+01
    3.8420000E+00    5.4232866E+01    2.0908419E+01
    3.8460000E+00    5.4240208E+01    2.0908423E+01
    3.8500000E+00    5.4247380E+01    2.0908427E+01
    3.8540000E+00    5.4254379E+01    2.0908431E+01
    3.8580000E+00    5.4261205E+01    2.0908435E+01
    3.8620000E+00    5.4267856E+01    2.0908438E+01
    3.8660000E+00    5.4274332E+01    2.0908442E+01
    3.8700000E+00    5.4280631E+01    2.0908445E+01
    3.8740000E+00    5.4286751E+01    2.0908448E+01
    3.8780000E+00    5.4292692E+01    2.0908452E+01
    3.8820000E+00    5.4298453E+01    2.0908455E+01
    3.8860000E+00    5.4304032E+01    2.0908458E+01
    3.8900000E+00    5.4309429E+01    2.0908461E+01
    3.8940000E+00    5.4314642E+01    2.0908463E+01
    3.8980000E+00    5.4319671E+01    2.0908466E+01
    3.9020000E+00    5.4324515E+01    2.0908469E+01
    3.9060000E+00    5.4329172E+01    2.0908471E+01
    3.9100000E+00    5.4333642E+01    2.0908473E+01
    3.9140000E+00    5.4337923E+01    2.0908476E+01
    3.9180000E+00    5.4342016E+01    2.0908478E+01
    3.9220000E+00    5.4345920E+01    2.0908480E+01
    3.9260000E+00    5.4349633E+01    2.0908482E+01
    3.9300000E+00    5.4353154E+01    2.0908484E+01
    3.9340000E+00    5.4356484E+01    2.0908486E+01
    3.9380000E+00    5.4359622E+01    2.0908487E+01
    3.9420000E+00    5.4362566E+01    2.0908489E+01
    3.9460000E+00    5.4365317E+01    2.0908490E+01
    3.9500000E+00    5.4367873E+01    2.0908491E+01
    3.9540000E+00    5.4370235E+01    2.0908493E+01
    3.9580000E+00    5.4372402E+01    2.0908494E+01
    3.9620000E+00    5.4374373E+01    2.0908495E+01
    3.9660000E+00    5.4376148E+01    2.0908496E+01
    3.9700000E+00    5.4377726E+01    2.0908497E+01
    3.9740000E+00    5.4379108E+01    2.0908497E+01
    3.9780000E+00    5.4380294E+01    2.0908498E+01
    3.9820000E+00    5.4381281E+01    2.0908498E+01
    3.9860000E+00    5.4382072E+01    2.0908499E+01
    3.9900000E+00    5.4382665E+01    2.0908499E+01
    3.9940000E+00    5.4383061E+01    2.0908499E+01
    3.9980000E+00    5.4383258E+01    2.0908500E+01
