# Time          5.0000E+02
# Units: Permil
    Distance        SO4--            SO164--         
    2.0000000E-03    2.1051924E+01    8.7518340E+00
    6.0000000E-03    2.1155657E+01    8.8976867E+00
    1.0000000E-02    2.1259416E+01    9.0419864E+00
    1.4000000E-02    2.1363201E+01    9.1847470E+00
    1.8000000E-02    2.1467012E+01    9.3259826E+00
    2.2000000E-02    2.1570848E+01    9.4657068E+00
    2.6000000E-02    2.1674711E+01    9.6039334E+00
    3.0000000E-02    2.1778600E+01    9.7406759E+00
    3.4000000E-02    2.1882515E+01    9.8759479E+00
    3.8000000E-02    2.1986457E+01    1.0009763E+01
    4.2000000E-02    2.2090424E+01    1.0142134E+01
    4.6000000E-02    2.2194419E+01    1.0273074E+01
    5.0000000E-02    2.2298439E+01    1.0402597E+01
    5.4000000E-02    2.2402486E+01    1.0530716E+01
    5.8000000E-02    2.2506560E+01    1.0657443E+01
    6.2000000E-02    2.2610661E+01    1.0782791E+01
    6.6000000E-02    2.2714788E+01    1.0906773E+01
    7.0000000E-02    2.2818942E+01    1.1029402E+01
    7.4000000E-02    2.2923123E+01    1.1150690E+01
    7.8000000E-02    2.3027330E+01    1.1270650E+01
    8.2000000E-02    2.3131565E+01    1.1389294E+01
    8.6000000E-02    2.3235827E+01    1.1506634E+01
    9.0000000E-02    2.3340116E+01    1.1622683E+01
    9.4000000E-02    2.3444432E+01    1.1737453E+01
    9.8000000E-02    2.3548775E+01    1.1850955E+01
    1.0200000E-01    2.3653146E+01    1.1963202E+01
    1.0600000E-01    2.3757544E+01    1.2074205E+01
    1.1000000E-01    2.3861969E+01    1.2183976E+01
    1.1400000E-01    2.3966422E+01    1.2292527E+01
    1.1800000E-01    2.4070903E+01    1.2399870E+01
    1.2200000E-01    2.4175411E+01    1.2506015E+01
    1.2600000E-01    2.4279947E+01    1.2610975E+01
    1.3000000E-01    2.4384511E+01    1.2714760E+01
    1.3400000E-01    2.4489102E+01    1.2817381E+01
    1.3800000E-01    2.4593722E+01    1.2918851E+01
    1.4200000E-01    2.4698369E+01    1.3019180E+01
    1.4600000E-01    2.4803045E+01    1.3118378E+01
    1.5000000E-01    2.4907749E+01    1.3216458E+01
    1.5400000E-01    2.5012480E+01    1.3313429E+01
    1.5800000E-01    2.5117241E+01    1.3409302E+01
    1.6200000E-01    2.5222029E+01    1.3504088E+01
    1.6600000E-01    2.5326846E+01    1.3597798E+01
    1.7000000E-01    2.5431691E+01    1.3690441E+01
    1.7400000E-01    2.5536565E+01    1.3782029E+01
    1.7800000E-01    2.5641468E+01    1.3872571E+01
    1.8200000E-01    2.5746399E+01    1.3962079E+01
    1.8600000E-01    2.5851359E+01    1.4050561E+01
    1.9000000E-01    2.5956348E+01    1.4138028E+01
    1.9400000E-01    2.6061366E+01    1.4224491E+01
    1.9800000E-01    2.6166412E+01    1.4309958E+01
    2.0200000E-01    2.6271488E+01    1.4394440E+01
    2.0600000E-01    2.6376593E+01    1.4477946E+01
    2.1000000E-01    2.6481727E+01    1.4560487E+01
    2.1400000E-01    2.6586890E+01    1.4642071E+01
    2.1800000E-01    2.6692083E+01    1.4722709E+01
    2.2200000E-01    2.6797305E+01    1.4802410E+01
    2.2600000E-01    2.6902556E+01    1.4881182E+01
    2.3000000E-01    2.7007838E+01    1.4959036E+01
    2.3400000E-01    2.7113148E+01    1.5035980E+01
    2.3800000E-01    2.7218489E+01    1.5112024E+01
    2.4200000E-01    2.7323859E+01    1.5187177E+01
    2.4600000E-01    2.7429259E+01    1.5261448E+01
    2.5000000E-01    2.7534688E+01    1.5334845E+01
    2.5400000E-01    2.7640148E+01    1.5407378E+01
    2.5800000E-01    2.7745638E+01    1.5479055E+01
    2.6200000E-01    2.7851158E+01    1.5549885E+01
    2.6600000E-01    2.7956708E+01    1.5619877E+01
    2.7000000E-01    2.8062289E+01    1.5689039E+01
    2.7400000E-01    2.8167900E+01    1.5757379E+01
    2.7800000E-01    2.8273541E+01    1.5824907E+01
    2.8200000E-01    2.8379213E+01    1.5891630E+01
    2.8600000E-01    2.8484915E+01    1.5957557E+01
    2.9000000E-01    2.8590648E+01    1.6022695E+01
    2.9400000E-01    2.8696412E+01    1.6087054E+01
    2.9800000E-01    2.8802207E+01    1.6150640E+01
    3.0200000E-01    2.8908032E+01    1.6213463E+01
    3.0600000E-01    2.9013888E+01    1.6275530E+01
    3.1000000E-01    2.9119776E+01    1.6336848E+01
    3.1400000E-01    2.9225694E+01    1.6397427E+01
    3.1800000E-01    2.9331644E+01    1.6457272E+01
    3.2200000E-01    2.9437625E+01    1.6516393E+01
    3.2600000E-01    2.9543637E+01    1.6574796E+01
    3.3000000E-01    2.9649681E+01    1.6632490E+01
    3.3400000E-01    2.9755756E+01    1.6689481E+01
    3.3800000E-01    2.9861863E+01    1.6745778E+01
    3.4200000E-01    2.9968002E+01    1.6801386E+01
    3.4600000E-01    3.0074172E+01    1.6856315E+01
    3.5000000E-01    3.0180374E+01    1.6910570E+01
    3.5400000E-01    3.0286608E+01    1.6964160E+01
    3.5800000E-01    3.0392873E+01    1.7017090E+01
    3.6200000E-01    3.0499171E+01    1.7069369E+01
    3.6600000E-01    3.0605501E+01    1.7121003E+01
    3.7000000E-01    3.0711863E+01    1.7171999E+01
    3.7400000E-01    3.0818258E+01    1.7222363E+01
    3.7800000E-01    3.0924684E+01    1.7272104E+01
    3.8200000E-01    3.1031144E+01    1.7321227E+01
    3.8600000E-01    3.1137635E+01    1.7369738E+01
    3.9000000E-01    3.1244160E+01    1.7417646E+01
    3.9400000E-01    3.1350716E+01    1.7464956E+01
    3.9800000E-01    3.1457306E+01    1.7511674E+01
    4.0200000E-01    3.1563929E+01    1.7557808E+01
    4.0600000E-01    3.1670584E+01    1.7603363E+01
    4.1000000E-01    3.1777272E+01    1.7648345E+01
    4.1400000E-01    3.1883994E+01    1.7692762E+01
    4.1800000E-01    3.1990748E+01    1.7736619E+01
    4.2200000E-01    3.2097536E+01    1.7779923E+01
    4.2600000E-01    3.2204357E+01    1.7822679E+01
    4.3000000E-01    3.2311212E+01    1.7864893E+01
    4.3400000E-01    3.2418100E+01    1.7906572E+01
    4.3800000E-01    3.2525022E+01    1.7947722E+01
    4.4200000E-01    3.2631977E+01    1.7988348E+01
    4.4600000E-01    3.2738966E+01    1.8028455E+01
    4.5000000E-01    3.2845988E+01    1.8068051E+01
    4.5400000E-01    3.2953045E+01    1.8107140E+01
    4.5800000E-01    3.3060135E+01    1.8145729E+01
    4.6200000E-01    3.3167260E+01    1.8183822E+01
    4.6600000E-01    3.3274419E+01    1.8221426E+01
    4.7000000E-01    3.3381611E+01    1.8258545E+01
    4.7400000E-01    3.3488839E+01    1.8295186E+01
    4.7800000E-01    3.3596100E+01    1.8331353E+01
    4.8200000E-01    3.3703396E+01    1.8367053E+01
    4.8600000E-01    3.3810727E+01    1.8402290E+01
    4.9000000E-01    3.3918092E+01    1.8437070E+01
    4.9400000E-01    3.4025492E+01    1.8471397E+01
    4.9800000E-01    3.4132926E+01    1.8505277E+01
    5.0200000E-01    3.4240396E+01    1.8538715E+01
    5.0600000E-01    3.4347900E+01    1.8571717E+01
    5.1000000E-01    3.4455440E+01    1.8604286E+01
    5.1400000E-01    3.4563014E+01    1.8636429E+01
    5.1800000E-01    3.4670624E+01    1.8668149E+01
    5.2200000E-01    3.4778269E+01    1.8699452E+01
    5.2600000E-01    3.4885950E+01    1.8730343E+01
    5.3000000E-01    3.4993666E+01    1.8760826E+01
    5.3400000E-01    3.5101417E+01    1.8790907E+01
    5.3800000E-01    3.5209204E+01    1.8820589E+01
    5.4200000E-01    3.5317027E+01    1.8849877E+01
    5.4600000E-01    3.5424886E+01    1.8878776E+01
    5.5000000E-01    3.5532780E+01    1.8907291E+01
    5.5400000E-01    3.5640711E+01    1.8935426E+01
    5.5800000E-01    3.5748677E+01    1.8963186E+01
    5.6200000E-01    3.5856680E+01    1.8990574E+01
    5.6600000E-01    3.5964719E+01    1.9017595E+01
    5.7000000E-01    3.6072794E+01    1.9044254E+01
    5.7400000E-01    3.6180905E+01    1.9070555E+01
    5.7800000E-01    3.6289053E+01    1.9096501E+01
    5.8200000E-01    3.6397238E+01    1.9122098E+01
    5.8600000E-01    3.6505459E+01    1.9147350E+01
    5.9000000E-01    3.6613717E+01    1.9172260E+01
    5.9400000E-01    3.6722012E+01    1.9196832E+01
    5.9800000E-01    3.6830344E+01    1.9221071E+01
    6.0200000E-01    3.6938712E+01    1.9244980E+01
    6.0600000E-01    3.7047118E+01    1.9268564E+01
    6.1000000E-01    3.7155561E+01    1.9291827E+01
    6.1400000E-01    3.7264041E+01    1.9314771E+01
    6.1800000E-01    3.7372559E+01    1.9337402E+01
    6.2200000E-01    3.7481114E+01    1.9359723E+01
    6.2600000E-01    3.7589706E+01    1.9381737E+01
    6.3000000E-01    3.7698336E+01    1.9403449E+01
    6.3400000E-01    3.7807004E+01    1.9424861E+01
    6.3800000E-01    3.7915710E+01    1.9445979E+01
    6.4200000E-01    3.8024453E+01    1.9466804E+01
    6.4600000E-01    3.8133235E+01    1.9487341E+01
    6.5000000E-01    3.8242054E+01    1.9507594E+01
    6.5400000E-01    3.8350911E+01    1.9527565E+01
    6.5800000E-01    3.8459807E+01    1.9547259E+01
    6.6200000E-01    3.8568741E+01    1.9566678E+01
    6.6600000E-01    3.8677714E+01    1.9585827E+01
    6.7000000E-01    3.8786725E+01    1.9604707E+01
    6.7400000E-01    3.8895774E+01    1.9623324E+01
    6.7800000E-01    3.9004862E+01    1.9641679E+01
    6.8200000E-01    3.9113989E+01    1.9659777E+01
    6.8600000E-01    3.9223155E+01    1.9677620E+01
    6.9000000E-01    3.9332360E+01    1.9695212E+01
    6.9400000E-01    3.9441603E+01    1.9712555E+01
    6.9800000E-01    3.9550886E+01    1.9729653E+01
    7.0200000E-01    3.9660208E+01    1.9746509E+01
    7.0600000E-01    3.9769569E+01    1.9763126E+01
    7.1000000E-01    3.9878970E+01    1.9779507E+01
    7.1400000E-01    3.9988410E+01    1.9795655E+01
    7.1800000E-01    4.0097889E+01    1.9811572E+01
    7.2200000E-01    4.0207408E+01    1.9827263E+01
    7.2600000E-01    4.0316967E+01    1.9842729E+01
    7.3000000E-01    4.0426566E+01    1.9857973E+01
    7.3400000E-01    4.0536204E+01    1.9872999E+01
    7.3800000E-01    4.0645883E+01    1.9887809E+01
    7.4200000E-01    4.0755601E+01    1.9902405E+01
    7.4600000E-01    4.0865360E+01    1.9916791E+01
    7.5000000E-01    4.0975159E+01    1.9930970E+01
    7.5400000E-01    4.1084998E+01    1.9944943E+01
    7.5800000E-01    4.1194878E+01    1.9958714E+01
    7.6200000E-01    4.1304799E+01    1.9972285E+01
    7.6600000E-01    4.1414759E+01    1.9985659E+01
    7.7000000E-01    4.1524761E+01    1.9998838E+01
    7.7400000E-01    4.1634803E+01    2.0011824E+01
    7.7800000E-01    4.1744886E+01    2.0024621E+01
    7.8200000E-01    4.1855011E+01    2.0037231E+01
    7.8600000E-01    4.1965176E+01    2.0049656E+01
    7.9000000E-01    4.2075382E+01    2.0061899E+01
    7.9400000E-01    4.2185630E+01    2.0073961E+01
    7.9800000E-01    4.2295919E+01    2.0085846E+01
    8.0200000E-01    4.2406249E+01    2.0097556E+01
    8.0600000E-01    4.2516621E+01    2.0109092E+01
    8.1000000E-01    4.2627034E+01    2.0120458E+01
    8.1400000E-01    4.2737489E+01    2.0131655E+01
    8.1800000E-01    4.2847986E+01    2.0142686E+01
    8.2200000E-01    4.2958524E+01    2.0153553E+01
    8.2600000E-01    4.3069105E+01    2.0164258E+01
    8.3000000E-01    4.3179727E+01    2.0174803E+01
    8.3400000E-01    4.3290392E+01    2.0185191E+01
    8.3800000E-01    4.3401099E+01    2.0195423E+01
    8.4200000E-01    4.3511848E+01    2.0205502E+01
    8.4600000E-01    4.3622639E+01    2.0215429E+01
    8.5000000E-01    4.3733473E+01    2.0225207E+01
    8.5400000E-01    4.3844350E+01    2.0234837E+01
    8.5800000E-01    4.3955269E+01    2.0244322E+01
    8.6200000E-01    4.4066231E+01    2.0253664E+01
    8.6600000E-01    4.4177235E+01    2.0262864E+01
    8.7000000E-01    4.4288283E+01    2.0271925E+01
    8.7400000E-01    4.4399374E+01    2.0280847E+01
    8.7800000E-01    4.4510507E+01    2.0289635E+01
    8.8200000E-01    4.4621684E+01    2.0298288E+01
    8.8600000E-01    4.4732904E+01    2.0306809E+01
    8.9000000E-01    4.4844168E+01    2.0315199E+01
    8.9400000E-01    4.4955474E+01    2.0323461E+01
    8.9800000E-01    4.5066825E+01    2.0331597E+01
    9.0200000E-01    4.5178219E+01    2.0339607E+01
    9.0600000E-01    4.5289657E+01    2.0347494E+01
    9.1000000E-01    4.5401138E+01    2.0355259E+01
    9.1400000E-01    4.5512663E+01    2.0362904E+01
    9.1800000E-01    4.5624233E+01    2.0370431E+01
    9.2200000E-01    4.5735846E+01    2.0377841E+01
    9.2600000E-01    4.5847503E+01    2.0385137E+01
    9.3000000E-01    4.5959205E+01    2.0392318E+01
    9.3400000E-01    4.6070951E+01    2.0399388E+01
    9.3800000E-01    4.6182741E+01    2.0406348E+01
    9.4200000E-01    4.6294576E+01    2.0413199E+01
    9.4600000E-01    4.6406455E+01    2.0419942E+01
    9.5000000E-01    4.6518379E+01    2.0426580E+01
    9.5400000E-01    4.6630348E+01    2.0433114E+01
    9.5800000E-01    4.6742362E+01    2.0439545E+01
    9.6200000E-01    4.6854420E+01    2.0445874E+01
    9.6600000E-01    4.6966523E+01    2.0452104E+01
    9.7000000E-01    4.7078672E+01    2.0458235E+01
    9.7400000E-01    4.7190866E+01    2.0464269E+01
    9.7800000E-01    4.7303105E+01    2.0470207E+01
    9.8200000E-01    4.7415389E+01    2.0476051E+01
    9.8600000E-01    4.7527718E+01    2.0481802E+01
    9.9000000E-01    4.7640094E+01    2.0487461E+01
    9.9400000E-01    4.7752514E+01    2.0493030E+01
    9.9800000E-01    4.7864981E+01    2.0498510E+01
    1.0020000E+00    4.7977493E+01    2.0503902E+01
    1.0060000E+00    4.8090051E+01    2.0509207E+01
    1.0100000E+00    4.8202655E+01    2.0514427E+01
    1.0140000E+00    4.8315304E+01    2.0519563E+01
    1.0180000E+00    4.8428000E+01    2.0524617E+01
    1.0220000E+00    4.8540742E+01    2.0529588E+01
    1.0260000E+00    4.8653531E+01    2.0534479E+01
    1.0300000E+00    4.8766365E+01    2.0539291E+01
    1.0340000E+00    4.8879246E+01    2.0544025E+01
    1.0380000E+00    4.8992174E+01    2.0548682E+01
    1.0420000E+00    4.9105148E+01    2.0553262E+01
    1.0460000E+00    4.9218169E+01    2.0557769E+01
    1.0500000E+00    4.9331236E+01    2.0562201E+01
    1.0540000E+00    4.9444350E+01    2.0566561E+01
    1.0580000E+00    4.9557512E+01    2.0570849E+01
    1.0620000E+00    4.9670720E+01    2.0575067E+01
    1.0660000E+00    4.9783975E+01    2.0579216E+01
    1.0700000E+00    4.9897277E+01    2.0583296E+01
    1.0740000E+00    5.0010627E+01    2.0587309E+01
    1.0780000E+00    5.0124024E+01    2.0591255E+01
    1.0820000E+00    5.0237468E+01    2.0595136E+01
    1.0860000E+00    5.0350959E+01    2.0598952E+01
    1.0900000E+00    5.0464499E+01    2.0602706E+01
    1.0940000E+00    5.0578085E+01    2.0606396E+01
    1.0980000E+00    5.0691720E+01    2.0610025E+01
    1.1020000E+00    5.0805402E+01    2.0613594E+01
    1.1060000E+00    5.0919132E+01    2.0617102E+01
    1.1100000E+00    5.1032910E+01    2.0620552E+01
    1.1140000E+00    5.1146736E+01    2.0623944E+01
    1.1180000E+00    5.1260610E+01    2.0627279E+01
    1.1220000E+00    5.1374532E+01    2.0630558E+01
    1.1260000E+00    5.1488502E+01    2.0633781E+01
    1.1300000E+00    5.1602520E+01    2.0636950E+01
    1.1340000E+00    5.1716587E+01    2.0640065E+01
    1.1380000E+00    5.1830702E+01    2.0643128E+01
    1.1420000E+00    5.1944866E+01    2.0646138E+01
    1.1460000E+00    5.2059079E+01    2.0649097E+01
    1.1500000E+00    5.2173340E+01    2.0652006E+01
    1.1540000E+00    5.2287649E+01    2.0654865E+01
    1.1580000E+00    5.2402008E+01    2.0657675E+01
    1.1620000E+00    5.2516415E+01    2.0660436E+01
    1.1660000E+00    5.2630871E+01    2.0663151E+01
    1.1700000E+00    5.2745377E+01    2.0665818E+01
    1.1740000E+00    5.2859931E+01    2.0668440E+01
    1.1780000E+00    5.2974534E+01    2.0671017E+01
    1.1820000E+00    5.3089187E+01    2.0673549E+01
    1.1860000E+00    5.3203889E+01    2.0676037E+01
    1.1900000E+00    5.3318640E+01    2.0678482E+01
    1.1940000E+00    5.3433441E+01    2.0680884E+01
    1.1980000E+00    5.3548291E+01    2.0683245E+01
    1.2020000E+00    5.3663191E+01    2.0685564E+01
    1.2060000E+00    5.3778140E+01    2.0687843E+01
    1.2100000E+00    5.3893139E+01    2.0690082E+01
    1.2140000E+00    5.4008187E+01    2.0692282E+01
    1.2180000E+00    5.4123286E+01    2.0694443E+01
    1.2220000E+00    5.4238434E+01    2.0696566E+01
    1.2260000E+00    5.4353632E+01    2.0698652E+01
    1.2300000E+00    5.4468880E+01    2.0700701E+01
    1.2340000E+00    5.4584179E+01    2.0702714E+01
    1.2380000E+00    5.4699527E+01    2.0704691E+01
    1.2420000E+00    5.4814925E+01    2.0706632E+01
    1.2460000E+00    5.4930374E+01    2.0708540E+01
    1.2500000E+00    5.5045873E+01    2.0710413E+01
    1.2540000E+00    5.5161422E+01    2.0712253E+01
    1.2580000E+00    5.5277022E+01    2.0714060E+01
    1.2620000E+00    5.5392672E+01    2.0715835E+01
    1.2660000E+00    5.5508373E+01    2.0717578E+01
    1.2700000E+00    5.5624124E+01    2.0719290E+01
    1.2740000E+00    5.5739926E+01    2.0720970E+01
    1.2780000E+00    5.5855778E+01    2.0722621E+01
    1.2820000E+00    5.5971681E+01    2.0724242E+01
    1.2860000E+00    5.6087635E+01    2.0725833E+01
    1.2900000E+00    5.6203640E+01    2.0727395E+01
    1.2940000E+00    5.6319696E+01    2.0728929E+01
    1.2980000E+00    5.6435803E+01    2.0730436E+01
    1.3020000E+00    5.6551960E+01    2.0731914E+01
    1.3060000E+00    5.6668169E+01    2.0733366E+01
    1.3100000E+00    5.6784429E+01    2.0734791E+01
    1.3140000E+00    5.6900739E+01    2.0736190E+01
    1.3180000E+00    5.7017101E+01    2.0737564E+01
    1.3220000E+00    5.7133515E+01    2.0738912E+01
    1.3260000E+00    5.7249979E+01    2.0740235E+01
    1.3300000E+00    5.7366495E+01    2.0741534E+01
    1.3340000E+00    5.7483062E+01    2.0742808E+01
    1.3380000E+00    5.7599681E+01    2.0744060E+01
    1.3420000E+00    5.7716351E+01    2.0745287E+01
    1.3460000E+00    5.7833072E+01    2.0746492E+01
    1.3500000E+00    5.7949845E+01    2.0747675E+01
    1.3540000E+00    5.8066670E+01    2.0748836E+01
    1.3580000E+00    5.8183546E+01    2.0749974E+01
    1.3620000E+00    5.8300474E+01    2.0751092E+01
    1.3660000E+00    5.8417454E+01    2.0752188E+01
    1.3700000E+00    5.8534485E+01    2.0753264E+01
    1.3740000E+00    5.8651568E+01    2.0754320E+01
    1.3780000E+00    5.8768703E+01    2.0755355E+01
    1.3820000E+00    5.8885889E+01    2.0756371E+01
    1.3860000E+00    5.9003128E+01    2.0757368E+01
    1.3900000E+00    5.9120418E+01    2.0758346E+01
    1.3940000E+00    5.9237760E+01    2.0759305E+01
    1.3980000E+00    5.9355154E+01    2.0760246E+01
    1.4020000E+00    5.9472600E+01    2.0761169E+01
    1.4060000E+00    5.9590098E+01    2.0762075E+01
    1.4100000E+00    5.9707649E+01    2.0762963E+01
    1.4140000E+00    5.9825251E+01    2.0763833E+01
    1.4180000E+00    5.9942905E+01    2.0764688E+01
    1.4220000E+00    6.0060611E+01    2.0765525E+01
    1.4260000E+00    6.0178370E+01    2.0766347E+01
    1.4300000E+00    6.0296180E+01    2.0767152E+01
    1.4340000E+00    6.0414043E+01    2.0767942E+01
    1.4380000E+00    6.0531958E+01    2.0768717E+01
    1.4420000E+00    6.0649925E+01    2.0769476E+01
    1.4460000E+00    6.0767944E+01    2.0770221E+01
    1.4500000E+00    6.0886016E+01    2.0770951E+01
    1.4540000E+00    6.1004140E+01    2.0771667E+01
    1.4580000E+00    6.1122316E+01    2.0772368E+01
    1.4620000E+00    6.1240544E+01    2.0773056E+01
    1.4660000E+00    6.1358825E+01    2.0773731E+01
    1.4700000E+00    6.1477158E+01    2.0774392E+01
    1.4740000E+00    6.1595543E+01    2.0775039E+01
    1.4780000E+00    6.1713980E+01    2.0775675E+01
    1.4820000E+00    6.1832470E+01    2.0776297E+01
    1.4860000E+00    6.1951012E+01    2.0776907E+01
    1.4900000E+00    6.2069606E+01    2.0777505E+01
    1.4940000E+00    6.2188253E+01    2.0778091E+01
    1.4980000E+00    6.2306952E+01    2.0778665E+01
    1.5020000E+00    6.2425704E+01    2.0779227E+01
    1.5060000E+00    6.2544507E+01    2.0779779E+01
    1.5100000E+00    6.2663363E+01    2.0780319E+01
    1.5140000E+00    6.2782272E+01    2.0780848E+01
    1.5180000E+00    6.2901232E+01    2.0781366E+01
    1.5220000E+00    6.3020245E+01    2.0781874E+01
    1.5260000E+00    6.3139310E+01    2.0782372E+01
    1.5300000E+00    6.3258428E+01    2.0782859E+01
    1.5340000E+00    6.3377598E+01    2.0783337E+01
    1.5380000E+00    6.3496820E+01    2.0783805E+01
    1.5420000E+00    6.3616094E+01    2.0784263E+01
    1.5460000E+00    6.3735420E+01    2.0784711E+01
    1.5500000E+00    6.3854799E+01    2.0785151E+01
    1.5540000E+00    6.3974230E+01    2.0785581E+01
    1.5580000E+00    6.4093713E+01    2.0786002E+01
    1.5620000E+00    6.4213248E+01    2.0786415E+01
    1.5660000E+00    6.4332836E+01    2.0786819E+01
    1.5700000E+00    6.4452475E+01    2.0787215E+01
    1.5740000E+00    6.4572167E+01    2.0787602E+01
    1.5780000E+00    6.4691910E+01    2.0787981E+01
    1.5820000E+00    6.4811706E+01    2.0788352E+01
    1.5860000E+00    6.4931553E+01    2.0788716E+01
    1.5900000E+00    6.5051453E+01    2.0789072E+01
    1.5940000E+00    6.5171404E+01    2.0789420E+01
    1.5980000E+00    6.5291408E+01    2.0789761E+01
    1.6020000E+00    6.5411463E+01    2.0790094E+01
    1.6060000E+00    6.5531570E+01    2.0790421E+01
    1.6100000E+00    6.5651729E+01    2.0790740E+01
    1.6140000E+00    6.5771939E+01    2.0791053E+01
    1.6180000E+00    6.5892201E+01    2.0791358E+01
    1.6220000E+00    6.6012515E+01    2.0791658E+01
    1.6260000E+00    6.6132881E+01    2.0791951E+01
    1.6300000E+00    6.6253298E+01    2.0792237E+01
    1.6340000E+00    6.6373766E+01    2.0792517E+01
    1.6380000E+00    6.6494286E+01    2.0792791E+01
    1.6420000E+00    6.6614857E+01    2.0793060E+01
    1.6460000E+00    6.6735480E+01    2.0793322E+01
    1.6500000E+00    6.6856154E+01    2.0793578E+01
    1.6540000E+00    6.6976879E+01    2.0793829E+01
    1.6580000E+00    6.7097655E+01    2.0794075E+01
    1.6620000E+00    6.7218482E+01    2.0794315E+01
    1.6660000E+00    6.7339360E+01    2.0794549E+01
    1.6700000E+00    6.7460290E+01    2.0794779E+01
    1.6740000E+00    6.7581270E+01    2.0795003E+01
    1.6780000E+00    6.7702301E+01    2.0795222E+01
    1.6820000E+00    6.7823382E+01    2.0795437E+01
    1.6860000E+00    6.7944514E+01    2.0795646E+01
    1.6900000E+00    6.8065697E+01    2.0795851E+01
    1.6940000E+00    6.8186930E+01    2.0796051E+01
    1.6980000E+00    6.8308214E+01    2.0796247E+01
    1.7020000E+00    6.8429548E+01    2.0796438E+01
    1.7060000E+00    6.8550933E+01    2.0796624E+01
    1.7100000E+00    6.8672367E+01    2.0796807E+01
    1.7140000E+00    6.8793851E+01    2.0796985E+01
    1.7180000E+00    6.8915386E+01    2.0797159E+01
    1.7220000E+00    6.9036970E+01    2.0797330E+01
    1.7260000E+00    6.9158604E+01    2.0797496E+01
    1.7300000E+00    6.9280288E+01    2.0797658E+01
    1.7340000E+00    6.9402021E+01    2.0797817E+01
    1.7380000E+00    6.9523804E+01    2.0797971E+01
    1.7420000E+00    6.9645636E+01    2.0798123E+01
    1.7460000E+00    6.9767518E+01    2.0798270E+01
    1.7500000E+00    6.9889448E+01    2.0798414E+01
    1.7540000E+00    7.0011428E+01    2.0798555E+01
    1.7580000E+00    7.0133456E+01    2.0798692E+01
    1.7620000E+00    7.0255533E+01    2.0798827E+01
    1.7660000E+00    7.0377659E+01    2.0798957E+01
    1.7700000E+00    7.0499834E+01    2.0799085E+01
    1.7740000E+00    7.0622057E+01    2.0799210E+01
    1.7780000E+00    7.0744328E+01    2.0799331E+01
    1.7820000E+00    7.0866647E+01    2.0799450E+01
    1.7860000E+00    7.0989014E+01    2.0799566E+01
    1.7900000E+00    7.1111430E+01    2.0799678E+01
    1.7940000E+00    7.1233893E+01    2.0799788E+01
    1.7980000E+00    7.1356403E+01    2.0799896E+01
    1.8020000E+00    7.1478961E+01    2.0800001E+01
    1.8060000E+00    7.1601567E+01    2.0800103E+01
    1.8100000E+00    7.1724219E+01    2.0800202E+01
    1.8140000E+00    7.1846919E+01    2.0800299E+01
    1.8180000E+00    7.1969665E+01    2.0800394E+01
    1.8220000E+00    7.2092458E+01    2.0800486E+01
    1.8260000E+00    7.2215298E+01    2.0800576E+01
    1.8300000E+00    7.2338184E+01    2.0800663E+01
    1.8340000E+00    7.2461117E+01    2.0800748E+01
    1.8380000E+00    7.2584095E+01    2.0800832E+01
    1.8420000E+00    7.2707119E+01    2.0800912E+01
    1.8460000E+00    7.2830189E+01    2.0800991E+01
    1.8500000E+00    7.2953305E+01    2.0801068E+01
    1.8540000E+00    7.3076466E+01    2.0801143E+01
    1.8580000E+00    7.3199672E+01    2.0801215E+01
    1.8620000E+00    7.3322923E+01    2.0801286E+01
    1.8660000E+00    7.3446219E+01    2.0801355E+01
    1.8700000E+00    7.3569560E+01    2.0801422E+01
    1.8740000E+00    7.3692944E+01    2.0801488E+01
    1.8780000E+00    7.3816374E+01    2.0801551E+01
    1.8820000E+00    7.3939847E+01    2.0801613E+01
    1.8860000E+00    7.4063364E+01    2.0801673E+01
    1.8900000E+00    7.4186925E+01    2.0801731E+01
    1.8940000E+00    7.4310529E+01    2.0801788E+01
    1.8980000E+00    7.4434176E+01    2.0801843E+01
    1.9020000E+00    7.4557866E+01    2.0801897E+01
    1.9060000E+00    7.4681599E+01    2.0801949E+01
    1.9100000E+00    7.4805375E+01    2.0802000E+01
    1.9140000E+00    7.4929193E+01    2.0802049E+01
    1.9180000E+00    7.5053053E+01    2.0802097E+01
    1.9220000E+00    7.5176954E+01    2.0802143E+01
    1.9260000E+00    7.5300898E+01    2.0802188E+01
    1.9300000E+00    7.5424883E+01    2.0802232E+01
    1.9340000E+00    7.5548909E+01    2.0802274E+01
    1.9380000E+00    7.5672976E+01    2.0802315E+01
    1.9420000E+00    7.5797083E+01    2.0802355E+01
    1.9460000E+00    7.5921231E+01    2.0802394E+01
    1.9500000E+00    7.6045419E+01    2.0802431E+01
    1.9540000E+00    7.6169647E+01    2.0802468E+01
    1.9580000E+00    7.6293915E+01    2.0802503E+01
    1.9620000E+00    7.6418222E+01    2.0802537E+01
    1.9660000E+00    7.6542568E+01    2.0802570E+01
    1.9700000E+00    7.6666953E+01    2.0802602E+01
    1.9740000E+00    7.6791377E+01    2.0802633E+01
    1.9780000E+00    7.6915838E+01    2.0802663E+01
    1.9820000E+00    7.7040338E+01    2.0802692E+01
    1.9860000E+00    7.7164876E+01    2.0802720E+01
    1.9900000E+00    7.7289451E+01    2.0802748E+01
    1.9940000E+00    7.7414063E+01    2.0802774E+01
    1.9980000E+00    7.7538711E+01    2.0802799E+01
    2.0020000E+00    7.7663397E+01    2.0802824E+01
    2.0060000E+00    7.7788118E+01    2.0802847E+01
    2.0100000E+00    7.7912876E+01    2.0802870E+01
    2.0140000E+00    7.8037669E+01    2.0802892E+01
    2.0180000E+00    7.8162497E+01    2.0802913E+01
    2.0220000E+00    7.8287361E+01    2.0802934E+01
    2.0260000E+00    7.8412258E+01    2.0802953E+01
    2.0300000E+00    7.8537191E+01    2.0802972E+01
    2.0340000E+00    7.8662157E+01    2.0802990E+01
    2.0380000E+00    7.8787157E+01    2.0803008E+01
    2.0420000E+00    7.8912190E+01    2.0803025E+01
    2.0460000E+00    7.9037256E+01    2.0803041E+01
    2.0500000E+00    7.9162355E+01    2.0803057E+01
    2.0540000E+00    7.9287486E+01    2.0803072E+01
    2.0580000E+00    7.9412649E+01    2.0803086E+01
    2.0620000E+00    7.9537843E+01    2.0803100E+01
    2.0660000E+00    7.9663069E+01    2.0803113E+01
    2.0700000E+00    7.9788325E+01    2.0803125E+01
    2.0740000E+00    7.9913612E+01    2.0803137E+01
    2.0780000E+00    8.0038929E+01    2.0803149E+01
    2.0820000E+00    8.0164275E+01    2.0803160E+01
    2.0860000E+00    8.0289651E+01    2.0803170E+01
    2.0900000E+00    8.0415056E+01    2.0803180E+01
    2.0940000E+00    8.0540489E+01    2.0803189E+01
    2.0980000E+00    8.0665950E+01    2.0803198E+01
    2.1020000E+00    8.0791439E+01    2.0803207E+01
    2.1060000E+00    8.0916956E+01    2.0803215E+01
    2.1100000E+00    8.1042499E+01    2.0803223E+01
    2.1140000E+00    8.1168068E+01    2.0803230E+01
    2.1180000E+00    8.1293664E+01    2.0803236E+01
    2.1220000E+00    8.1419285E+01    2.0803243E+01
    2.1260000E+00    8.1544932E+01    2.0803249E+01
    2.1300000E+00    8.1670603E+01    2.0803254E+01
    2.1340000E+00    8.1796299E+01    2.0803260E+01
    2.1380000E+00    8.1922018E+01    2.0803265E+01
    2.1420000E+00    8.2047761E+01    2.0803269E+01
    2.1460000E+00    8.2173527E+01    2.0803273E+01
    2.1500000E+00    8.2299315E+01    2.0803277E+01
    2.1540000E+00    8.2425125E+01    2.0803281E+01
    2.1580000E+00    8.2550957E+01    2.0803284E+01
    2.1620000E+00    8.2676810E+01    2.0803287E+01
    2.1660000E+00    8.2802684E+01    2.0803289E+01
    2.1700000E+00    8.2928578E+01    2.0803292E+01
    2.1740000E+00    8.3054491E+01    2.0803294E+01
    2.1780000E+00    8.3180424E+01    2.0803295E+01
    2.1820000E+00    8.3306375E+01    2.0803297E+01
    2.1860000E+00    8.3432345E+01    2.0803298E+01
    2.1900000E+00    8.3558332E+01    2.0803299E+01
    2.1940000E+00    8.3684336E+01    2.0803300E+01
    2.1980000E+00    8.3810357E+01    2.0803300E+01
    2.2020000E+00    8.3936394E+01    2.0803301E+01
    2.2060000E+00    8.4062446E+01    2.0803301E+01
    2.2100000E+00    8.4188514E+01    2.0803301E+01
    2.2140000E+00    8.4314596E+01    2.0803300E+01
    2.2180000E+00    8.4440692E+01    2.0803300E+01
    2.2220000E+00    8.4566802E+01    2.0803299E+01
    2.2260000E+00    8.4692924E+01    2.0803298E+01
    2.2300000E+00    8.4819059E+01    2.0803297E+01
    2.2340000E+00    8.4945206E+01    2.0803296E+01
    2.2380000E+00    8.5071363E+01    2.0803294E+01
    2.2420000E+00    8.5197532E+01    2.0803292E+01
    2.2460000E+00    8.5323710E+01    2.0803291E+01
    2.2500000E+00    8.5449898E+01    2.0803289E+01
    2.2540000E+00    8.5576094E+01    2.0803287E+01
    2.2580000E+00    8.5702299E+01    2.0803284E+01
    2.2620000E+00    8.5828512E+01    2.0803282E+01
    2.2660000E+00    8.5954731E+01    2.0803280E+01
    2.2700000E+00    8.6080957E+01    2.0803277E+01
    2.2740000E+00    8.6207189E+01    2.0803274E+01
    2.2780000E+00    8.6333426E+01    2.0803271E+01
    2.2820000E+00    8.6459667E+01    2.0803268E+01
    2.2860000E+00    8.6585913E+01    2.0803265E+01
    2.2900000E+00    8.6712162E+01    2.0803262E+01
    2.2940000E+00    8.6838413E+01    2.0803259E+01
    2.2980000E+00    8.6964667E+01    2.0803255E+01
    2.3020000E+00    8.7090921E+01    2.0803252E+01
    2.3060000E+00    8.7217177E+01    2.0803248E+01
    2.3100000E+00    8.7343432E+01    2.0803245E+01
    2.3140000E+00    8.7469687E+01    2.0803241E+01
    2.3180000E+00    8.7595940E+01    2.0803237E+01
    2.3220000E+00    8.7722192E+01    2.0803233E+01
    2.3260000E+00    8.7848440E+01    2.0803229E+01
    2.3300000E+00    8.7974686E+01    2.0803225E+01
    2.3340000E+00    8.8100927E+01    2.0803221E+01
    2.3380000E+00    8.8227163E+01    2.0803217E+01
    2.3420000E+00    8.8353393E+01    2.0803212E+01
    2.3460000E+00    8.8479618E+01    2.0803208E+01
    2.3500000E+00    8.8605835E+01    2.0803204E+01
    2.3540000E+00    8.8732045E+01    2.0803199E+01
    2.3580000E+00    8.8858246E+01    2.0803195E+01
    2.3620000E+00    8.8984438E+01    2.0803190E+01
    2.3660000E+00    8.9110620E+01    2.0803186E+01
    2.3700000E+00    8.9236791E+01    2.0803181E+01
    2.3740000E+00    8.9362951E+01    2.0803176E+01
    2.3780000E+00    8.9489098E+01    2.0803172E+01
    2.3820000E+00    8.9615232E+01    2.0803167E+01
    2.3860000E+00    8.9741353E+01    2.0803162E+01
    2.3900000E+00    8.9867459E+01    2.0803157E+01
    2.3940000E+00    8.9993549E+01    2.0803152E+01
    2.3980000E+00    9.0119623E+01    2.0803148E+01
    2.4020000E+00    9.0245680E+01    2.0803143E+01
    2.4060000E+00    9.0371720E+01    2.0803138E+01
    2.4100000E+00    9.0497740E+01    2.0803133E+01
    2.4140000E+00    9.0623741E+01    2.0803128E+01
    2.4180000E+00    9.0749722E+01    2.0803123E+01
    2.4220000E+00    9.0875682E+01    2.0803118E+01
    2.4260000E+00    9.1001619E+01    2.0803113E+01
    2.4300000E+00    9.1127534E+01    2.0803108E+01
    2.4340000E+00    9.1253425E+01    2.0803103E+01
    2.4380000E+00    9.1379291E+01    2.0803098E+01
    2.4420000E+00    9.1505132E+01    2.0803093E+01
    2.4460000E+00    9.1630946E+01    2.0803088E+01
    2.4500000E+00    9.1756734E+01    2.0803083E+01
    2.4540000E+00    9.1882493E+01    2.0803078E+01
    2.4580000E+00    9.2008223E+01    2.0803073E+01
    2.4620000E+00    9.2133923E+01    2.0803068E+01
    2.4660000E+00    9.2259592E+01    2.0803062E+01
    2.4700000E+00    9.2385229E+01    2.0803057E+01
    2.4740000E+00    9.2510834E+01    2.0803052E+01
    2.4780000E+00    9.2636405E+01    2.0803047E+01
    2.4820000E+00    9.2761941E+01    2.0803042E+01
    2.4860000E+00    9.2887442E+01    2.0803037E+01
    2.4900000E+00    9.3012907E+01    2.0803032E+01
    2.4940000E+00    9.3138333E+01    2.0803027E+01
    2.4980000E+00    9.3263722E+01    2.0803022E+01
    2.5020000E+00    9.3389071E+01    2.0803017E+01
    2.5060000E+00    9.3514380E+01    2.0803012E+01
    2.5100000E+00    9.3639647E+01    2.0803007E+01
    2.5140000E+00    9.3764872E+01    2.0803002E+01
    2.5180000E+00    9.3890054E+01    2.0802997E+01
    2.5220000E+00    9.4015191E+01    2.0802992E+01
    2.5260000E+00    9.4140283E+01    2.0802987E+01
    2.5300000E+00    9.4265328E+01    2.0802982E+01
    2.5340000E+00    9.4390326E+01    2.0802977E+01
    2.5380000E+00    9.4515275E+01    2.0802973E+01
    2.5420000E+00    9.4640175E+01    2.0802968E+01
    2.5460000E+00    9.4765025E+01    2.0802963E+01
    2.5500000E+00    9.4889822E+01    2.0802958E+01
    2.5540000E+00    9.5014567E+01    2.0802953E+01
    2.5580000E+00    9.5139258E+01    2.0802948E+01
    2.5620000E+00    9.5263895E+01    2.0802944E+01
    2.5660000E+00    9.5388475E+01    2.0802939E+01
    2.5700000E+00    9.5512998E+01    2.0802934E+01
    2.5740000E+00    9.5637464E+01    2.0802929E+01
    2.5780000E+00    9.5761870E+01    2.0802925E+01
    2.5820000E+00    9.5886215E+01    2.0802920E+01
    2.5860000E+00    9.6010499E+01    2.0802915E+01
    2.5900000E+00    9.6134721E+01    2.0802911E+01
    2.5940000E+00    9.6258878E+01    2.0802906E+01
    2.5980000E+00    9.6382971E+01    2.0802902E+01
    2.6020000E+00    9.6506998E+01    2.0802897E+01
    2.6060000E+00    9.6630957E+01    2.0802893E+01
    2.6100000E+00    9.6754848E+01    2.0802888E+01
    2.6140000E+00    9.6878670E+01    2.0802884E+01
    2.6180000E+00    9.7002421E+01    2.0802879E+01
    2.6220000E+00    9.7126099E+01    2.0802875E+01
    2.6260000E+00    9.7249705E+01    2.0802870E+01
    2.6300000E+00    9.7373237E+01    2.0802866E+01
    2.6340000E+00    9.7496692E+01    2.0802862E+01
    2.6380000E+00    9.7620072E+01    2.0802857E+01
    2.6420000E+00    9.7743373E+01    2.0802853E+01
    2.6460000E+00    9.7866595E+01    2.0802849E+01
    2.6500000E+00    9.7989736E+01    2.0802845E+01
    2.6540000E+00    9.8112796E+01    2.0802841E+01
    2.6580000E+00    9.8235773E+01    2.0802836E+01
    2.6620000E+00    9.8358665E+01    2.0802832E+01
    2.6660000E+00    9.8481472E+01    2.0802828E+01
    2.6700000E+00    9.8604193E+01    2.0802824E+01
    2.6740000E+00    9.8726825E+01    2.0802820E+01
    2.6780000E+00    9.8849368E+01    2.0802816E+01
    2.6820000E+00    9.8971821E+01    2.0802812E+01
    2.6860000E+00    9.9094181E+01    2.0802808E+01
    2.6900000E+00    9.9216448E+01    2.0802804E+01
    2.6940000E+00    9.9338621E+01    2.0802800E+01
    2.6980000E+00    9.9460698E+01    2.0802796E+01
    2.7020000E+00    9.9582677E+01    2.0802793E+01
    2.7060000E+00    9.9704558E+01    2.0802789E+01
    2.7100000E+00    9.9826339E+01    2.0802785E+01
    2.7140000E+00    9.9948019E+01    2.0802781E+01
    2.7180000E+00    1.0006960E+02    2.0802777E+01
    2.7220000E+00    1.0019107E+02    2.0802774E+01
    2.7260000E+00    1.0031244E+02    2.0802770E+01
    2.7300000E+00    1.0043370E+02    2.0802767E+01
    2.7340000E+00    1.0055485E+02    2.0802763E+01
    2.7380000E+00    1.0067589E+02    2.0802759E+01
    2.7420000E+00    1.0079683E+02    2.0802756E+01
    2.7460000E+00    1.0091765E+02    2.0802752E+01
    2.7500000E+00    1.0103835E+02    2.0802749E+01
    2.7540000E+00    1.0115894E+02    2.0802745E+01
    2.7580000E+00    1.0127942E+02    2.0802742E+01
    2.7620000E+00    1.0139977E+02    2.0802739E+01
    2.7660000E+00    1.0152001E+02    2.0802735E+01
    2.7700000E+00    1.0164013E+02    2.0802732E+01
    2.7740000E+00    1.0176012E+02    2.0802729E+01
    2.7780000E+00    1.0187999E+02    2.0802725E+01
    2.7820000E+00    1.0199973E+02    2.0802722E+01
    2.7860000E+00    1.0211935E+02    2.0802719E+01
    2.7900000E+00    1.0223884E+02    2.0802716E+01
    2.7940000E+00    1.0235819E+02    2.0802713E+01
    2.7980000E+00    1.0247742E+02    2.0802709E+01
    2.8020000E+00    1.0259652E+02    2.0802706E+01
    2.8060000E+00    1.0271547E+02    2.0802703E+01
    2.8100000E+00    1.0283430E+02    2.0802700E+01
    2.8140000E+00    1.0295298E+02    2.0802697E+01
    2.8180000E+00    1.0307153E+02    2.0802694E+01
    2.8220000E+00    1.0318994E+02    2.0802691E+01
    2.8260000E+00    1.0330820E+02    2.0802688E+01
    2.8300000E+00    1.0342632E+02    2.0802686E+01
    2.8340000E+00    1.0354430E+02    2.0802683E+01
    2.8380000E+00    1.0366213E+02    2.0802680E+01
    2.8420000E+00    1.0377980E+02    2.0802677E+01
    2.8460000E+00    1.0389733E+02    2.0802674E+01
    2.8500000E+00    1.0401471E+02    2.0802672E+01
    2.8540000E+00    1.0413194E+02    2.0802669E+01
    2.8580000E+00    1.0424901E+02    2.0802666E+01
    2.8620000E+00    1.0436592E+02    2.0802664E+01
    2.8660000E+00    1.0448268E+02    2.0802661E+01
    2.8700000E+00    1.0459927E+02    2.0802658E+01
    2.8740000E+00    1.0471570E+02    2.0802656E+01
    2.8780000E+00    1.0483198E+02    2.0802653E+01
    2.8820000E+00    1.0494808E+02    2.0802651E+01
    2.8860000E+00    1.0506402E+02    2.0802648E+01
    2.8900000E+00    1.0517979E+02    2.0802646E+01
    2.8940000E+00    1.0529540E+02    2.0802643E+01
    2.8980000E+00    1.0541083E+02    2.0802641E+01
    2.9020000E+00    1.0552608E+02    2.0802639E+01
    2.9060000E+00    1.0564117E+02    2.0802636E+01
    2.9100000E+00    1.0575607E+02    2.0802634E+01
    2.9140000E+00    1.0587080E+02    2.0802632E+01
    2.9180000E+00    1.0598535E+02    2.0802629E+01
    2.9220000E+00    1.0609972E+02    2.0802627E+01
    2.9260000E+00    1.0621390E+02    2.0802625E+01
    2.9300000E+00    1.0632790E+02    2.0802623E+01
    2.9340000E+00    1.0644171E+02    2.0802620E+01
    2.9380000E+00    1.0655534E+02    2.0802618E+01
    2.9420000E+00    1.0666877E+02    2.0802616E+01
    2.9460000E+00    1.0678201E+02    2.0802614E+01
    2.9500000E+00    1.0689506E+02    2.0802612E+01
    2.9540000E+00    1.0700791E+02    2.0802610E+01
    2.9580000E+00    1.0712056E+02    2.0802608E+01
    2.9620000E+00    1.0723302E+02    2.0802606E+01
    2.9660000E+00    1.0734527E+02    2.0802604E+01
    2.9700000E+00    1.0745733E+02    2.0802602E+01
    2.9740000E+00    1.0756917E+02    2.0802600E+01
    2.9780000E+00    1.0768082E+02    2.0802598E+01
    2.9820000E+00    1.0779225E+02    2.0802596E+01
    2.9860000E+00    1.0790347E+02    2.0802594E+01
    2.9900000E+00    1.0801449E+02    2.0802592E+01
    2.9940000E+00    1.0812528E+02    2.0802591E+01
    2.9980000E+00    1.0823587E+02    2.0802589E+01
    3.0020000E+00    1.0834623E+02    2.0802587E+01
    3.0060000E+00    1.0845638E+02    2.0802585E+01
    3.0100000E+00    1.0856631E+02    2.0802584E+01
    3.0140000E+00    1.0867601E+02    2.0802582E+01
    3.0180000E+00    1.0878549E+02    2.0802580E+01
    3.0220000E+00    1.0889474E+02    2.0802579E+01
    3.0260000E+00    1.0900377E+02    2.0802577E+01
    3.0300000E+00    1.0911256E+02    2.0802575E+01
    3.0340000E+00    1.0922112E+02    2.0802574E+01
    3.0380000E+00    1.0932945E+02    2.0802572E+01
    3.0420000E+00    1.0943754E+02    2.0802571E+01
    3.0460000E+00    1.0954540E+02    2.0802569E+01
    3.0500000E+00    1.0965302E+02    2.0802568E+01
    3.0540000E+00    1.0976039E+02    2.0802566E+01
    3.0580000E+00    1.0986752E+02    2.0802565E+01
    3.0620000E+00    1.0997441E+02    2.0802563E+01
    3.0660000E+00    1.1008105E+02    2.0802562E+01
    3.0700000E+00    1.1018744E+02    2.0802560E+01
    3.0740000E+00    1.1029357E+02    2.0802559E+01
    3.0780000E+00    1.1039946E+02    2.0802558E+01
    3.0820000E+00    1.1050509E+02    2.0802556E+01
    3.0860000E+00    1.1061047E+02    2.0802555E+01
    3.0900000E+00    1.1071558E+02    2.0802554E+01
    3.0940000E+00    1.1082044E+02    2.0802552E+01
    3.0980000E+00    1.1092503E+02    2.0802551E+01
    3.1020000E+00    1.1102936E+02    2.0802550E+01
    3.1060000E+00    1.1113342E+02    2.0802548E+01
    3.1100000E+00    1.1123721E+02    2.0802547E+01
    3.1140000E+00    1.1134074E+02    2.0802546E+01
    3.1180000E+00    1.1144399E+02    2.0802545E+01
    3.1220000E+00    1.1154696E+02    2.0802544E+01
    3.1260000E+00    1.1164966E+02    2.0802543E+01
    3.1300000E+00    1.1175209E+02    2.0802541E+01
    3.1340000E+00    1.1185423E+02    2.0802540E+01
    3.1380000E+00    1.1195609E+02    2.0802539E+01
    3.1420000E+00    1.1205767E+02    2.0802538E+01
    3.1460000E+00    1.1215896E+02    2.0802537E+01
    3.1500000E+00    1.1225996E+02    2.0802536E+01
    3.1540000E+00    1.1236067E+02    2.0802535E+01
    3.1580000E+00    1.1246109E+02    2.0802534E+01
    3.1620000E+00    1.1256122E+02    2.0802533E+01
    3.1660000E+00    1.1266105E+02    2.0802532E+01
    3.1700000E+00    1.1276058E+02    2.0802531E+01
    3.1740000E+00    1.1285981E+02    2.0802530E+01
    3.1780000E+00    1.1295874E+02    2.0802529E+01
    3.1820000E+00    1.1305737E+02    2.0802528E+01
    3.1860000E+00    1.1315569E+02    2.0802527E+01
    3.1900000E+00    1.1325370E+02    2.0802526E+01
    3.1940000E+00    1.1335140E+02    2.0802526E+01
    3.1980000E+00    1.1344879E+02    2.0802525E+01
    3.2020000E+00    1.1354587E+02    2.0802524E+01
    3.2060000E+00    1.1364263E+02    2.0802523E+01
    3.2100000E+00    1.1373907E+02    2.0802522E+01
    3.2140000E+00    1.1383519E+02    2.0802521E+01
    3.2180000E+00    1.1393099E+02    2.0802521E+01
    3.2220000E+00    1.1402647E+02    2.0802520E+01
    3.2260000E+00    1.1412162E+02    2.0802519E+01
    3.2300000E+00    1.1421644E+02    2.0802518E+01
    3.2340000E+00    1.1431094E+02    2.0802518E+01
    3.2380000E+00    1.1440510E+02    2.0802517E+01
    3.2420000E+00    1.1449892E+02    2.0802516E+01
    3.2460000E+00    1.1459241E+02    2.0802515E+01
    3.2500000E+00    1.1468556E+02    2.0802515E+01
    3.2540000E+00    1.1477838E+02    2.0802514E+01
    3.2580000E+00    1.1487085E+02    2.0802513E+01
    3.2620000E+00    1.1496297E+02    2.0802513E+01
    3.2660000E+00    1.1505475E+02    2.0802512E+01
    3.2700000E+00    1.1514618E+02    2.0802512E+01
    3.2740000E+00    1.1523726E+02    2.0802511E+01
    3.2780000E+00    1.1532799E+02    2.0802510E+01
    3.2820000E+00    1.1541837E+02    2.0802510E+01
    3.2860000E+00    1.1550838E+02    2.0802509E+01
    3.2900000E+00    1.1559804E+02    2.0802509E+01
    3.2940000E+00    1.1568734E+02    2.0802508E+01
    3.2980000E+00    1.1577628E+02    2.0802508E+01
    3.3020000E+00    1.1586485E+02    2.0802507E+01
    3.3060000E+00    1.1595306E+02    2.0802506E+01
    3.3100000E+00    1.1604090E+02    2.0802506E+01
    3.3140000E+00    1.1612837E+02    2.0802505E+01
    3.3180000E+00    1.1621546E+02    2.0802505E+01
    3.3220000E+00    1.1630218E+02    2.0802504E+01
    3.3260000E+00    1.1638853E+02    2.0802504E+01
    3.3300000E+00    1.1647450E+02    2.0802504E+01
    3.3340000E+00    1.1656008E+02    2.0802503E+01
    3.3380000E+00    1.1664529E+02    2.0802503E+01
    3.3420000E+00    1.1673011E+02    2.0802502E+01
    3.3460000E+00    1.1681454E+02    2.0802502E+01
    3.3500000E+00    1.1689859E+02    2.0802501E+01
    3.3540000E+00    1.1698224E+02    2.0802501E+01
    3.3580000E+00    1.1706551E+02    2.0802501E+01
    3.3620000E+00    1.1714837E+02    2.0802500E+01
    3.3660000E+00    1.1723085E+02    2.0802500E+01
    3.3700000E+00    1.1731292E+02    2.0802500E+01
    3.3740000E+00    1.1739460E+02    2.0802499E+01
    3.3780000E+00    1.1747587E+02    2.0802499E+01
    3.3820000E+00    1.1755674E+02    2.0802498E+01
    3.3860000E+00    1.1763720E+02    2.0802498E+01
    3.3900000E+00    1.1771726E+02    2.0802498E+01
    3.3940000E+00    1.1779690E+02    2.0802498E+01
    3.3980000E+00    1.1787613E+02    2.0802497E+01
    3.4020000E+00    1.1795495E+02    2.0802497E+01
    3.4060000E+00    1.1803336E+02    2.0802497E+01
    3.4100000E+00    1.1811134E+02    2.0802496E+01
    3.4140000E+00    1.1818891E+02    2.0802496E+01
    3.4180000E+00    1.1826605E+02    2.0802496E+01
    3.4220000E+00    1.1834277E+02    2.0802496E+01
    3.4260000E+00    1.1841907E+02    2.0802495E+01
    3.4300000E+00    1.1849494E+02    2.0802495E+01
    3.4340000E+00    1.1857038E+02    2.0802495E+01
    3.4380000E+00    1.1864539E+02    2.0802495E+01
    3.4420000E+00    1.1871997E+02    2.0802494E+01
    3.4460000E+00    1.1879411E+02    2.0802494E+01
    3.4500000E+00    1.1886781E+02    2.0802494E+01
    3.4540000E+00    1.1894108E+02    2.0802494E+01
    3.4580000E+00    1.1901390E+02    2.0802494E+01
    3.4620000E+00    1.1908629E+02    2.0802493E+01
    3.4660000E+00    1.1915823E+02    2.0802493E+01
    3.4700000E+00    1.1922972E+02    2.0802493E+01
    3.4740000E+00    1.1930077E+02    2.0802493E+01
    3.4780000E+00    1.1937136E+02    2.0802493E+01
    3.4820000E+00    1.1944151E+02    2.0802492E+01
    3.4860000E+00    1.1951120E+02    2.0802492E+01
    3.4900000E+00    1.1958044E+02    2.0802492E+01
    3.4940000E+00    1.1964922E+02    2.0802492E+01
    3.4980000E+00    1.1971754E+02    2.0802492E+01
    3.5020000E+00    1.1978540E+02    2.0802492E+01
    3.5060000E+00    1.1985280E+02    2.0802492E+01
    3.5100000E+00    1.1991973E+02    2.0802491E+01
    3.5140000E+00    1.1998620E+02    2.0802491E+01
    3.5180000E+00    1.2005220E+02    2.0802491E+01
    3.5220000E+00    1.2011774E+02    2.0802491E+01
    3.5260000E+00    1.2018280E+02    2.0802491E+01
    3.5300000E+00    1.2024739E+02    2.0802491E+01
    3.5340000E+00    1.2031150E+02    2.0802491E+01
    3.5380000E+00    1.2037514E+02    2.0802491E+01
    3.5420000E+00    1.2043830E+02    2.0802491E+01
    3.5460000E+00    1.2050098E+02    2.0802490E+01
    3.5500000E+00    1.2056318E+02    2.0802490E+01
    3.5540000E+00    1.2062490E+02    2.0802490E+01
    3.5580000E+00    1.2068613E+02    2.0802490E+01
    3.5620000E+00    1.2074687E+02    2.0802490E+01
    3.5660000E+00    1.2080713E+02    2.0802490E+01
    3.5700000E+00    1.2086690E+02    2.0802490E+01
    3.5740000E+00    1.2092617E+02    2.0802490E+01
    3.5780000E+00    1.2098496E+02    2.0802490E+01
    3.5820000E+00    1.2104325E+02    2.0802490E+01
    3.5860000E+00    1.2110104E+02    2.0802490E+01
    3.5900000E+00    1.2115834E+02    2.0802490E+01
    3.5940000E+00    1.2121513E+02    2.0802490E+01
    3.5980000E+00    1.2127143E+02    2.0802490E+01
    3.6020000E+00    1.2132722E+02    2.0802490E+01
    3.6060000E+00    1.2138251E+02    2.0802490E+01
    3.6100000E+00    1.2143730E+02    2.0802490E+01
    3.6140000E+00    1.2149157E+02    2.0802490E+01
    3.6180000E+00    1.2154534E+02    2.0802490E+01
    3.6220000E+00    1.2159860E+02    2.0802490E+01
    3.6260000E+00    1.2165135E+02    2.0802489E+01
    3.6300000E+00    1.2170358E+02    2.0802489E+01
    3.6340000E+00    1.2175530E+02    2.0802489E+01
    3.6380000E+00    1.2180651E+02    2.0802489E+01
    3.6420000E+00    1.2185720E+02    2.0802489E+01
    3.6460000E+00    1.2190736E+02    2.0802489E+01
    3.6500000E+00    1.2195701E+02    2.0802489E+01
    3.6540000E+00    1.2200614E+02    2.0802489E+01
    3.6580000E+00    1.2205474E+02    2.0802489E+01
    3.6620000E+00    1.2210282E+02    2.0802489E+01
    3.6660000E+00    1.2215037E+02    2.0802489E+01
    3.6700000E+00    1.2219740E+02    2.0802489E+01
    3.6740000E+00    1.2224390E+02    2.0802489E+01
    3.6780000E+00    1.2228987E+02    2.0802489E+01
    3.6820000E+00    1.2233530E+02    2.0802489E+01
    3.6860000E+00    1.2238021E+02    2.0802489E+01
    3.6900000E+00    1.2242458E+02    2.0802489E+01
    3.6940000E+00    1.2246842E+02    2.0802489E+01
    3.6980000E+00    1.2251172E+02    2.0802489E+01
    3.7020000E+00    1.2255448E+02    2.0802489E+01
    3.7060000E+00    1.2259670E+02    2.0802489E+01
    3.7100000E+00    1.2263839E+02    2.0802489E+01
    3.7140000E+00    1.2267953E+02    2.0802490E+01
    3.7180000E+00    1.2272013E+02    2.0802490E+01
    3.7220000E+00    1.2276019E+02    2.0802490E+01
    3.7260000E+00    1.2279970E+02    2.0802490E+01
    3.7300000E+00    1.2283866E+02    2.0802490E+01
    3.7340000E+00    1.2287708E+02    2.0802490E+01
    3.7380000E+00    1.2291495E+02    2.0802490E+01
    3.7420000E+00    1.2295227E+02    2.0802490E+01
    3.7460000E+00    1.2298905E+02    2.0802490E+01
    3.7500000E+00    1.2302527E+02    2.0802490E+01
    3.7540000E+00    1.2306093E+02    2.0802490E+01
    3.7580000E+00    1.2309605E+02    2.0802490E+01
    3.7620000E+00    1.2313061E+02    2.0802490E+01
    3.7660000E+00    1.2316461E+02    2.0802490E+01
    3.7700000E+00    1.2319806E+02    2.0802490E+01
    3.7740000E+00    1.2323095E+02    2.0802490E+01
    3.7780000E+00    1.2326328E+02    2.0802490E+01
    3.7820000E+00    1.2329505E+02    2.0802490E+01
    3.7860000E+00    1.2332626E+02    2.0802490E+01
    3.7900000E+00    1.2335691E+02    2.0802490E+01
    3.7940000E+00    1.2338700E+02    2.0802490E+01
    3.7980000E+00    1.2341652E+02    2.0802490E+01
    3.8020000E+00    1.2344548E+02    2.0802490E+01
    3.8060000E+00    1.2347388E+02    2.0802490E+01
    3.8100000E+00    1.2350170E+02    2.0802490E+01
    3.8140000E+00    1.2352897E+02    2.0802490E+01
    3.8180000E+00    1.2355566E+02    2.0802490E+01
    3.8220000E+00    1.2358179E+02    2.0802490E+01
    3.8260000E+00    1.2360735E+02    2.0802490E+01
    3.8300000E+00    1.2363233E+02    2.0802490E+01
    3.8340000E+00    1.2365675E+02    2.0802490E+01
    3.8380000E+00    1.2368060E+02    2.0802490E+01
    3.8420000E+00    1.2370387E+02    2.0802490E+01
    3.8460000E+00    1.2372657E+02    2.0802490E+01
    3.8500000E+00    1.2374870E+02    2.0802490E+01
    3.8540000E+00    1.2377025E+02    2.0802490E+01
    3.8580000E+00    1.2379123E+02    2.0802490E+01
    3.8620000E+00    1.2381163E+02    2.0802490E+01
    3.8660000E+00    1.2383146E+02    2.0802491E+01
    3.8700000E+00    1.2385071E+02    2.0802491E+01
    3.8740000E+00    1.2386939E+02    2.0802491E+01
    3.8780000E+00    1.2388748E+02    2.0802491E+01
    3.8820000E+00    1.2390500E+02    2.0802491E+01
    3.8860000E+00    1.2392194E+02    2.0802491E+01
    3.8900000E+00    1.2393830E+02    2.0802491E+01
    3.8940000E+00    1.2395408E+02    2.0802491E+01
    3.8980000E+00    1.2396928E+02    2.0802491E+01
    3.9020000E+00    1.2398390E+02    2.0802491E+01
    3.9060000E+00    1.2399793E+02    2.0802491E+01
    3.9100000E+00    1.2401139E+02    2.0802491E+01
    3.9140000E+00    1.2402426E+02    2.0802491E+01
    3.9180000E+00    1.2403655E+02    2.0802491E+01
    3.9220000E+00    1.2404826E+02    2.0802491E+01
    3.9260000E+00    1.2405939E+02    2.0802491E+01
    3.9300000E+00    1.2406993E+02    2.0802491E+01
    3.9340000E+00    1.2407988E+02    2.0802491E+01
    3.9380000E+00    1.2408926E+02    2.0802491E+01
    3.9420000E+00    1.2409805E+02    2.0802491E+01
    3.9460000E+00    1.2410625E+02    2.0802491E+01
    3.9500000E+00    1.2411387E+02    2.0802491E+01
    3.9540000E+00    1.2412090E+02    2.0802491E+01
    3.9580000E+00    1.2412735E+02    2.0802491E+01
    3.9620000E+00    1.2413322E+02    2.0802491E+01
    3.9660000E+00    1.2413849E+02    2.0802491E+01
    3.9700000E+00    1.2414319E+02    2.0802491E+01
    3.9740000E+00    1.2414729E+02    2.0802491E+01
    3.9780000E+00    1.2415081E+02    2.0802491E+01
    3.9820000E+00    1.2415374E+02    2.0802491E+01
    3.9860000E+00    1.2415609E+02    2.0802491E+01
    3.9900000E+00    1.2415785E+02    2.0802491E+01
    3.9940000E+00    1.2415902E+02    2.0802491E+01
    3.9980000E+00    1.2415961E+02    2.0802491E+01
