# Time          5.0000E+01
# Units: Bars
    Distance        CO2(g)          
    2.0000000E-03    1.1251450E-01
    6.0000000E-03    1.2262424E-01
    1.0000000E-02    1.3272092E-01
    1.4000000E-02    1.4280454E-01
    1.8000000E-02    1.5287510E-01
    2.2000000E-02    1.6293261E-01
    2.6000000E-02    1.7297709E-01
    3.0000000E-02    1.8300852E-01
    3.4000000E-02    1.9302692E-01
    3.8000000E-02    2.0303230E-01
    4.2000000E-02    2.1302465E-01
    4.6000000E-02    2.2300399E-01
    5.0000000E-02    2.3297031E-01
    5.4000000E-02    2.4292363E-01
    5.8000000E-02    2.5286394E-01
    6.2000000E-02    2.6279126E-01
    6.6000000E-02    2.7270558E-01
    7.0000000E-02    2.8260692E-01
    7.4000000E-02    2.9249527E-01
    7.8000000E-02    3.0237063E-01
    8.2000000E-02    3.1223303E-01
    8.6000000E-02    3.2208245E-01
    9.0000000E-02    3.3191890E-01
    9.4000000E-02    3.4174239E-01
    9.8000000E-02    3.5155291E-01
    1.0200000E-01    3.6135048E-01
    1.0600000E-01    3.7113509E-01
    1.1000000E-01    3.8090676E-01
    1.1400000E-01    3.9066548E-01
    1.1800000E-01    4.0041125E-01
    1.2200000E-01    4.1014408E-01
    1.2600000E-01    4.1986398E-01
    1.3000000E-01    4.2957094E-01
    1.3400000E-01    4.3926496E-01
    1.3800000E-01    4.4894606E-01
    1.4200000E-01    4.5861424E-01
    1.4600000E-01    4.6826949E-01
    1.5000000E-01    4.7791181E-01
    1.5400000E-01    4.8754122E-01
    1.5800000E-01    4.9715772E-01
    1.6200000E-01    5.0676130E-01
    1.6600000E-01    5.1635197E-01
    1.7000000E-01    5.2592973E-01
    1.7400000E-01    5.3549458E-01
    1.7800000E-01    5.4504652E-01
    1.8200000E-01    5.5458557E-01
    1.8600000E-01    5.6411171E-01
    1.9000000E-01    5.7362495E-01
    1.9400000E-01    5.8312529E-01
    1.9800000E-01    5.9261274E-01
    2.0200000E-01    6.0208729E-01
    2.0600000E-01    6.1154895E-01
    2.1000000E-01    6.2099772E-01
    2.1400000E-01    6.3043360E-01
    2.1800000E-01    6.3985659E-01
    2.2200000E-01    6.4926669E-01
    2.2600000E-01    6.5866390E-01
    2.3000000E-01    6.6804823E-01
    2.3400000E-01    6.7741967E-01
    2.3800000E-01    6.8677823E-01
    2.4200000E-01    6.9612391E-01
    2.4600000E-01    7.0545670E-01
    2.5000000E-01    7.1477662E-01
    2.5400000E-01    7.2408365E-01
    2.5800000E-01    7.3337780E-01
    2.6200000E-01    7.4265908E-01
    2.6600000E-01    7.5192747E-01
    2.7000000E-01    7.6118299E-01
    2.7400000E-01    7.7042563E-01
    2.7800000E-01    7.7965540E-01
    2.8200000E-01    7.8887228E-01
    2.8600000E-01    7.9807629E-01
    2.9000000E-01    8.0726743E-01
    2.9400000E-01    8.1644569E-01
    2.9800000E-01    8.2561107E-01
    3.0200000E-01    8.3476358E-01
    3.0600000E-01    8.4390321E-01
    3.1000000E-01    8.5302996E-01
    3.1400000E-01    8.6214384E-01
    3.1800000E-01    8.7124484E-01
    3.2200000E-01    8.8033297E-01
    3.2600000E-01    8.8940822E-01
    3.3000000E-01    8.9847059E-01
    3.3400000E-01    9.0752009E-01
    3.3800000E-01    9.1655671E-01
    3.4200000E-01    9.2558045E-01
    3.4600000E-01    9.3459132E-01
    3.5000000E-01    9.4358930E-01
    3.5400000E-01    9.5257441E-01
    3.5800000E-01    9.6154664E-01
    3.6200000E-01    9.7050599E-01
    3.6600000E-01    9.7945246E-01
    3.7000000E-01    9.8838604E-01
    3.7400000E-01    9.9730675E-01
    3.7800000E-01    1.0062146E+00
    3.8200000E-01    1.0151095E+00
    3.8600000E-01    1.0239916E+00
    3.9000000E-01    1.0328607E+00
    3.9400000E-01    1.0417170E+00
    3.9800000E-01    1.0505604E+00
    4.0200000E-01    1.0593909E+00
    4.0600000E-01    1.0682086E+00
    4.1000000E-01    1.0770133E+00
    4.1400000E-01    1.0858051E+00
    4.1800000E-01    1.0945841E+00
    4.2200000E-01    1.1033502E+00
    4.2600000E-01    1.1121033E+00
    4.3000000E-01    1.1208436E+00
    4.3400000E-01    1.1295710E+00
    4.3800000E-01    1.1382855E+00
    4.4200000E-01    1.1469871E+00
    4.4600000E-01    1.1556757E+00
    4.5000000E-01    1.1643515E+00
    4.5400000E-01    1.1730144E+00
    4.5800000E-01    1.1816644E+00
    4.6200000E-01    1.1903015E+00
    4.6600000E-01    1.1989257E+00
    4.7000000E-01    1.2075369E+00
    4.7400000E-01    1.2161353E+00
    4.7800000E-01    1.2247208E+00
    4.8200000E-01    1.2332933E+00
    4.8600000E-01    1.2418530E+00
    4.9000000E-01    1.2503997E+00
    4.9400000E-01    1.2589335E+00
    4.9800000E-01    1.2674544E+00
    5.0200000E-01    1.2759624E+00
    5.0600000E-01    1.2844574E+00
    5.1000000E-01    1.2929396E+00
    5.1400000E-01    1.3014088E+00
    5.1800000E-01    1.3098651E+00
    5.2200000E-01    1.3183085E+00
    5.2600000E-01    1.3267390E+00
    5.3000000E-01    1.3351565E+00
    5.3400000E-01    1.3435611E+00
    5.3800000E-01    1.3519528E+00
    5.4200000E-01    1.3603315E+00
    5.4600000E-01    1.3686973E+00
    5.5000000E-01    1.3770502E+00
    5.5400000E-01    1.3853901E+00
    5.5800000E-01    1.3937172E+00
    5.6200000E-01    1.4020312E+00
    5.6600000E-01    1.4103324E+00
    5.7000000E-01    1.4186206E+00
    5.7400000E-01    1.4268958E+00
    5.7800000E-01    1.4351581E+00
    5.8200000E-01    1.4434075E+00
    5.8600000E-01    1.4516439E+00
    5.9000000E-01    1.4598674E+00
    5.9400000E-01    1.4680779E+00
    5.9800000E-01    1.4762755E+00
    6.0200000E-01    1.4844601E+00
    6.0600000E-01    1.4926318E+00
    6.1000000E-01    1.5007905E+00
    6.1400000E-01    1.5089363E+00
    6.1800000E-01    1.5170691E+00
    6.2200000E-01    1.5251889E+00
    6.2600000E-01    1.5332958E+00
    6.3000000E-01    1.5413898E+00
    6.3400000E-01    1.5494707E+00
    6.3800000E-01    1.5575387E+00
    6.4200000E-01    1.5655938E+00
    6.4600000E-01    1.5736359E+00
    6.5000000E-01    1.5816650E+00
    6.5400000E-01    1.5896811E+00
    6.5800000E-01    1.5976843E+00
    6.6200000E-01    1.6056745E+00
    6.6600000E-01    1.6136517E+00
    6.7000000E-01    1.6216160E+00
    6.7400000E-01    1.6295673E+00
    6.7800000E-01    1.6375056E+00
    6.8200000E-01    1.6454309E+00
    6.8600000E-01    1.6533433E+00
    6.9000000E-01    1.6612426E+00
    6.9400000E-01    1.6691290E+00
    6.9800000E-01    1.6770025E+00
    7.0200000E-01    1.6848629E+00
    7.0600000E-01    1.6927104E+00
    7.1000000E-01    1.7005448E+00
    7.1400000E-01    1.7083663E+00
    7.1800000E-01    1.7161748E+00
    7.2200000E-01    1.7239703E+00
    7.2600000E-01    1.7317529E+00
    7.3000000E-01    1.7395224E+00
    7.3400000E-01    1.7472789E+00
    7.3800000E-01    1.7550225E+00
    7.4200000E-01    1.7627531E+00
    7.4600000E-01    1.7704707E+00
    7.5000000E-01    1.7781752E+00
    7.5400000E-01    1.7858668E+00
    7.5800000E-01    1.7935454E+00
    7.6200000E-01    1.8012111E+00
    7.6600000E-01    1.8088637E+00
    7.7000000E-01    1.8165033E+00
    7.7400000E-01    1.8241299E+00
    7.7800000E-01    1.8317435E+00
    7.8200000E-01    1.8393442E+00
    7.8600000E-01    1.8469318E+00
    7.9000000E-01    1.8545064E+00
    7.9400000E-01    1.8620681E+00
    7.9800000E-01    1.8696167E+00
    8.0200000E-01    1.8771524E+00
    8.0600000E-01    1.8846750E+00
    8.1000000E-01    1.8921847E+00
    8.1400000E-01    1.8996813E+00
    8.1800000E-01    1.9071649E+00
    8.2200000E-01    1.9146356E+00
    8.2600000E-01    1.9220932E+00
    8.3000000E-01    1.9295379E+00
    8.3400000E-01    1.9369695E+00
    8.3800000E-01    1.9443882E+00
    8.4200000E-01    1.9517938E+00
    8.4600000E-01    1.9591865E+00
    8.5000000E-01    1.9665661E+00
    8.5400000E-01    1.9739328E+00
    8.5800000E-01    1.9812864E+00
    8.6200000E-01    1.9886271E+00
    8.6600000E-01    1.9959547E+00
    8.7000000E-01    2.0032694E+00
    8.7400000E-01    2.0105710E+00
    8.7800000E-01    2.0178597E+00
    8.8200000E-01    2.0251354E+00
    8.8600000E-01    2.0323980E+00
    8.9000000E-01    2.0396477E+00
    8.9400000E-01    2.0468844E+00
    8.9800000E-01    2.0541080E+00
    9.0200000E-01    2.0613187E+00
    9.0600000E-01    2.0685164E+00
    9.1000000E-01    2.0757011E+00
    9.1400000E-01    2.0828728E+00
    9.1800000E-01    2.0900315E+00
    9.2200000E-01    2.0971773E+00
    9.2600000E-01    2.1043100E+00
    9.3000000E-01    2.1114297E+00
    9.3400000E-01    2.1185365E+00
    9.3800000E-01    2.1256303E+00
    9.4200000E-01    2.1327111E+00
    9.4600000E-01    2.1397789E+00
    9.5000000E-01    2.1468337E+00
    9.5400000E-01    2.1538755E+00
    9.5800000E-01    2.1609044E+00
    9.6200000E-01    2.1679202E+00
    9.6600000E-01    2.1749231E+00
    9.7000000E-01    2.1819131E+00
    9.7400000E-01    2.1888900E+00
    9.7800000E-01    2.1958540E+00
    9.8200000E-01    2.2028050E+00
    9.8600000E-01    2.2097430E+00
    9.9000000E-01    2.2166681E+00
    9.9400000E-01    2.2235802E+00
    9.9800000E-01    2.2304793E+00
    1.0020000E+00    2.2373655E+00
    1.0060000E+00    2.2442387E+00
    1.0100000E+00    2.2510989E+00
    1.0140000E+00    2.2579462E+00
    1.0180000E+00    2.2647806E+00
    1.0220000E+00    2.2716019E+00
    1.0260000E+00    2.2784104E+00
    1.0300000E+00    2.2852059E+00
    1.0340000E+00    2.2919884E+00
    1.0380000E+00    2.2987580E+00
    1.0420000E+00    2.3055146E+00
    1.0460000E+00    2.3122584E+00
    1.0500000E+00    2.3189891E+00
    1.0540000E+00    2.3257070E+00
    1.0580000E+00    2.3324119E+00
    1.0620000E+00    2.3391038E+00
    1.0660000E+00    2.3457829E+00
    1.0700000E+00    2.3524490E+00
    1.0740000E+00    2.3591022E+00
    1.0780000E+00    2.3657425E+00
    1.0820000E+00    2.3723699E+00
    1.0860000E+00    2.3789843E+00
    1.0900000E+00    2.3855859E+00
    1.0940000E+00    2.3921745E+00
    1.0980000E+00    2.3987503E+00
    1.1020000E+00    2.4053131E+00
    1.1060000E+00    2.4118631E+00
    1.1100000E+00    2.4184001E+00
    1.1140000E+00    2.4249243E+00
    1.1180000E+00    2.4314355E+00
    1.1220000E+00    2.4379339E+00
    1.1260000E+00    2.4444194E+00
    1.1300000E+00    2.4508921E+00
    1.1340000E+00    2.4573518E+00
    1.1380000E+00    2.4637987E+00
    1.1420000E+00    2.4702327E+00
    1.1460000E+00    2.4766539E+00
    1.1500000E+00    2.4830622E+00
    1.1540000E+00    2.4894577E+00
    1.1580000E+00    2.4958403E+00
    1.1620000E+00    2.5022100E+00
    1.1660000E+00    2.5085669E+00
    1.1700000E+00    2.5149110E+00
    1.1740000E+00    2.5212423E+00
    1.1780000E+00    2.5275607E+00
    1.1820000E+00    2.5338663E+00
    1.1860000E+00    2.5401590E+00
    1.1900000E+00    2.5464390E+00
    1.1940000E+00    2.5527061E+00
    1.1980000E+00    2.5589604E+00
    1.2020000E+00    2.5652020E+00
    1.2060000E+00    2.5714307E+00
    1.2100000E+00    2.5776466E+00
    1.2140000E+00    2.5838498E+00
    1.2180000E+00    2.5900402E+00
    1.2220000E+00    2.5962178E+00
    1.2260000E+00    2.6023826E+00
    1.2300000E+00    2.6085346E+00
    1.2340000E+00    2.6146739E+00
    1.2380000E+00    2.6208004E+00
    1.2420000E+00    2.6269142E+00
    1.2460000E+00    2.6330152E+00
    1.2500000E+00    2.6391035E+00
    1.2540000E+00    2.6451790E+00
    1.2580000E+00    2.6512418E+00
    1.2620000E+00    2.6572919E+00
    1.2660000E+00    2.6633293E+00
    1.2700000E+00    2.6693539E+00
    1.2740000E+00    2.6753659E+00
    1.2780000E+00    2.6813651E+00
    1.2820000E+00    2.6873516E+00
    1.2860000E+00    2.6933255E+00
    1.2900000E+00    2.6992866E+00
    1.2940000E+00    2.7052351E+00
    1.2980000E+00    2.7111709E+00
    1.3020000E+00    2.7170940E+00
    1.3060000E+00    2.7230045E+00
    1.3100000E+00    2.7289023E+00
    1.3140000E+00    2.7347875E+00
    1.3180000E+00    2.7406600E+00
    1.3220000E+00    2.7465199E+00
    1.3260000E+00    2.7523671E+00
    1.3300000E+00    2.7582018E+00
    1.3340000E+00    2.7640238E+00
    1.3380000E+00    2.7698332E+00
    1.3420000E+00    2.7756300E+00
    1.3460000E+00    2.7814142E+00
    1.3500000E+00    2.7871858E+00
    1.3540000E+00    2.7929448E+00
    1.3580000E+00    2.7986912E+00
    1.3620000E+00    2.8044251E+00
    1.3660000E+00    2.8101464E+00
    1.3700000E+00    2.8158552E+00
    1.3740000E+00    2.8215514E+00
    1.3780000E+00    2.8272350E+00
    1.3820000E+00    2.8329061E+00
    1.3860000E+00    2.8385647E+00
    1.3900000E+00    2.8442108E+00
    1.3940000E+00    2.8498444E+00
    1.3980000E+00    2.8554654E+00
    1.4020000E+00    2.8610740E+00
    1.4060000E+00    2.8666701E+00
    1.4100000E+00    2.8722537E+00
    1.4140000E+00    2.8778248E+00
    1.4180000E+00    2.8833834E+00
    1.4220000E+00    2.8889296E+00
    1.4260000E+00    2.8944633E+00
    1.4300000E+00    2.8999846E+00
    1.4340000E+00    2.9054935E+00
    1.4380000E+00    2.9109899E+00
    1.4420000E+00    2.9164739E+00
    1.4460000E+00    2.9219455E+00
    1.4500000E+00    2.9274047E+00
    1.4540000E+00    2.9328515E+00
    1.4580000E+00    2.9382859E+00
    1.4620000E+00    2.9437079E+00
    1.4660000E+00    2.9491176E+00
    1.4700000E+00    2.9545149E+00
    1.4740000E+00    2.9598998E+00
    1.4780000E+00    2.9652724E+00
    1.4820000E+00    2.9706327E+00
    1.4860000E+00    2.9759806E+00
    1.4900000E+00    2.9813162E+00
    1.4940000E+00    2.9866395E+00
    1.4980000E+00    2.9919506E+00
    1.5020000E+00    2.9972493E+00
    1.5060000E+00    3.0025357E+00
    1.5100000E+00    3.0078099E+00
    1.5140000E+00    3.0130718E+00
    1.5180000E+00    3.0183214E+00
    1.5220000E+00    3.0235588E+00
    1.5260000E+00    3.0287839E+00
    1.5300000E+00    3.0339969E+00
    1.5340000E+00    3.0391976E+00
    1.5380000E+00    3.0443861E+00
    1.5420000E+00    3.0495624E+00
    1.5460000E+00    3.0547265E+00
    1.5500000E+00    3.0598784E+00
    1.5540000E+00    3.0650182E+00
    1.5580000E+00    3.0701458E+00
    1.5620000E+00    3.0752612E+00
    1.5660000E+00    3.0803645E+00
    1.5700000E+00    3.0854557E+00
    1.5740000E+00    3.0905348E+00
    1.5780000E+00    3.0956017E+00
    1.5820000E+00    3.1006565E+00
    1.5860000E+00    3.1056993E+00
    1.5900000E+00    3.1107299E+00
    1.5940000E+00    3.1157485E+00
    1.5980000E+00    3.1207550E+00
    1.6020000E+00    3.1257495E+00
    1.6060000E+00    3.1307319E+00
    1.6100000E+00    3.1357023E+00
    1.6140000E+00    3.1406607E+00
    1.6180000E+00    3.1456071E+00
    1.6220000E+00    3.1505415E+00
    1.6260000E+00    3.1554638E+00
    1.6300000E+00    3.1603742E+00
    1.6340000E+00    3.1652727E+00
    1.6380000E+00    3.1701591E+00
    1.6420000E+00    3.1750337E+00
    1.6460000E+00    3.1798963E+00
    1.6500000E+00    3.1847469E+00
    1.6540000E+00    3.1895857E+00
    1.6580000E+00    3.1944125E+00
    1.6620000E+00    3.1992275E+00
    1.6660000E+00    3.2040305E+00
    1.6700000E+00    3.2088217E+00
    1.6740000E+00    3.2136011E+00
    1.6780000E+00    3.2183686E+00
    1.6820000E+00    3.2231242E+00
    1.6860000E+00    3.2278681E+00
    1.6900000E+00    3.2326001E+00
    1.6940000E+00    3.2373203E+00
    1.6980000E+00    3.2420287E+00
    1.7020000E+00    3.2467253E+00
    1.7060000E+00    3.2514102E+00
    1.7100000E+00    3.2560833E+00
    1.7140000E+00    3.2607447E+00
    1.7180000E+00    3.2653943E+00
    1.7220000E+00    3.2700322E+00
    1.7260000E+00    3.2746584E+00
    1.7300000E+00    3.2792729E+00
    1.7340000E+00    3.2838757E+00
    1.7380000E+00    3.2884668E+00
    1.7420000E+00    3.2930462E+00
    1.7460000E+00    3.2976141E+00
    1.7500000E+00    3.3021702E+00
    1.7540000E+00    3.3067148E+00
    1.7580000E+00    3.3112477E+00
    1.7620000E+00    3.3157690E+00
    1.7660000E+00    3.3202787E+00
    1.7700000E+00    3.3247768E+00
    1.7740000E+00    3.3292634E+00
    1.7780000E+00    3.3337384E+00
    1.7820000E+00    3.3382019E+00
    1.7860000E+00    3.3426538E+00
    1.7900000E+00    3.3470942E+00
    1.7940000E+00    3.3515231E+00
    1.7980000E+00    3.3559406E+00
    1.8020000E+00    3.3603465E+00
    1.8060000E+00    3.3647409E+00
    1.8100000E+00    3.3691239E+00
    1.8140000E+00    3.3734955E+00
    1.8180000E+00    3.3778556E+00
    1.8220000E+00    3.3822043E+00
    1.8260000E+00    3.3865416E+00
    1.8300000E+00    3.3908675E+00
    1.8340000E+00    3.3951820E+00
    1.8380000E+00    3.3994852E+00
    1.8420000E+00    3.4037770E+00
    1.8460000E+00    3.4080574E+00
    1.8500000E+00    3.4123265E+00
    1.8540000E+00    3.4165843E+00
    1.8580000E+00    3.4208308E+00
    1.8620000E+00    3.4250660E+00
    1.8660000E+00    3.4292899E+00
    1.8700000E+00    3.4335026E+00
    1.8740000E+00    3.4377040E+00
    1.8780000E+00    3.4418941E+00
    1.8820000E+00    3.4460730E+00
    1.8860000E+00    3.4502407E+00
    1.8900000E+00    3.4543973E+00
    1.8940000E+00    3.4585426E+00
    1.8980000E+00    3.4626767E+00
    1.9020000E+00    3.4667997E+00
    1.9060000E+00    3.4709116E+00
    1.9100000E+00    3.4750123E+00
    1.9140000E+00    3.4791018E+00
    1.9180000E+00    3.4831803E+00
    1.9220000E+00    3.4872477E+00
    1.9260000E+00    3.4913040E+00
    1.9300000E+00    3.4953492E+00
    1.9340000E+00    3.4993834E+00
    1.9380000E+00    3.5034065E+00
    1.9420000E+00    3.5074186E+00
    1.9460000E+00    3.5114197E+00
    1.9500000E+00    3.5154098E+00
    1.9540000E+00    3.5193889E+00
    1.9580000E+00    3.5233570E+00
    1.9620000E+00    3.5273142E+00
    1.9660000E+00    3.5312604E+00
    1.9700000E+00    3.5351957E+00
    1.9740000E+00    3.5391201E+00
    1.9780000E+00    3.5430336E+00
    1.9820000E+00    3.5469362E+00
    1.9860000E+00    3.5508279E+00
    1.9900000E+00    3.5547087E+00
    1.9940000E+00    3.5585787E+00
    1.9980000E+00    3.5624379E+00
    2.0020000E+00    3.5662862E+00
    2.0060000E+00    3.5701237E+00
    2.0100000E+00    3.5739504E+00
    2.0140000E+00    3.5777664E+00
    2.0180000E+00    3.5815716E+00
    2.0220000E+00    3.5853660E+00
    2.0260000E+00    3.5891497E+00
    2.0300000E+00    3.5929227E+00
    2.0340000E+00    3.5966850E+00
    2.0380000E+00    3.6004365E+00
    2.0420000E+00    3.6041774E+00
    2.0460000E+00    3.6079077E+00
    2.0500000E+00    3.6116272E+00
    2.0540000E+00    3.6153362E+00
    2.0580000E+00    3.6190345E+00
    2.0620000E+00    3.6227222E+00
    2.0660000E+00    3.6263993E+00
    2.0700000E+00    3.6300658E+00
    2.0740000E+00    3.6337217E+00
    2.0780000E+00    3.6373671E+00
    2.0820000E+00    3.6410020E+00
    2.0860000E+00    3.6446263E+00
    2.0900000E+00    3.6482402E+00
    2.0940000E+00    3.6518435E+00
    2.0980000E+00    3.6554363E+00
    2.1020000E+00    3.6590187E+00
    2.1060000E+00    3.6625907E+00
    2.1100000E+00    3.6661522E+00
    2.1140000E+00    3.6697032E+00
    2.1180000E+00    3.6732439E+00
    2.1220000E+00    3.6767741E+00
    2.1260000E+00    3.6802940E+00
    2.1300000E+00    3.6838035E+00
    2.1340000E+00    3.6873027E+00
    2.1380000E+00    3.6907915E+00
    2.1420000E+00    3.6942701E+00
    2.1460000E+00    3.6977383E+00
    2.1500000E+00    3.7011962E+00
    2.1540000E+00    3.7046438E+00
    2.1580000E+00    3.7080812E+00
    2.1620000E+00    3.7115083E+00
    2.1660000E+00    3.7149252E+00
    2.1700000E+00    3.7183318E+00
    2.1740000E+00    3.7217283E+00
    2.1780000E+00    3.7251146E+00
    2.1820000E+00    3.7284906E+00
    2.1860000E+00    3.7318566E+00
    2.1900000E+00    3.7352124E+00
    2.1940000E+00    3.7385580E+00
    2.1980000E+00    3.7418935E+00
    2.2020000E+00    3.7452190E+00
    2.2060000E+00    3.7485343E+00
    2.2100000E+00    3.7518396E+00
    2.2140000E+00    3.7551348E+00
    2.2180000E+00    3.7584199E+00
    2.2220000E+00    3.7616951E+00
    2.2260000E+00    3.7649602E+00
    2.2300000E+00    3.7682153E+00
    2.2340000E+00    3.7714605E+00
    2.2380000E+00    3.7746956E+00
    2.2420000E+00    3.7779208E+00
    2.2460000E+00    3.7811361E+00
    2.2500000E+00    3.7843415E+00
    2.2540000E+00    3.7875369E+00
    2.2580000E+00    3.7907224E+00
    2.2620000E+00    3.7938981E+00
    2.2660000E+00    3.7970639E+00
    2.2700000E+00    3.8002198E+00
    2.2740000E+00    3.8033659E+00
    2.2780000E+00    3.8065022E+00
    2.2820000E+00    3.8096286E+00
    2.2860000E+00    3.8127453E+00
    2.2900000E+00    3.8158522E+00
    2.2940000E+00    3.8189494E+00
    2.2980000E+00    3.8220367E+00
    2.3020000E+00    3.8251144E+00
    2.3060000E+00    3.8281823E+00
    2.3100000E+00    3.8312406E+00
    2.3140000E+00    3.8342891E+00
    2.3180000E+00    3.8373280E+00
    2.3220000E+00    3.8403572E+00
    2.3260000E+00    3.8433767E+00
    2.3300000E+00    3.8463867E+00
    2.3340000E+00    3.8493870E+00
    2.3380000E+00    3.8523777E+00
    2.3420000E+00    3.8553588E+00
    2.3460000E+00    3.8583304E+00
    2.3500000E+00    3.8612924E+00
    2.3540000E+00    3.8642448E+00
    2.3580000E+00    3.8671878E+00
    2.3620000E+00    3.8701212E+00
    2.3660000E+00    3.8730451E+00
    2.3700000E+00    3.8759596E+00
    2.3740000E+00    3.8788645E+00
    2.3780000E+00    3.8817601E+00
    2.3820000E+00    3.8846461E+00
    2.3860000E+00    3.8875228E+00
    2.3900000E+00    3.8903900E+00
    2.3940000E+00    3.8932479E+00
    2.3980000E+00    3.8960964E+00
    2.4020000E+00    3.8989355E+00
    2.4060000E+00    3.9017653E+00
    2.4100000E+00    3.9045857E+00
    2.4140000E+00    3.9073968E+00
    2.4180000E+00    3.9101986E+00
    2.4220000E+00    3.9129911E+00
    2.4260000E+00    3.9157744E+00
    2.4300000E+00    3.9185484E+00
    2.4340000E+00    3.9213131E+00
    2.4380000E+00    3.9240686E+00
    2.4420000E+00    3.9268149E+00
    2.4460000E+00    3.9295519E+00
    2.4500000E+00    3.9322798E+00
    2.4540000E+00    3.9349986E+00
    2.4580000E+00    3.9377081E+00
    2.4620000E+00    3.9404085E+00
    2.4660000E+00    3.9430998E+00
    2.4700000E+00    3.9457820E+00
    2.4740000E+00    3.9484551E+00
    2.4780000E+00    3.9511191E+00
    2.4820000E+00    3.9537740E+00
    2.4860000E+00    3.9564198E+00
    2.4900000E+00    3.9590566E+00
    2.4940000E+00    3.9616844E+00
    2.4980000E+00    3.9643032E+00
    2.5020000E+00    3.9669130E+00
    2.5060000E+00    3.9695138E+00
    2.5100000E+00    3.9721056E+00
    2.5140000E+00    3.9746885E+00
    2.5180000E+00    3.9772624E+00
    2.5220000E+00    3.9798274E+00
    2.5260000E+00    3.9823835E+00
    2.5300000E+00    3.9849307E+00
    2.5340000E+00    3.9874690E+00
    2.5380000E+00    3.9899984E+00
    2.5420000E+00    3.9925190E+00
    2.5460000E+00    3.9950308E+00
    2.5500000E+00    3.9975337E+00
    2.5540000E+00    4.0000278E+00
    2.5580000E+00    4.0025131E+00
    2.5620000E+00    4.0049896E+00
    2.5660000E+00    4.0074574E+00
    2.5700000E+00    4.0099164E+00
    2.5740000E+00    4.0123667E+00
    2.5780000E+00    4.0148082E+00
    2.5820000E+00    4.0172411E+00
    2.5860000E+00    4.0196652E+00
    2.5900000E+00    4.0220807E+00
    2.5940000E+00    4.0244874E+00
    2.5980000E+00    4.0268856E+00
    2.6020000E+00    4.0292751E+00
    2.6060000E+00    4.0316559E+00
    2.6100000E+00    4.0340282E+00
    2.6140000E+00    4.0363918E+00
    2.6180000E+00    4.0387469E+00
    2.6220000E+00    4.0410934E+00
    2.6260000E+00    4.0434313E+00
    2.6300000E+00    4.0457607E+00
    2.6340000E+00    4.0480816E+00
    2.6380000E+00    4.0503940E+00
    2.6420000E+00    4.0526978E+00
    2.6460000E+00    4.0549932E+00
    2.6500000E+00    4.0572801E+00
    2.6540000E+00    4.0595585E+00
    2.6580000E+00    4.0618285E+00
    2.6620000E+00    4.0640901E+00
    2.6660000E+00    4.0663432E+00
    2.6700000E+00    4.0685880E+00
    2.6740000E+00    4.0708243E+00
    2.6780000E+00    4.0730523E+00
    2.6820000E+00    4.0752719E+00
    2.6860000E+00    4.0774832E+00
    2.6900000E+00    4.0796861E+00
    2.6940000E+00    4.0818807E+00
    2.6980000E+00    4.0840670E+00
    2.7020000E+00    4.0862450E+00
    2.7060000E+00    4.0884148E+00
    2.7100000E+00    4.0905762E+00
    2.7140000E+00    4.0927294E+00
    2.7180000E+00    4.0948744E+00
    2.7220000E+00    4.0970112E+00
    2.7260000E+00    4.0991397E+00
    2.7300000E+00    4.1012600E+00
    2.7340000E+00    4.1033722E+00
    2.7380000E+00    4.1054761E+00
    2.7420000E+00    4.1075720E+00
    2.7460000E+00    4.1096596E+00
    2.7500000E+00    4.1117392E+00
    2.7540000E+00    4.1138106E+00
    2.7580000E+00    4.1158739E+00
    2.7620000E+00    4.1179291E+00
    2.7660000E+00    4.1199762E+00
    2.7700000E+00    4.1220153E+00
    2.7740000E+00    4.1240463E+00
    2.7780000E+00    4.1260693E+00
    2.7820000E+00    4.1280843E+00
    2.7860000E+00    4.1300912E+00
    2.7900000E+00    4.1320901E+00
    2.7940000E+00    4.1340811E+00
    2.7980000E+00    4.1360640E+00
    2.8020000E+00    4.1380391E+00
    2.8060000E+00    4.1400061E+00
    2.8100000E+00    4.1419652E+00
    2.8140000E+00    4.1439164E+00
    2.8180000E+00    4.1458597E+00
    2.8220000E+00    4.1477951E+00
    2.8260000E+00    4.1497226E+00
    2.8300000E+00    4.1516423E+00
    2.8340000E+00    4.1535541E+00
    2.8380000E+00    4.1554580E+00
    2.8420000E+00    4.1573541E+00
    2.8460000E+00    4.1592424E+00
    2.8500000E+00    4.1611228E+00
    2.8540000E+00    4.1629955E+00
    2.8580000E+00    4.1648604E+00
    2.8620000E+00    4.1667175E+00
    2.8660000E+00    4.1685669E+00
    2.8700000E+00    4.1704085E+00
    2.8740000E+00    4.1722423E+00
    2.8780000E+00    4.1740685E+00
    2.8820000E+00    4.1758870E+00
    2.8860000E+00    4.1776977E+00
    2.8900000E+00    4.1795008E+00
    2.8940000E+00    4.1812962E+00
    2.8980000E+00    4.1830839E+00
    2.9020000E+00    4.1848640E+00
    2.9060000E+00    4.1866364E+00
    2.9100000E+00    4.1884013E+00
    2.9140000E+00    4.1901585E+00
    2.9180000E+00    4.1919081E+00
    2.9220000E+00    4.1936501E+00
    2.9260000E+00    4.1953846E+00
    2.9300000E+00    4.1971115E+00
    2.9340000E+00    4.1988308E+00
    2.9380000E+00    4.2005426E+00
    2.9420000E+00    4.2022469E+00
    2.9460000E+00    4.2039436E+00
    2.9500000E+00    4.2056329E+00
    2.9540000E+00    4.2073147E+00
    2.9580000E+00    4.2089889E+00
    2.9620000E+00    4.2106557E+00
    2.9660000E+00    4.2123151E+00
    2.9700000E+00    4.2139670E+00
    2.9740000E+00    4.2156115E+00
    2.9780000E+00    4.2172485E+00
    2.9820000E+00    4.2188782E+00
    2.9860000E+00    4.2205004E+00
    2.9900000E+00    4.2221153E+00
    2.9940000E+00    4.2237228E+00
    2.9980000E+00    4.2253229E+00
    3.0020000E+00    4.2269156E+00
    3.0060000E+00    4.2285011E+00
    3.0100000E+00    4.2300791E+00
    3.0140000E+00    4.2316499E+00
    3.0180000E+00    4.2332134E+00
    3.0220000E+00    4.2347695E+00
    3.0260000E+00    4.2363184E+00
    3.0300000E+00    4.2378600E+00
    3.0340000E+00    4.2393943E+00
    3.0380000E+00    4.2409214E+00
    3.0420000E+00    4.2424413E+00
    3.0460000E+00    4.2439539E+00
    3.0500000E+00    4.2454593E+00
    3.0540000E+00    4.2469575E+00
    3.0580000E+00    4.2484484E+00
    3.0620000E+00    4.2499322E+00
    3.0660000E+00    4.2514088E+00
    3.0700000E+00    4.2528783E+00
    3.0740000E+00    4.2543406E+00
    3.0780000E+00    4.2557957E+00
    3.0820000E+00    4.2572438E+00
    3.0860000E+00    4.2586846E+00
    3.0900000E+00    4.2601184E+00
    3.0940000E+00    4.2615451E+00
    3.0980000E+00    4.2629647E+00
    3.1020000E+00    4.2643772E+00
    3.1060000E+00    4.2657826E+00
    3.1100000E+00    4.2671810E+00
    3.1140000E+00    4.2685723E+00
    3.1180000E+00    4.2699566E+00
    3.1220000E+00    4.2713338E+00
    3.1260000E+00    4.2727041E+00
    3.1300000E+00    4.2740673E+00
    3.1340000E+00    4.2754235E+00
    3.1380000E+00    4.2767727E+00
    3.1420000E+00    4.2781150E+00
    3.1460000E+00    4.2794502E+00
    3.1500000E+00    4.2807786E+00
    3.1540000E+00    4.2820999E+00
    3.1580000E+00    4.2834143E+00
    3.1620000E+00    4.2847218E+00
    3.1660000E+00    4.2860224E+00
    3.1700000E+00    4.2873161E+00
    3.1740000E+00    4.2886028E+00
    3.1780000E+00    4.2898827E+00
    3.1820000E+00    4.2911557E+00
    3.1860000E+00    4.2924218E+00
    3.1900000E+00    4.2936811E+00
    3.1940000E+00    4.2949335E+00
    3.1980000E+00    4.2961790E+00
    3.2020000E+00    4.2974177E+00
    3.2060000E+00    4.2986496E+00
    3.2100000E+00    4.2998747E+00
    3.2140000E+00    4.3010930E+00
    3.2180000E+00    4.3023045E+00
    3.2220000E+00    4.3035092E+00
    3.2260000E+00    4.3047071E+00
    3.2300000E+00    4.3058982E+00
    3.2340000E+00    4.3070826E+00
    3.2380000E+00    4.3082602E+00
    3.2420000E+00    4.3094311E+00
    3.2460000E+00    4.3105952E+00
    3.2500000E+00    4.3117527E+00
    3.2540000E+00    4.3129034E+00
    3.2580000E+00    4.3140474E+00
    3.2620000E+00    4.3151847E+00
    3.2660000E+00    4.3163153E+00
    3.2700000E+00    4.3174392E+00
    3.2740000E+00    4.3185565E+00
    3.2780000E+00    4.3196671E+00
    3.2820000E+00    4.3207710E+00
    3.2860000E+00    4.3218683E+00
    3.2900000E+00    4.3229590E+00
    3.2940000E+00    4.3240430E+00
    3.2980000E+00    4.3251204E+00
    3.3020000E+00    4.3261912E+00
    3.3060000E+00    4.3272554E+00
    3.3100000E+00    4.3283130E+00
    3.3140000E+00    4.3293640E+00
    3.3180000E+00    4.3304084E+00
    3.3220000E+00    4.3314462E+00
    3.3260000E+00    4.3324775E+00
    3.3300000E+00    4.3335022E+00
    3.3340000E+00    4.3345204E+00
    3.3380000E+00    4.3355321E+00
    3.3420000E+00    4.3365372E+00
    3.3460000E+00    4.3375358E+00
    3.3500000E+00    4.3385278E+00
    3.3540000E+00    4.3395134E+00
    3.3580000E+00    4.3404924E+00
    3.3620000E+00    4.3414650E+00
    3.3660000E+00    4.3424311E+00
    3.3700000E+00    4.3433907E+00
    3.3740000E+00    4.3443438E+00
    3.3780000E+00    4.3452905E+00
    3.3820000E+00    4.3462307E+00
    3.3860000E+00    4.3471644E+00
    3.3900000E+00    4.3480918E+00
    3.3940000E+00    4.3490127E+00
    3.3980000E+00    4.3499271E+00
    3.4020000E+00    4.3508352E+00
    3.4060000E+00    4.3517368E+00
    3.4100000E+00    4.3526320E+00
    3.4140000E+00    4.3535208E+00
    3.4180000E+00    4.3544033E+00
    3.4220000E+00    4.3552793E+00
    3.4260000E+00    4.3561490E+00
    3.4300000E+00    4.3570123E+00
    3.4340000E+00    4.3578693E+00
    3.4380000E+00    4.3587199E+00
    3.4420000E+00    4.3595641E+00
    3.4460000E+00    4.3604020E+00
    3.4500000E+00    4.3612336E+00
    3.4540000E+00    4.3620588E+00
    3.4580000E+00    4.3628777E+00
    3.4620000E+00    4.3636903E+00
    3.4660000E+00    4.3644966E+00
    3.4700000E+00    4.3652966E+00
    3.4740000E+00    4.3660902E+00
    3.4780000E+00    4.3668776E+00
    3.4820000E+00    4.3676588E+00
    3.4860000E+00    4.3684336E+00
    3.4900000E+00    4.3692021E+00
    3.4940000E+00    4.3699644E+00
    3.4980000E+00    4.3707205E+00
    3.5020000E+00    4.3714703E+00
    3.5060000E+00    4.3722138E+00
    3.5100000E+00    4.3729511E+00
    3.5140000E+00    4.3736822E+00
    3.5180000E+00    4.3744070E+00
    3.5220000E+00    4.3751256E+00
    3.5260000E+00    4.3758380E+00
    3.5300000E+00    4.3765442E+00
    3.5340000E+00    4.3772441E+00
    3.5380000E+00    4.3779379E+00
    3.5420000E+00    4.3786255E+00
    3.5460000E+00    4.3793069E+00
    3.5500000E+00    4.3799821E+00
    3.5540000E+00    4.3806511E+00
    3.5580000E+00    4.3813139E+00
    3.5620000E+00    4.3819706E+00
    3.5660000E+00    4.3826211E+00
    3.5700000E+00    4.3832655E+00
    3.5740000E+00    4.3839037E+00
    3.5780000E+00    4.3845358E+00
    3.5820000E+00    4.3851617E+00
    3.5860000E+00    4.3857815E+00
    3.5900000E+00    4.3863951E+00
    3.5940000E+00    4.3870026E+00
    3.5980000E+00    4.3876041E+00
    3.6020000E+00    4.3881993E+00
    3.6060000E+00    4.3887885E+00
    3.6100000E+00    4.3893716E+00
    3.6140000E+00    4.3899486E+00
    3.6180000E+00    4.3905194E+00
    3.6220000E+00    4.3910842E+00
    3.6260000E+00    4.3916429E+00
    3.6300000E+00    4.3921955E+00
    3.6340000E+00    4.3927420E+00
    3.6380000E+00    4.3932825E+00
    3.6420000E+00    4.3938169E+00
    3.6460000E+00    4.3943452E+00
    3.6500000E+00    4.3948674E+00
    3.6540000E+00    4.3953836E+00
    3.6580000E+00    4.3958938E+00
    3.6620000E+00    4.3963979E+00
    3.6660000E+00    4.3968959E+00
    3.6700000E+00    4.3973879E+00
    3.6740000E+00    4.3978739E+00
    3.6780000E+00    4.3983538E+00
    3.6820000E+00    4.3988278E+00
    3.6860000E+00    4.3992956E+00
    3.6900000E+00    4.3997575E+00
    3.6940000E+00    4.4002134E+00
    3.6980000E+00    4.4006632E+00
    3.7020000E+00    4.4011070E+00
    3.7060000E+00    4.4015448E+00
    3.7100000E+00    4.4019766E+00
    3.7140000E+00    4.4024025E+00
    3.7180000E+00    4.4028223E+00
    3.7220000E+00    4.4032361E+00
    3.7260000E+00    4.4036439E+00
    3.7300000E+00    4.4040458E+00
    3.7340000E+00    4.4044417E+00
    3.7380000E+00    4.4048316E+00
    3.7420000E+00    4.4052155E+00
    3.7460000E+00    4.4055934E+00
    3.7500000E+00    4.4059654E+00
    3.7540000E+00    4.4063314E+00
    3.7580000E+00    4.4066914E+00
    3.7620000E+00    4.4070455E+00
    3.7660000E+00    4.4073937E+00
    3.7700000E+00    4.4077358E+00
    3.7740000E+00    4.4080720E+00
    3.7780000E+00    4.4084023E+00
    3.7820000E+00    4.4087266E+00
    3.7860000E+00    4.4090450E+00
    3.7900000E+00    4.4093575E+00
    3.7940000E+00    4.4096640E+00
    3.7980000E+00    4.4099645E+00
    3.8020000E+00    4.4102592E+00
    3.8060000E+00    4.4105479E+00
    3.8100000E+00    4.4108306E+00
    3.8140000E+00    4.4111075E+00
    3.8180000E+00    4.4113784E+00
    3.8220000E+00    4.4116434E+00
    3.8260000E+00    4.4119025E+00
    3.8300000E+00    4.4121556E+00
    3.8340000E+00    4.4124029E+00
    3.8380000E+00    4.4126442E+00
    3.8420000E+00    4.4128796E+00
    3.8460000E+00    4.4131091E+00
    3.8500000E+00    4.4133327E+00
    3.8540000E+00    4.4135504E+00
    3.8580000E+00    4.4137622E+00
    3.8620000E+00    4.4139681E+00
    3.8660000E+00    4.4141681E+00
    3.8700000E+00    4.4143622E+00
    3.8740000E+00    4.4145504E+00
    3.8780000E+00    4.4147327E+00
    3.8820000E+00    4.4149091E+00
    3.8860000E+00    4.4150796E+00
    3.8900000E+00    4.4152442E+00
    3.8940000E+00    4.4154029E+00
    3.8980000E+00    4.4155558E+00
    3.9020000E+00    4.4157027E+00
    3.9060000E+00    4.4158438E+00
    3.9100000E+00    4.4159789E+00
    3.9140000E+00    4.4161082E+00
    3.9180000E+00    4.4162316E+00
    3.9220000E+00    4.4163492E+00
    3.9260000E+00    4.4164608E+00
    3.9300000E+00    4.4165666E+00
    3.9340000E+00    4.4166664E+00
    3.9380000E+00    4.4167604E+00
    3.9420000E+00    4.4168486E+00
    3.9460000E+00    4.4169308E+00
    3.9500000E+00    4.4170072E+00
    3.9540000E+00    4.4170777E+00
    3.9580000E+00    4.4171423E+00
    3.9620000E+00    4.4172010E+00
    3.9660000E+00    4.4172539E+00
    3.9700000E+00    4.4173009E+00
    3.9740000E+00    4.4173420E+00
    3.9780000E+00    4.4173772E+00
    3.9820000E+00    4.4174066E+00
    3.9860000E+00    4.4174301E+00
    3.9900000E+00    4.4174477E+00
    3.9940000E+00    4.4174595E+00
    3.9980000E+00    4.4174653E+00
