# Time          7.5000E+02
# Units: Permil
    Distance        SO4--            SO164--         
    2.0000000E-03    2.2016832E+01    8.8052882E+00
    6.0000000E-03    2.2120903E+01    9.0545926E+00
    1.0000000E-02    2.2225000E+01    9.2990856E+00
    1.4000000E-02    2.2329125E+01    9.5388531E+00
    1.8000000E-02    2.2433277E+01    9.7739797E+00
    2.2000000E-02    2.2537456E+01    1.0004549E+01
    2.6000000E-02    2.2641663E+01    1.0230641E+01
    3.0000000E-02    2.2745897E+01    1.0452339E+01
    3.4000000E-02    2.2850158E+01    1.0669720E+01
    3.8000000E-02    2.2954447E+01    1.0882862E+01
    4.2000000E-02    2.3058764E+01    1.1091842E+01
    4.6000000E-02    2.3163108E+01    1.1296736E+01
    5.0000000E-02    2.3267480E+01    1.1497616E+01
    5.4000000E-02    2.3371880E+01    1.1694557E+01
    5.8000000E-02    2.3476308E+01    1.1887629E+01
    6.2000000E-02    2.3580764E+01    1.2076903E+01
    6.6000000E-02    2.3685248E+01    1.2262449E+01
    7.0000000E-02    2.3789759E+01    1.2444333E+01
    7.4000000E-02    2.3894299E+01    1.2622624E+01
    7.8000000E-02    2.3998868E+01    1.2797387E+01
    8.2000000E-02    2.4103464E+01    1.2968686E+01
    8.6000000E-02    2.4208089E+01    1.3136586E+01
    9.0000000E-02    2.4312743E+01    1.3301148E+01
    9.4000000E-02    2.4417425E+01    1.3462434E+01
    9.8000000E-02    2.4522135E+01    1.3620506E+01
    1.0200000E-01    2.4626874E+01    1.3775421E+01
    1.0600000E-01    2.4731642E+01    1.3927239E+01
    1.1000000E-01    2.4836439E+01    1.4076016E+01
    1.1400000E-01    2.4941264E+01    1.4221810E+01
    1.1800000E-01    2.5046119E+01    1.4364676E+01
    1.2200000E-01    2.5151002E+01    1.4504668E+01
    1.2600000E-01    2.5255915E+01    1.4641840E+01
    1.3000000E-01    2.5360856E+01    1.4776244E+01
    1.3400000E-01    2.5465827E+01    1.4907934E+01
    1.3800000E-01    2.5570828E+01    1.5036958E+01
    1.4200000E-01    2.5675857E+01    1.5163368E+01
    1.4600000E-01    2.5780916E+01    1.5287212E+01
    1.5000000E-01    2.5886005E+01    1.5408539E+01
    1.5400000E-01    2.5991123E+01    1.5527396E+01
    1.5800000E-01    2.6096271E+01    1.5643830E+01
    1.6200000E-01    2.6201448E+01    1.5757887E+01
    1.6600000E-01    2.6306656E+01    1.5869611E+01
    1.7000000E-01    2.6411893E+01    1.5979048E+01
    1.7400000E-01    2.6517160E+01    1.6086240E+01
    1.7800000E-01    2.6622457E+01    1.6191230E+01
    1.8200000E-01    2.6727785E+01    1.6294061E+01
    1.8600000E-01    2.6833142E+01    1.6394773E+01
    1.9000000E-01    2.6938530E+01    1.6493408E+01
    1.9400000E-01    2.7043948E+01    1.6590004E+01
    1.9800000E-01    2.7149397E+01    1.6684601E+01
    2.0200000E-01    2.7254876E+01    1.6777237E+01
    2.0600000E-01    2.7360385E+01    1.6867951E+01
    2.1000000E-01    2.7465925E+01    1.6956778E+01
    2.1400000E-01    2.7571496E+01    1.7043757E+01
    2.1800000E-01    2.7677098E+01    1.7128922E+01
    2.2200000E-01    2.7782730E+01    1.7212308E+01
    2.2600000E-01    2.7888394E+01    1.7293950E+01
    2.3000000E-01    2.7994088E+01    1.7373883E+01
    2.3400000E-01    2.8099814E+01    1.7452138E+01
    2.3800000E-01    2.8205571E+01    1.7528750E+01
    2.4200000E-01    2.8311359E+01    1.7603749E+01
    2.4600000E-01    2.8417178E+01    1.7677168E+01
    2.5000000E-01    2.8523029E+01    1.7749038E+01
    2.5400000E-01    2.8628911E+01    1.7819389E+01
    2.5800000E-01    2.8734825E+01    1.7888250E+01
    2.6200000E-01    2.8840770E+01    1.7955652E+01
    2.6600000E-01    2.8946747E+01    1.8021622E+01
    2.7000000E-01    2.9052756E+01    1.8086190E+01
    2.7400000E-01    2.9158797E+01    1.8149382E+01
    2.7800000E-01    2.9264869E+01    1.8211227E+01
    2.8200000E-01    2.9370974E+01    1.8271751E+01
    2.8600000E-01    2.9477111E+01    1.8330980E+01
    2.9000000E-01    2.9583280E+01    1.8388939E+01
    2.9400000E-01    2.9689481E+01    1.8445656E+01
    2.9800000E-01    2.9795715E+01    1.8501153E+01
    3.0200000E-01    2.9901981E+01    1.8555455E+01
    3.0600000E-01    3.0008279E+01    1.8608588E+01
    3.1000000E-01    3.0114610E+01    1.8660573E+01
    3.1400000E-01    3.0220974E+01    1.8711434E+01
    3.1800000E-01    3.0327371E+01    1.8761193E+01
    3.2200000E-01    3.0433800E+01    1.8809874E+01
    3.2600000E-01    3.0540262E+01    1.8857497E+01
    3.3000000E-01    3.0646758E+01    1.8904084E+01
    3.3400000E-01    3.0753286E+01    1.8949656E+01
    3.3800000E-01    3.0859847E+01    1.8994234E+01
    3.4200000E-01    3.0966442E+01    1.9037837E+01
    3.4600000E-01    3.1073070E+01    1.9080486E+01
    3.5000000E-01    3.1179732E+01    1.9122201E+01
    3.5400000E-01    3.1286427E+01    1.9162999E+01
    3.5800000E-01    3.1393155E+01    1.9202901E+01
    3.6200000E-01    3.1499917E+01    1.9241924E+01
    3.6600000E-01    3.1606713E+01    1.9280086E+01
    3.7000000E-01    3.1713543E+01    1.9317405E+01
    3.7400000E-01    3.1820406E+01    1.9353899E+01
    3.7800000E-01    3.1927304E+01    1.9389584E+01
    3.8200000E-01    3.2034235E+01    1.9424477E+01
    3.8600000E-01    3.2141201E+01    1.9458595E+01
    3.9000000E-01    3.2248201E+01    1.9491954E+01
    3.9400000E-01    3.2355235E+01    1.9524569E+01
    3.9800000E-01    3.2462304E+01    1.9556456E+01
    4.0200000E-01    3.2569407E+01    1.9587629E+01
    4.0600000E-01    3.2676545E+01    1.9618105E+01
    4.1000000E-01    3.2783717E+01    1.9647897E+01
    4.1400000E-01    3.2890924E+01    1.9677020E+01
    4.1800000E-01    3.2998166E+01    1.9705488E+01
    4.2200000E-01    3.3105443E+01    1.9733314E+01
    4.2600000E-01    3.3212755E+01    1.9760513E+01
    4.3000000E-01    3.3320101E+01    1.9787096E+01
    4.3400000E-01    3.3427483E+01    1.9813078E+01
    4.3800000E-01    3.3534901E+01    1.9838471E+01
    4.4200000E-01    3.3642353E+01    1.9863287E+01
    4.4600000E-01    3.3749841E+01    1.9887539E+01
    4.5000000E-01    3.3857365E+01    1.9911239E+01
    4.5400000E-01    3.3964924E+01    1.9934397E+01
    4.5800000E-01    3.4072519E+01    1.9957027E+01
    4.6200000E-01    3.4180149E+01    1.9979139E+01
    4.6600000E-01    3.4287815E+01    2.0000744E+01
    4.7000000E-01    3.4395518E+01    2.0021854E+01
    4.7400000E-01    3.4503256E+01    2.0042478E+01
    4.7800000E-01    3.4611030E+01    2.0062627E+01
    4.8200000E-01    3.4718841E+01    2.0082312E+01
    4.8600000E-01    3.4826688E+01    2.0101541E+01
    4.9000000E-01    3.4934571E+01    2.0120327E+01
    4.9400000E-01    3.5042491E+01    2.0138676E+01
    4.9800000E-01    3.5150447E+01    2.0156601E+01
    5.0200000E-01    3.5258440E+01    2.0174108E+01
    5.0600000E-01    3.5366470E+01    2.0191208E+01
    5.1000000E-01    3.5474536E+01    2.0207909E+01
    5.1400000E-01    3.5582640E+01    2.0224221E+01
    5.1800000E-01    3.5690780E+01    2.0240151E+01
    5.2200000E-01    3.5798957E+01    2.0255708E+01
    5.2600000E-01    3.5907172E+01    2.0270900E+01
    5.3000000E-01    3.6015424E+01    2.0285734E+01
    5.3400000E-01    3.6123713E+01    2.0300220E+01
    5.3800000E-01    3.6232039E+01    2.0314365E+01
    5.4200000E-01    3.6340404E+01    2.0328175E+01
    5.4600000E-01    3.6448805E+01    2.0341659E+01
    5.5000000E-01    3.6557245E+01    2.0354824E+01
    5.5400000E-01    3.6665722E+01    2.0367676E+01
    5.5800000E-01    3.6774237E+01    2.0380223E+01
    5.6200000E-01    3.6882790E+01    2.0392472E+01
    5.6600000E-01    3.6991381E+01    2.0404428E+01
    5.7000000E-01    3.7100010E+01    2.0416099E+01
    5.7400000E-01    3.7208678E+01    2.0427492E+01
    5.7800000E-01    3.7317384E+01    2.0438611E+01
    5.8200000E-01    3.7426128E+01    2.0449464E+01
    5.8600000E-01    3.7534911E+01    2.0460056E+01
    5.9000000E-01    3.7643732E+01    2.0470393E+01
    5.9400000E-01    3.7752592E+01    2.0480481E+01
    5.9800000E-01    3.7861491E+01    2.0490325E+01
    6.0200000E-01    3.7970429E+01    2.0499932E+01
    6.0600000E-01    3.8079405E+01    2.0509305E+01
    6.1000000E-01    3.8188421E+01    2.0518452E+01
    6.1400000E-01    3.8297476E+01    2.0527376E+01
    6.1800000E-01    3.8406570E+01    2.0536083E+01
    6.2200000E-01    3.8515703E+01    2.0544578E+01
    6.2600000E-01    3.8624876E+01    2.0552866E+01
    6.3000000E-01    3.8734089E+01    2.0560951E+01
    6.3400000E-01    3.8843341E+01    2.0568837E+01
    6.3800000E-01    3.8952632E+01    2.0576531E+01
    6.4200000E-01    3.9061964E+01    2.0584035E+01
    6.4600000E-01    3.9171335E+01    2.0591355E+01
    6.5000000E-01    3.9280746E+01    2.0598494E+01
    6.5400000E-01    3.9390198E+01    2.0605457E+01
    6.5800000E-01    3.9499689E+01    2.0612247E+01
    6.6200000E-01    3.9609221E+01    2.0618870E+01
    6.6600000E-01    3.9718793E+01    2.0625328E+01
    6.7000000E-01    3.9828406E+01    2.0631625E+01
    6.7400000E-01    3.9938059E+01    2.0637766E+01
    6.7800000E-01    4.0047752E+01    2.0643753E+01
    6.8200000E-01    4.0157487E+01    2.0649591E+01
    6.8600000E-01    4.0267262E+01    2.0655283E+01
    6.9000000E-01    4.0377078E+01    2.0660832E+01
    6.9400000E-01    4.0486935E+01    2.0666242E+01
    6.9800000E-01    4.0596833E+01    2.0671516E+01
    7.0200000E-01    4.0706773E+01    2.0676656E+01
    7.0600000E-01    4.0816753E+01    2.0681667E+01
    7.1000000E-01    4.0926775E+01    2.0686552E+01
    7.1400000E-01    4.1036839E+01    2.0691312E+01
    7.1800000E-01    4.1146944E+01    2.0695952E+01
    7.2200000E-01    4.1257090E+01    2.0700474E+01
    7.2600000E-01    4.1367278E+01    2.0704881E+01
    7.3000000E-01    4.1477509E+01    2.0709175E+01
    7.3400000E-01    4.1587781E+01    2.0713360E+01
    7.3800000E-01    4.1698095E+01    2.0717438E+01
    7.4200000E-01    4.1808451E+01    2.0721411E+01
    7.4600000E-01    4.1918849E+01    2.0725282E+01
    7.5000000E-01    4.2029290E+01    2.0729053E+01
    7.5400000E-01    4.2139773E+01    2.0732727E+01
    7.5800000E-01    4.2250299E+01    2.0736307E+01
    7.6200000E-01    4.2360867E+01    2.0739793E+01
    7.6600000E-01    4.2471477E+01    2.0743190E+01
    7.7000000E-01    4.2582131E+01    2.0746498E+01
    7.7400000E-01    4.2692827E+01    2.0749720E+01
    7.7800000E-01    4.2803567E+01    2.0752858E+01
    7.8200000E-01    4.2914349E+01    2.0755914E+01
    7.8600000E-01    4.3025174E+01    2.0758891E+01
    7.9000000E-01    4.3136043E+01    2.0761789E+01
    7.9400000E-01    4.3246955E+01    2.0764611E+01
    7.9800000E-01    4.3357910E+01    2.0767359E+01
    8.0200000E-01    4.3468909E+01    2.0770035E+01
    8.0600000E-01    4.3579952E+01    2.0772639E+01
    8.1000000E-01    4.3691038E+01    2.0775175E+01
    8.1400000E-01    4.3802168E+01    2.0777644E+01
    8.1800000E-01    4.3913342E+01    2.0780047E+01
    8.2200000E-01    4.4024560E+01    2.0782387E+01
    8.2600000E-01    4.4135822E+01    2.0784663E+01
    8.3000000E-01    4.4247128E+01    2.0786879E+01
    8.3400000E-01    4.4358478E+01    2.0789036E+01
    8.3800000E-01    4.4469873E+01    2.0791135E+01
    8.4200000E-01    4.4581312E+01    2.0793177E+01
    8.4600000E-01    4.4692795E+01    2.0795165E+01
    8.5000000E-01    4.4804324E+01    2.0797098E+01
    8.5400000E-01    4.4915897E+01    2.0798980E+01
    8.5800000E-01    4.5027514E+01    2.0800810E+01
    8.6200000E-01    4.5139177E+01    2.0802591E+01
    8.6600000E-01    4.5250885E+01    2.0804323E+01
    8.7000000E-01    4.5362637E+01    2.0806008E+01
    8.7400000E-01    4.5474435E+01    2.0807647E+01
    8.7800000E-01    4.5586278E+01    2.0809241E+01
    8.8200000E-01    4.5698167E+01    2.0810792E+01
    8.8600000E-01    4.5810101E+01    2.0812299E+01
    8.9000000E-01    4.5922080E+01    2.0813765E+01
    8.9400000E-01    4.6034106E+01    2.0815191E+01
    8.9800000E-01    4.6146176E+01    2.0816577E+01
    9.0200000E-01    4.6258293E+01    2.0817924E+01
    9.0600000E-01    4.6370456E+01    2.0819234E+01
    9.1000000E-01    4.6482664E+01    2.0820508E+01
    9.1400000E-01    4.6594919E+01    2.0821745E+01
    9.1800000E-01    4.6707220E+01    2.0822949E+01
    9.2200000E-01    4.6819567E+01    2.0824118E+01
    9.2600000E-01    4.6931961E+01    2.0825254E+01
    9.3000000E-01    4.7044401E+01    2.0826359E+01
    9.3400000E-01    4.7156887E+01    2.0827432E+01
    9.3800000E-01    4.7269420E+01    2.0828474E+01
    9.4200000E-01    4.7382000E+01    2.0829487E+01
    9.4600000E-01    4.7494627E+01    2.0830471E+01
    9.5000000E-01    4.7607301E+01    2.0831427E+01
    9.5400000E-01    4.7720021E+01    2.0832355E+01
    9.5800000E-01    4.7832789E+01    2.0833257E+01
    9.6200000E-01    4.7945604E+01    2.0834132E+01
    9.6600000E-01    4.8058466E+01    2.0834983E+01
    9.7000000E-01    4.8171376E+01    2.0835808E+01
    9.7400000E-01    4.8284333E+01    2.0836610E+01
    9.7800000E-01    4.8397337E+01    2.0837388E+01
    9.8200000E-01    4.8510389E+01    2.0838144E+01
    9.8600000E-01    4.8623489E+01    2.0838877E+01
    9.9000000E-01    4.8736637E+01    2.0839589E+01
    9.9400000E-01    4.8849833E+01    2.0840279E+01
    9.9800000E-01    4.8963076E+01    2.0840950E+01
    1.0020000E+00    4.9076368E+01    2.0841600E+01
    1.0060000E+00    4.9189707E+01    2.0842231E+01
    1.0100000E+00    4.9303096E+01    2.0842843E+01
    1.0140000E+00    4.9416532E+01    2.0843437E+01
    1.0180000E+00    4.9530017E+01    2.0844012E+01
    1.0220000E+00    4.9643550E+01    2.0844571E+01
    1.0260000E+00    4.9757132E+01    2.0845112E+01
    1.0300000E+00    4.9870762E+01    2.0845637E+01
    1.0340000E+00    4.9984442E+01    2.0846146E+01
    1.0380000E+00    5.0098170E+01    2.0846639E+01
    1.0420000E+00    5.0211947E+01    2.0847117E+01
    1.0460000E+00    5.0325773E+01    2.0847581E+01
    1.0500000E+00    5.0439648E+01    2.0848030E+01
    1.0540000E+00    5.0553572E+01    2.0848465E+01
    1.0580000E+00    5.0667546E+01    2.0848886E+01
    1.0620000E+00    5.0781569E+01    2.0849294E+01
    1.0660000E+00    5.0895641E+01    2.0849689E+01
    1.0700000E+00    5.1009763E+01    2.0850072E+01
    1.0740000E+00    5.1123935E+01    2.0850443E+01
    1.0780000E+00    5.1238156E+01    2.0850801E+01
    1.0820000E+00    5.1352427E+01    2.0851148E+01
    1.0860000E+00    5.1466748E+01    2.0851484E+01
    1.0900000E+00    5.1581119E+01    2.0851809E+01
    1.0940000E+00    5.1695539E+01    2.0852124E+01
    1.0980000E+00    5.1810010E+01    2.0852428E+01
    1.1020000E+00    5.1924531E+01    2.0852722E+01
    1.1060000E+00    5.2039103E+01    2.0853006E+01
    1.1100000E+00    5.2153724E+01    2.0853281E+01
    1.1140000E+00    5.2268396E+01    2.0853547E+01
    1.1180000E+00    5.2383119E+01    2.0853804E+01
    1.1220000E+00    5.2497892E+01    2.0854052E+01
    1.1260000E+00    5.2612716E+01    2.0854291E+01
    1.1300000E+00    5.2727590E+01    2.0854523E+01
    1.1340000E+00    5.2842515E+01    2.0854746E+01
    1.1380000E+00    5.2957492E+01    2.0854962E+01
    1.1420000E+00    5.3072519E+01    2.0855170E+01
    1.1460000E+00    5.3187597E+01    2.0855371E+01
    1.1500000E+00    5.3302726E+01    2.0855564E+01
    1.1540000E+00    5.3417907E+01    2.0855751E+01
    1.1580000E+00    5.3533138E+01    2.0855931E+01
    1.1620000E+00    5.3648421E+01    2.0856104E+01
    1.1660000E+00    5.3763756E+01    2.0856271E+01
    1.1700000E+00    5.3879142E+01    2.0856432E+01
    1.1740000E+00    5.3994579E+01    2.0856587E+01
    1.1780000E+00    5.4110068E+01    2.0856736E+01
    1.1820000E+00    5.4225609E+01    2.0856880E+01
    1.1860000E+00    5.4341202E+01    2.0857018E+01
    1.1900000E+00    5.4456846E+01    2.0857150E+01
    1.1940000E+00    5.4572542E+01    2.0857278E+01
    1.1980000E+00    5.4688291E+01    2.0857400E+01
    1.2020000E+00    5.4804091E+01    2.0857517E+01
    1.2060000E+00    5.4919944E+01    2.0857630E+01
    1.2100000E+00    5.5035848E+01    2.0857738E+01
    1.2140000E+00    5.5151805E+01    2.0857842E+01
    1.2180000E+00    5.5267814E+01    2.0857942E+01
    1.2220000E+00    5.5383876E+01    2.0858037E+01
    1.2260000E+00    5.5499990E+01    2.0858128E+01
    1.2300000E+00    5.5616157E+01    2.0858215E+01
    1.2340000E+00    5.5732376E+01    2.0858298E+01
    1.2380000E+00    5.5848647E+01    2.0858378E+01
    1.2420000E+00    5.5964972E+01    2.0858454E+01
    1.2460000E+00    5.6081349E+01    2.0858526E+01
    1.2500000E+00    5.6197779E+01    2.0858595E+01
    1.2540000E+00    5.6314262E+01    2.0858661E+01
    1.2580000E+00    5.6430798E+01    2.0858723E+01
    1.2620000E+00    5.6547387E+01    2.0858783E+01
    1.2660000E+00    5.6664029E+01    2.0858839E+01
    1.2700000E+00    5.6780725E+01    2.0858892E+01
    1.2740000E+00    5.6897473E+01    2.0858943E+01
    1.2780000E+00    5.7014275E+01    2.0858991E+01
    1.2820000E+00    5.7131130E+01    2.0859036E+01
    1.2860000E+00    5.7248038E+01    2.0859078E+01
    1.2900000E+00    5.7365000E+01    2.0859118E+01
    1.2940000E+00    5.7482015E+01    2.0859156E+01
    1.2980000E+00    5.7599084E+01    2.0859191E+01
    1.3020000E+00    5.7716206E+01    2.0859224E+01
    1.3060000E+00    5.7833382E+01    2.0859255E+01
    1.3100000E+00    5.7950611E+01    2.0859283E+01
    1.3140000E+00    5.8067895E+01    2.0859310E+01
    1.3180000E+00    5.8185232E+01    2.0859334E+01
    1.3220000E+00    5.8302623E+01    2.0859357E+01
    1.3260000E+00    5.8420068E+01    2.0859378E+01
    1.3300000E+00    5.8537567E+01    2.0859396E+01
    1.3340000E+00    5.8655119E+01    2.0859413E+01
    1.3380000E+00    5.8772726E+01    2.0859429E+01
    1.3420000E+00    5.8890387E+01    2.0859442E+01
    1.3460000E+00    5.9008102E+01    2.0859454E+01
    1.3500000E+00    5.9125871E+01    2.0859465E+01
    1.3540000E+00    5.9243694E+01    2.0859474E+01
    1.3580000E+00    5.9361572E+01    2.0859481E+01
    1.3620000E+00    5.9479504E+01    2.0859487E+01
    1.3660000E+00    5.9597490E+01    2.0859492E+01
    1.3700000E+00    5.9715530E+01    2.0859495E+01
    1.3740000E+00    5.9833625E+01    2.0859497E+01
    1.3780000E+00    5.9951775E+01    2.0859498E+01
    1.3820000E+00    6.0069978E+01    2.0859498E+01
    1.3860000E+00    6.0188237E+01    2.0859496E+01
    1.3900000E+00    6.0306550E+01    2.0859494E+01
    1.3940000E+00    6.0424917E+01    2.0859490E+01
    1.3980000E+00    6.0543339E+01    2.0859485E+01
    1.4020000E+00    6.0661816E+01    2.0859479E+01
    1.4060000E+00    6.0780347E+01    2.0859472E+01
    1.4100000E+00    6.0898933E+01    2.0859465E+01
    1.4140000E+00    6.1017574E+01    2.0859456E+01
    1.4180000E+00    6.1136269E+01    2.0859447E+01
    1.4220000E+00    6.1255019E+01    2.0859436E+01
    1.4260000E+00    6.1373824E+01    2.0859425E+01
    1.4300000E+00    6.1492684E+01    2.0859413E+01
    1.4340000E+00    6.1611599E+01    2.0859400E+01
    1.4380000E+00    6.1730568E+01    2.0859387E+01
    1.4420000E+00    6.1849593E+01    2.0859372E+01
    1.4460000E+00    6.1968672E+01    2.0859357E+01
    1.4500000E+00    6.2087806E+01    2.0859342E+01
    1.4540000E+00    6.2206995E+01    2.0859325E+01
    1.4580000E+00    6.2326239E+01    2.0859308E+01
    1.4620000E+00    6.2445538E+01    2.0859291E+01
    1.4660000E+00    6.2564892E+01    2.0859273E+01
    1.4700000E+00    6.2684301E+01    2.0859254E+01
    1.4740000E+00    6.2803765E+01    2.0859235E+01
    1.4780000E+00    6.2923284E+01    2.0859215E+01
    1.4820000E+00    6.3042858E+01    2.0859195E+01
    1.4860000E+00    6.3162487E+01    2.0859174E+01
    1.4900000E+00    6.3282171E+01    2.0859153E+01
    1.4940000E+00    6.3401910E+01    2.0859132E+01
    1.4980000E+00    6.3521705E+01    2.0859110E+01
    1.5020000E+00    6.3641554E+01    2.0859087E+01
    1.5060000E+00    6.3761458E+01    2.0859065E+01
    1.5100000E+00    6.3881417E+01    2.0859041E+01
    1.5140000E+00    6.4001431E+01    2.0859018E+01
    1.5180000E+00    6.4121501E+01    2.0858994E+01
    1.5220000E+00    6.4241625E+01    2.0858970E+01
    1.5260000E+00    6.4361804E+01    2.0858945E+01
    1.5300000E+00    6.4482038E+01    2.0858920E+01
    1.5340000E+00    6.4602328E+01    2.0858895E+01
    1.5380000E+00    6.4722672E+01    2.0858869E+01
    1.5420000E+00    6.4843071E+01    2.0858844E+01
    1.5460000E+00    6.4963525E+01    2.0858818E+01
    1.5500000E+00    6.5084034E+01    2.0858791E+01
    1.5540000E+00    6.5204599E+01    2.0858765E+01
    1.5580000E+00    6.5325217E+01    2.0858738E+01
    1.5620000E+00    6.5445891E+01    2.0858711E+01
    1.5660000E+00    6.5566620E+01    2.0858684E+01
    1.5700000E+00    6.5687403E+01    2.0858657E+01
    1.5740000E+00    6.5808242E+01    2.0858629E+01
    1.5780000E+00    6.5929135E+01    2.0858601E+01
    1.5820000E+00    6.6050083E+01    2.0858573E+01
    1.5860000E+00    6.6171085E+01    2.0858545E+01
    1.5900000E+00    6.6292143E+01    2.0858517E+01
    1.5940000E+00    6.6413254E+01    2.0858489E+01
    1.5980000E+00    6.6534421E+01    2.0858460E+01
    1.6020000E+00    6.6655642E+01    2.0858431E+01
    1.6060000E+00    6.6776918E+01    2.0858403E+01
    1.6100000E+00    6.6898248E+01    2.0858374E+01
    1.6140000E+00    6.7019633E+01    2.0858345E+01
    1.6180000E+00    6.7141072E+01    2.0858316E+01
    1.6220000E+00    6.7262565E+01    2.0858286E+01
    1.6260000E+00    6.7384113E+01    2.0858257E+01
    1.6300000E+00    6.7505715E+01    2.0858227E+01
    1.6340000E+00    6.7627371E+01    2.0858198E+01
    1.6380000E+00    6.7749082E+01    2.0858168E+01
    1.6420000E+00    6.7870846E+01    2.0858139E+01
    1.6460000E+00    6.7992665E+01    2.0858109E+01
    1.6500000E+00    6.8114538E+01    2.0858079E+01
    1.6540000E+00    6.8236464E+01    2.0858049E+01
    1.6580000E+00    6.8358445E+01    2.0858019E+01
    1.6620000E+00    6.8480479E+01    2.0857989E+01
    1.6660000E+00    6.8602567E+01    2.0857959E+01
    1.6700000E+00    6.8724708E+01    2.0857929E+01
    1.6740000E+00    6.8846904E+01    2.0857899E+01
    1.6780000E+00    6.8969153E+01    2.0857869E+01
    1.6820000E+00    6.9091455E+01    2.0857839E+01
    1.6860000E+00    6.9213811E+01    2.0857809E+01
    1.6900000E+00    6.9336219E+01    2.0857779E+01
    1.6940000E+00    6.9458682E+01    2.0857748E+01
    1.6980000E+00    6.9581197E+01    2.0857718E+01
    1.7020000E+00    6.9703765E+01    2.0857688E+01
    1.7060000E+00    6.9826387E+01    2.0857658E+01
    1.7100000E+00    6.9949061E+01    2.0857627E+01
    1.7140000E+00    7.0071788E+01    2.0857597E+01
    1.7180000E+00    7.0194568E+01    2.0857567E+01
    1.7220000E+00    7.0317400E+01    2.0857537E+01
    1.7260000E+00    7.0440285E+01    2.0857506E+01
    1.7300000E+00    7.0563222E+01    2.0857476E+01
    1.7340000E+00    7.0686211E+01    2.0857446E+01
    1.7380000E+00    7.0809253E+01    2.0857416E+01
    1.7420000E+00    7.0932347E+01    2.0857386E+01
    1.7460000E+00    7.1055493E+01    2.0857355E+01
    1.7500000E+00    7.1178690E+01    2.0857325E+01
    1.7540000E+00    7.1301939E+01    2.0857295E+01
    1.7580000E+00    7.1425240E+01    2.0857265E+01
    1.7620000E+00    7.1548593E+01    2.0857235E+01
    1.7660000E+00    7.1671997E+01    2.0857205E+01
    1.7700000E+00    7.1795452E+01    2.0857175E+01
    1.7740000E+00    7.1918958E+01    2.0857145E+01
    1.7780000E+00    7.2042515E+01    2.0857115E+01
    1.7820000E+00    7.2166123E+01    2.0857085E+01
    1.7860000E+00    7.2289782E+01    2.0857055E+01
    1.7900000E+00    7.2413491E+01    2.0857025E+01
    1.7940000E+00    7.2537251E+01    2.0856995E+01
    1.7980000E+00    7.2661061E+01    2.0856965E+01
    1.8020000E+00    7.2784922E+01    2.0856935E+01
    1.8060000E+00    7.2908832E+01    2.0856906E+01
    1.8100000E+00    7.3032792E+01    2.0856876E+01
    1.8140000E+00    7.3156802E+01    2.0856846E+01
    1.8180000E+00    7.3280862E+01    2.0856817E+01
    1.8220000E+00    7.3404971E+01    2.0856787E+01
    1.8260000E+00    7.3529129E+01    2.0856757E+01
    1.8300000E+00    7.3653336E+01    2.0856728E+01
    1.8340000E+00    7.3777592E+01    2.0856699E+01
    1.8380000E+00    7.3901897E+01    2.0856669E+01
    1.8420000E+00    7.4026250E+01    2.0856640E+01
    1.8460000E+00    7.4150652E+01    2.0856611E+01
    1.8500000E+00    7.4275102E+01    2.0856581E+01
    1.8540000E+00    7.4399600E+01    2.0856552E+01
    1.8580000E+00    7.4524146E+01    2.0856523E+01
    1.8620000E+00    7.4648739E+01    2.0856494E+01
    1.8660000E+00    7.4773380E+01    2.0856465E+01
    1.8700000E+00    7.4898069E+01    2.0856436E+01
    1.8740000E+00    7.5022804E+01    2.0856407E+01
    1.8780000E+00    7.5147586E+01    2.0856378E+01
    1.8820000E+00    7.5272415E+01    2.0856349E+01
    1.8860000E+00    7.5397290E+01    2.0856321E+01
    1.8900000E+00    7.5522212E+01    2.0856292E+01
    1.8940000E+00    7.5647179E+01    2.0856263E+01
    1.8980000E+00    7.5772193E+01    2.0856235E+01
    1.9020000E+00    7.5897252E+01    2.0856206E+01
    1.9060000E+00    7.6022356E+01    2.0856178E+01
    1.9100000E+00    7.6147506E+01    2.0856149E+01
    1.9140000E+00    7.6272700E+01    2.0856121E+01
    1.9180000E+00    7.6397939E+01    2.0856093E+01
    1.9220000E+00    7.6523223E+01    2.0856065E+01
    1.9260000E+00    7.6648551E+01    2.0856036E+01
    1.9300000E+00    7.6773923E+01    2.0856008E+01
    1.9340000E+00    7.6899338E+01    2.0855980E+01
    1.9380000E+00    7.7024797E+01    2.0855952E+01
    1.9420000E+00    7.7150299E+01    2.0855924E+01
    1.9460000E+00    7.7275845E+01    2.0855897E+01
    1.9500000E+00    7.7401433E+01    2.0855869E+01
    1.9540000E+00    7.7527063E+01    2.0855841E+01
    1.9580000E+00    7.7652736E+01    2.0855813E+01
    1.9620000E+00    7.7778450E+01    2.0855786E+01
    1.9660000E+00    7.7904207E+01    2.0855758E+01
    1.9700000E+00    7.8030004E+01    2.0855731E+01
    1.9740000E+00    7.8155843E+01    2.0855703E+01
    1.9780000E+00    7.8281722E+01    2.0855676E+01
    1.9820000E+00    7.8407642E+01    2.0855649E+01
    1.9860000E+00    7.8533602E+01    2.0855622E+01
    1.9900000E+00    7.8659603E+01    2.0855594E+01
    1.9940000E+00    7.8785642E+01    2.0855567E+01
    1.9980000E+00    7.8911722E+01    2.0855540E+01
    2.0020000E+00    7.9037840E+01    2.0855513E+01
    2.0060000E+00    7.9163996E+01    2.0855487E+01
    2.0100000E+00    7.9290192E+01    2.0855460E+01
    2.0140000E+00    7.9416425E+01    2.0855433E+01
    2.0180000E+00    7.9542696E+01    2.0855406E+01
    2.0220000E+00    7.9669005E+01    2.0855380E+01
    2.0260000E+00    7.9795350E+01    2.0855353E+01
    2.0300000E+00    7.9921732E+01    2.0855327E+01
    2.0340000E+00    8.0048151E+01    2.0855300E+01
    2.0380000E+00    8.0174606E+01    2.0855274E+01
    2.0420000E+00    8.0301097E+01    2.0855248E+01
    2.0460000E+00    8.0427623E+01    2.0855221E+01
    2.0500000E+00    8.0554184E+01    2.0855195E+01
    2.0540000E+00    8.0680779E+01    2.0855169E+01
    2.0580000E+00    8.0807409E+01    2.0855143E+01
    2.0620000E+00    8.0934073E+01    2.0855117E+01
    2.0660000E+00    8.1060771E+01    2.0855091E+01
    2.0700000E+00    8.1187501E+01    2.0855065E+01
    2.0740000E+00    8.1314265E+01    2.0855040E+01
    2.0780000E+00    8.1441061E+01    2.0855014E+01
    2.0820000E+00    8.1567888E+01    2.0854988E+01
    2.0860000E+00    8.1694748E+01    2.0854963E+01
    2.0900000E+00    8.1821639E+01    2.0854937E+01
    2.0940000E+00    8.1948560E+01    2.0854912E+01
    2.0980000E+00    8.2075513E+01    2.0854887E+01
    2.1020000E+00    8.2202495E+01    2.0854861E+01
    2.1060000E+00    8.2329506E+01    2.0854836E+01
    2.1100000E+00    8.2456547E+01    2.0854811E+01
    2.1140000E+00    8.2583617E+01    2.0854786E+01
    2.1180000E+00    8.2710715E+01    2.0854761E+01
    2.1220000E+00    8.2837841E+01    2.0854736E+01
    2.1260000E+00    8.2964994E+01    2.0854711E+01
    2.1300000E+00    8.3092175E+01    2.0854686E+01
    2.1340000E+00    8.3219382E+01    2.0854661E+01
    2.1380000E+00    8.3346615E+01    2.0854637E+01
    2.1420000E+00    8.3473873E+01    2.0854612E+01
    2.1460000E+00    8.3601157E+01    2.0854587E+01
    2.1500000E+00    8.3728466E+01    2.0854563E+01
    2.1540000E+00    8.3855799E+01    2.0854538E+01
    2.1580000E+00    8.3983156E+01    2.0854514E+01
    2.1620000E+00    8.4110536E+01    2.0854490E+01
    2.1660000E+00    8.4237938E+01    2.0854465E+01
    2.1700000E+00    8.4365364E+01    2.0854441E+01
    2.1740000E+00    8.4492811E+01    2.0854417E+01
    2.1780000E+00    8.4620279E+01    2.0854393E+01
    2.1820000E+00    8.4747768E+01    2.0854369E+01
    2.1860000E+00    8.4875277E+01    2.0854345E+01
    2.1900000E+00    8.5002807E+01    2.0854321E+01
    2.1940000E+00    8.5130355E+01    2.0854298E+01
    2.1980000E+00    8.5257922E+01    2.0854274E+01
    2.2020000E+00    8.5385508E+01    2.0854250E+01
    2.2060000E+00    8.5513111E+01    2.0854227E+01
    2.2100000E+00    8.5640731E+01    2.0854203E+01
    2.2140000E+00    8.5768368E+01    2.0854180E+01
    2.2180000E+00    8.5896020E+01    2.0854156E+01
    2.2220000E+00    8.6023689E+01    2.0854133E+01
    2.2260000E+00    8.6151372E+01    2.0854110E+01
    2.2300000E+00    8.6279069E+01    2.0854086E+01
    2.2340000E+00    8.6406780E+01    2.0854063E+01
    2.2380000E+00    8.6534505E+01    2.0854040E+01
    2.2420000E+00    8.6662242E+01    2.0854017E+01
    2.2460000E+00    8.6789991E+01    2.0853994E+01
    2.2500000E+00    8.6917751E+01    2.0853971E+01
    2.2540000E+00    8.7045522E+01    2.0853948E+01
    2.2580000E+00    8.7173304E+01    2.0853926E+01
    2.2620000E+00    8.7301095E+01    2.0853903E+01
    2.2660000E+00    8.7428895E+01    2.0853880E+01
    2.2700000E+00    8.7556703E+01    2.0853858E+01
    2.2740000E+00    8.7684519E+01    2.0853835E+01
    2.2780000E+00    8.7812342E+01    2.0853813E+01
    2.2820000E+00    8.7940172E+01    2.0853791E+01
    2.2860000E+00    8.8068007E+01    2.0853768E+01
    2.2900000E+00    8.8195847E+01    2.0853746E+01
    2.2940000E+00    8.8323692E+01    2.0853724E+01
    2.2980000E+00    8.8451541E+01    2.0853702E+01
    2.3020000E+00    8.8579393E+01    2.0853680E+01
    2.3060000E+00    8.8707247E+01    2.0853658E+01
    2.3100000E+00    8.8835103E+01    2.0853636E+01
    2.3140000E+00    8.8962960E+01    2.0853614E+01
    2.3180000E+00    8.9090818E+01    2.0853592E+01
    2.3220000E+00    8.9218675E+01    2.0853570E+01
    2.3260000E+00    8.9346531E+01    2.0853549E+01
    2.3300000E+00    8.9474386E+01    2.0853527E+01
    2.3340000E+00    8.9602238E+01    2.0853505E+01
    2.3380000E+00    8.9730087E+01    2.0853484E+01
    2.3420000E+00    8.9857932E+01    2.0853462E+01
    2.3460000E+00    8.9985772E+01    2.0853441E+01
    2.3500000E+00    9.0113607E+01    2.0853420E+01
    2.3540000E+00    9.0241436E+01    2.0853398E+01
    2.3580000E+00    9.0369258E+01    2.0853377E+01
    2.3620000E+00    9.0497072E+01    2.0853356E+01
    2.3660000E+00    9.0624878E+01    2.0853335E+01
    2.3700000E+00    9.0752675E+01    2.0853314E+01
    2.3740000E+00    9.0880462E+01    2.0853293E+01
    2.3780000E+00    9.1008238E+01    2.0853272E+01
    2.3820000E+00    9.1136002E+01    2.0853251E+01
    2.3860000E+00    9.1263754E+01    2.0853231E+01
    2.3900000E+00    9.1391493E+01    2.0853210E+01
    2.3940000E+00    9.1519218E+01    2.0853189E+01
    2.3980000E+00    9.1646929E+01    2.0853169E+01
    2.4020000E+00    9.1774623E+01    2.0853148E+01
    2.4060000E+00    9.1902301E+01    2.0853128E+01
    2.4100000E+00    9.2029962E+01    2.0853107E+01
    2.4140000E+00    9.2157605E+01    2.0853087E+01
    2.4180000E+00    9.2285229E+01    2.0853067E+01
    2.4220000E+00    9.2412833E+01    2.0853047E+01
    2.4260000E+00    9.2540416E+01    2.0853026E+01
    2.4300000E+00    9.2667978E+01    2.0853006E+01
    2.4340000E+00    9.2795517E+01    2.0852986E+01
    2.4380000E+00    9.2923033E+01    2.0852966E+01
    2.4420000E+00    9.3050525E+01    2.0852946E+01
    2.4460000E+00    9.3177992E+01    2.0852927E+01
    2.4500000E+00    9.3305433E+01    2.0852907E+01
    2.4540000E+00    9.3432846E+01    2.0852887E+01
    2.4580000E+00    9.3560232E+01    2.0852867E+01
    2.4620000E+00    9.3687589E+01    2.0852848E+01
    2.4660000E+00    9.3814917E+01    2.0852828E+01
    2.4700000E+00    9.3942213E+01    2.0852809E+01
    2.4740000E+00    9.4069479E+01    2.0852789E+01
    2.4780000E+00    9.4196711E+01    2.0852770E+01
    2.4820000E+00    9.4323910E+01    2.0852751E+01
    2.4860000E+00    9.4451075E+01    2.0852731E+01
    2.4900000E+00    9.4578204E+01    2.0852712E+01
    2.4940000E+00    9.4705297E+01    2.0852693E+01
    2.4980000E+00    9.4832352E+01    2.0852674E+01
    2.5020000E+00    9.4959369E+01    2.0852655E+01
    2.5060000E+00    9.5086347E+01    2.0852636E+01
    2.5100000E+00    9.5213284E+01    2.0852617E+01
    2.5140000E+00    9.5340180E+01    2.0852598E+01
    2.5180000E+00    9.5467033E+01    2.0852580E+01
    2.5220000E+00    9.5593843E+01    2.0852561E+01
    2.5260000E+00    9.5720608E+01    2.0852542E+01
    2.5300000E+00    9.5847328E+01    2.0852524E+01
    2.5340000E+00    9.5974001E+01    2.0852505E+01
    2.5380000E+00    9.6100627E+01    2.0852487E+01
    2.5420000E+00    9.6227203E+01    2.0852468E+01
    2.5460000E+00    9.6353730E+01    2.0852450E+01
    2.5500000E+00    9.6480206E+01    2.0852432E+01
    2.5540000E+00    9.6606630E+01    2.0852413E+01
    2.5580000E+00    9.6733001E+01    2.0852395E+01
    2.5620000E+00    9.6859318E+01    2.0852377E+01
    2.5660000E+00    9.6985580E+01    2.0852359E+01
    2.5700000E+00    9.7111785E+01    2.0852341E+01
    2.5740000E+00    9.7237933E+01    2.0852323E+01
    2.5780000E+00    9.7364022E+01    2.0852305E+01
    2.5820000E+00    9.7490051E+01    2.0852287E+01
    2.5860000E+00    9.7616019E+01    2.0852269E+01
    2.5900000E+00    9.7741926E+01    2.0852252E+01
    2.5940000E+00    9.7867769E+01    2.0852234E+01
    2.5980000E+00    9.7993547E+01    2.0852216E+01
    2.6020000E+00    9.8119261E+01    2.0852199E+01
    2.6060000E+00    9.8244907E+01    2.0852181E+01
    2.6100000E+00    9.8370485E+01    2.0852164E+01
    2.6140000E+00    9.8495994E+01    2.0852146E+01
    2.6180000E+00    9.8621433E+01    2.0852129E+01
    2.6220000E+00    9.8746801E+01    2.0852112E+01
    2.6260000E+00    9.8872095E+01    2.0852095E+01
    2.6300000E+00    9.8997316E+01    2.0852077E+01
    2.6340000E+00    9.9122461E+01    2.0852060E+01
    2.6380000E+00    9.9247530E+01    2.0852043E+01
    2.6420000E+00    9.9372521E+01    2.0852026E+01
    2.6460000E+00    9.9497433E+01    2.0852009E+01
    2.6500000E+00    9.9622265E+01    2.0851993E+01
    2.6540000E+00    9.9747016E+01    2.0851976E+01
    2.6580000E+00    9.9871683E+01    2.0851959E+01
    2.6620000E+00    9.9996267E+01    2.0851942E+01
    2.6660000E+00    1.0012077E+02    2.0851926E+01
    2.6700000E+00    1.0024518E+02    2.0851909E+01
    2.6740000E+00    1.0036950E+02    2.0851893E+01
    2.6780000E+00    1.0049373E+02    2.0851876E+01
    2.6820000E+00    1.0061788E+02    2.0851860E+01
    2.6860000E+00    1.0074193E+02    2.0851843E+01
    2.6900000E+00    1.0086589E+02    2.0851827E+01
    2.6940000E+00    1.0098975E+02    2.0851811E+01
    2.6980000E+00    1.0111352E+02    2.0851794E+01
    2.7020000E+00    1.0123719E+02    2.0851778E+01
    2.7060000E+00    1.0136076E+02    2.0851762E+01
    2.7100000E+00    1.0148423E+02    2.0851746E+01
    2.7140000E+00    1.0160760E+02    2.0851730E+01
    2.7180000E+00    1.0173087E+02    2.0851714E+01
    2.7220000E+00    1.0185404E+02    2.0851698E+01
    2.7260000E+00    1.0197709E+02    2.0851683E+01
    2.7300000E+00    1.0210004E+02    2.0851667E+01
    2.7340000E+00    1.0222289E+02    2.0851651E+01
    2.7380000E+00    1.0234562E+02    2.0851636E+01
    2.7420000E+00    1.0246824E+02    2.0851620E+01
    2.7460000E+00    1.0259075E+02    2.0851604E+01
    2.7500000E+00    1.0271314E+02    2.0851589E+01
    2.7540000E+00    1.0283542E+02    2.0851574E+01
    2.7580000E+00    1.0295758E+02    2.0851558E+01
    2.7620000E+00    1.0307962E+02    2.0851543E+01
    2.7660000E+00    1.0320155E+02    2.0851528E+01
    2.7700000E+00    1.0332335E+02    2.0851512E+01
    2.7740000E+00    1.0344502E+02    2.0851497E+01
    2.7780000E+00    1.0356658E+02    2.0851482E+01
    2.7820000E+00    1.0368800E+02    2.0851467E+01
    2.7860000E+00    1.0380930E+02    2.0851452E+01
    2.7900000E+00    1.0393047E+02    2.0851437E+01
    2.7940000E+00    1.0405151E+02    2.0851422E+01
    2.7980000E+00    1.0417242E+02    2.0851407E+01
    2.8020000E+00    1.0429320E+02    2.0851393E+01
    2.8060000E+00    1.0441383E+02    2.0851378E+01
    2.8100000E+00    1.0453434E+02    2.0851363E+01
    2.8140000E+00    1.0465470E+02    2.0851349E+01
    2.8180000E+00    1.0477492E+02    2.0851334E+01
    2.8220000E+00    1.0489500E+02    2.0851320E+01
    2.8260000E+00    1.0501494E+02    2.0851305E+01
    2.8300000E+00    1.0513474E+02    2.0851291E+01
    2.8340000E+00    1.0525439E+02    2.0851276E+01
    2.8380000E+00    1.0537389E+02    2.0851262E+01
    2.8420000E+00    1.0549324E+02    2.0851248E+01
    2.8460000E+00    1.0561243E+02    2.0851234E+01
    2.8500000E+00    1.0573148E+02    2.0851220E+01
    2.8540000E+00    1.0585037E+02    2.0851206E+01
    2.8580000E+00    1.0596911E+02    2.0851192E+01
    2.8620000E+00    1.0608769E+02    2.0851178E+01
    2.8660000E+00    1.0620611E+02    2.0851164E+01
    2.8700000E+00    1.0632436E+02    2.0851150E+01
    2.8740000E+00    1.0644246E+02    2.0851136E+01
    2.8780000E+00    1.0656039E+02    2.0851122E+01
    2.8820000E+00    1.0667815E+02    2.0851109E+01
    2.8860000E+00    1.0679575E+02    2.0851095E+01
    2.8900000E+00    1.0691318E+02    2.0851081E+01
    2.8940000E+00    1.0703044E+02    2.0851068E+01
    2.8980000E+00    1.0714752E+02    2.0851054E+01
    2.9020000E+00    1.0726443E+02    2.0851041E+01
    2.9060000E+00    1.0738116E+02    2.0851028E+01
    2.9100000E+00    1.0749772E+02    2.0851014E+01
    2.9140000E+00    1.0761409E+02    2.0851001E+01
    2.9180000E+00    1.0773028E+02    2.0850988E+01
    2.9220000E+00    1.0784629E+02    2.0850975E+01
    2.9260000E+00    1.0796212E+02    2.0850962E+01
    2.9300000E+00    1.0807776E+02    2.0850948E+01
    2.9340000E+00    1.0819321E+02    2.0850935E+01
    2.9380000E+00    1.0830847E+02    2.0850923E+01
    2.9420000E+00    1.0842354E+02    2.0850910E+01
    2.9460000E+00    1.0853841E+02    2.0850897E+01
    2.9500000E+00    1.0865309E+02    2.0850884E+01
    2.9540000E+00    1.0876757E+02    2.0850871E+01
    2.9580000E+00    1.0888185E+02    2.0850859E+01
    2.9620000E+00    1.0899593E+02    2.0850846E+01
    2.9660000E+00    1.0910981E+02    2.0850833E+01
    2.9700000E+00    1.0922348E+02    2.0850821E+01
    2.9740000E+00    1.0933695E+02    2.0850808E+01
    2.9780000E+00    1.0945021E+02    2.0850796E+01
    2.9820000E+00    1.0956325E+02    2.0850784E+01
    2.9860000E+00    1.0967609E+02    2.0850771E+01
    2.9900000E+00    1.0978871E+02    2.0850759E+01
    2.9940000E+00    1.0990112E+02    2.0850747E+01
    2.9980000E+00    1.1001331E+02    2.0850735E+01
    3.0020000E+00    1.1012528E+02    2.0850722E+01
    3.0060000E+00    1.1023702E+02    2.0850710E+01
    3.0100000E+00    1.1034855E+02    2.0850698E+01
    3.0140000E+00    1.1045985E+02    2.0850686E+01
    3.0180000E+00    1.1057092E+02    2.0850674E+01
    3.0220000E+00    1.1068177E+02    2.0850663E+01
    3.0260000E+00    1.1079238E+02    2.0850651E+01
    3.0300000E+00    1.1090276E+02    2.0850639E+01
    3.0340000E+00    1.1101291E+02    2.0850627E+01
    3.0380000E+00    1.1112282E+02    2.0850616E+01
    3.0420000E+00    1.1123249E+02    2.0850604E+01
    3.0460000E+00    1.1134192E+02    2.0850593E+01
    3.0500000E+00    1.1145111E+02    2.0850581E+01
    3.0540000E+00    1.1156005E+02    2.0850570E+01
    3.0580000E+00    1.1166875E+02    2.0850558E+01
    3.0620000E+00    1.1177720E+02    2.0850547E+01
    3.0660000E+00    1.1188540E+02    2.0850536E+01
    3.0700000E+00    1.1199335E+02    2.0850524E+01
    3.0740000E+00    1.1210105E+02    2.0850513E+01
    3.0780000E+00    1.1220849E+02    2.0850502E+01
    3.0820000E+00    1.1231567E+02    2.0850491E+01
    3.0860000E+00    1.1242259E+02    2.0850480E+01
    3.0900000E+00    1.1252925E+02    2.0850469E+01
    3.0940000E+00    1.1263564E+02    2.0850458E+01
    3.0980000E+00    1.1274178E+02    2.0850447E+01
    3.1020000E+00    1.1284764E+02    2.0850436E+01
    3.1060000E+00    1.1295323E+02    2.0850425E+01
    3.1100000E+00    1.1305855E+02    2.0850415E+01
    3.1140000E+00    1.1316360E+02    2.0850404E+01
    3.1180000E+00    1.1326838E+02    2.0850393E+01
    3.1220000E+00    1.1337287E+02    2.0850383E+01
    3.1260000E+00    1.1347709E+02    2.0850372E+01
    3.1300000E+00    1.1358102E+02    2.0850362E+01
    3.1340000E+00    1.1368467E+02    2.0850351E+01
    3.1380000E+00    1.1378804E+02    2.0850341E+01
    3.1420000E+00    1.1389111E+02    2.0850331E+01
    3.1460000E+00    1.1399390E+02    2.0850320E+01
    3.1500000E+00    1.1409640E+02    2.0850310E+01
    3.1540000E+00    1.1419860E+02    2.0850300E+01
    3.1580000E+00    1.1430051E+02    2.0850290E+01
    3.1620000E+00    1.1440212E+02    2.0850280E+01
    3.1660000E+00    1.1450343E+02    2.0850270E+01
    3.1700000E+00    1.1460443E+02    2.0850260E+01
    3.1740000E+00    1.1470514E+02    2.0850250E+01
    3.1780000E+00    1.1480554E+02    2.0850240E+01
    3.1820000E+00    1.1490563E+02    2.0850230E+01
    3.1860000E+00    1.1500541E+02    2.0850220E+01
    3.1900000E+00    1.1510488E+02    2.0850211E+01
    3.1940000E+00    1.1520403E+02    2.0850201E+01
    3.1980000E+00    1.1530287E+02    2.0850191E+01
    3.2020000E+00    1.1540139E+02    2.0850182E+01
    3.2060000E+00    1.1549959E+02    2.0850172E+01
    3.2100000E+00    1.1559747E+02    2.0850163E+01
    3.2140000E+00    1.1569503E+02    2.0850153E+01
    3.2180000E+00    1.1579226E+02    2.0850144E+01
    3.2220000E+00    1.1588916E+02    2.0850135E+01
    3.2260000E+00    1.1598573E+02    2.0850126E+01
    3.2300000E+00    1.1608196E+02    2.0850116E+01
    3.2340000E+00    1.1617787E+02    2.0850107E+01
    3.2380000E+00    1.1627343E+02    2.0850098E+01
    3.2420000E+00    1.1636866E+02    2.0850089E+01
    3.2460000E+00    1.1646355E+02    2.0850080E+01
    3.2500000E+00    1.1655810E+02    2.0850071E+01
    3.2540000E+00    1.1665230E+02    2.0850062E+01
    3.2580000E+00    1.1674615E+02    2.0850053E+01
    3.2620000E+00    1.1683966E+02    2.0850044E+01
    3.2660000E+00    1.1693281E+02    2.0850036E+01
    3.2700000E+00    1.1702561E+02    2.0850027E+01
    3.2740000E+00    1.1711806E+02    2.0850018E+01
    3.2780000E+00    1.1721015E+02    2.0850009E+01
    3.2820000E+00    1.1730188E+02    2.0850001E+01
    3.2860000E+00    1.1739325E+02    2.0849992E+01
    3.2900000E+00    1.1748426E+02    2.0849984E+01
    3.2940000E+00    1.1757490E+02    2.0849975E+01
    3.2980000E+00    1.1766517E+02    2.0849967E+01
    3.3020000E+00    1.1775508E+02    2.0849959E+01
    3.3060000E+00    1.1784461E+02    2.0849950E+01
    3.3100000E+00    1.1793377E+02    2.0849942E+01
    3.3140000E+00    1.1802256E+02    2.0849934E+01
    3.3180000E+00    1.1811096E+02    2.0849926E+01
    3.3220000E+00    1.1819899E+02    2.0849918E+01
    3.3260000E+00    1.1828664E+02    2.0849910E+01
    3.3300000E+00    1.1837390E+02    2.0849902E+01
    3.3340000E+00    1.1846078E+02    2.0849894E+01
    3.3380000E+00    1.1854727E+02    2.0849886E+01
    3.3420000E+00    1.1863337E+02    2.0849878E+01
    3.3460000E+00    1.1871908E+02    2.0849870E+01
    3.3500000E+00    1.1880440E+02    2.0849863E+01
    3.3540000E+00    1.1888932E+02    2.0849855E+01
    3.3580000E+00    1.1897384E+02    2.0849847E+01
    3.3620000E+00    1.1905796E+02    2.0849840E+01
    3.3660000E+00    1.1914168E+02    2.0849832E+01
    3.3700000E+00    1.1922500E+02    2.0849825E+01
    3.3740000E+00    1.1930791E+02    2.0849817E+01
    3.3780000E+00    1.1939042E+02    2.0849810E+01
    3.3820000E+00    1.1947251E+02    2.0849802E+01
    3.3860000E+00    1.1955419E+02    2.0849795E+01
    3.3900000E+00    1.1963546E+02    2.0849788E+01
    3.3940000E+00    1.1971632E+02    2.0849781E+01
    3.3980000E+00    1.1979675E+02    2.0849773E+01
    3.4020000E+00    1.1987677E+02    2.0849766E+01
    3.4060000E+00    1.1995636E+02    2.0849759E+01
    3.4100000E+00    1.2003553E+02    2.0849752E+01
    3.4140000E+00    1.2011428E+02    2.0849745E+01
    3.4180000E+00    1.2019260E+02    2.0849738E+01
    3.4220000E+00    1.2027049E+02    2.0849732E+01
    3.4260000E+00    1.2034795E+02    2.0849725E+01
    3.4300000E+00    1.2042497E+02    2.0849718E+01
    3.4340000E+00    1.2050156E+02    2.0849711E+01
    3.4380000E+00    1.2057771E+02    2.0849705E+01
    3.4420000E+00    1.2065343E+02    2.0849698E+01
    3.4460000E+00    1.2072870E+02    2.0849691E+01
    3.4500000E+00    1.2080353E+02    2.0849685E+01
    3.4540000E+00    1.2087791E+02    2.0849678E+01
    3.4580000E+00    1.2095185E+02    2.0849672E+01
    3.4620000E+00    1.2102534E+02    2.0849666E+01
    3.4660000E+00    1.2109838E+02    2.0849659E+01
    3.4700000E+00    1.2117097E+02    2.0849653E+01
    3.4740000E+00    1.2124310E+02    2.0849647E+01
    3.4780000E+00    1.2131478E+02    2.0849640E+01
    3.4820000E+00    1.2138599E+02    2.0849634E+01
    3.4860000E+00    1.2145675E+02    2.0849628E+01
    3.4900000E+00    1.2152705E+02    2.0849622E+01
    3.4940000E+00    1.2159688E+02    2.0849616E+01
    3.4980000E+00    1.2166625E+02    2.0849610E+01
    3.5020000E+00    1.2173515E+02    2.0849604E+01
    3.5060000E+00    1.2180359E+02    2.0849598E+01
    3.5100000E+00    1.2187155E+02    2.0849593E+01
    3.5140000E+00    1.2193904E+02    2.0849587E+01
    3.5180000E+00    1.2200605E+02    2.0849581E+01
    3.5220000E+00    1.2207259E+02    2.0849576E+01
    3.5260000E+00    1.2213865E+02    2.0849570E+01
    3.5300000E+00    1.2220423E+02    2.0849564E+01
    3.5340000E+00    1.2226933E+02    2.0849559E+01
    3.5380000E+00    1.2233395E+02    2.0849553E+01
    3.5420000E+00    1.2239808E+02    2.0849548E+01
    3.5460000E+00    1.2246173E+02    2.0849543E+01
    3.5500000E+00    1.2252489E+02    2.0849537E+01
    3.5540000E+00    1.2258755E+02    2.0849532E+01
    3.5580000E+00    1.2264973E+02    2.0849527E+01
    3.5620000E+00    1.2271141E+02    2.0849522E+01
    3.5660000E+00    1.2277260E+02    2.0849516E+01
    3.5700000E+00    1.2283329E+02    2.0849511E+01
    3.5740000E+00    1.2289348E+02    2.0849506E+01
    3.5780000E+00    1.2295317E+02    2.0849501E+01
    3.5820000E+00    1.2301236E+02    2.0849496E+01
    3.5860000E+00    1.2307105E+02    2.0849491E+01
    3.5900000E+00    1.2312923E+02    2.0849487E+01
    3.5940000E+00    1.2318690E+02    2.0849482E+01
    3.5980000E+00    1.2324407E+02    2.0849477E+01
    3.6020000E+00    1.2330073E+02    2.0849472E+01
    3.6060000E+00    1.2335687E+02    2.0849468E+01
    3.6100000E+00    1.2341250E+02    2.0849463E+01
    3.6140000E+00    1.2346762E+02    2.0849458E+01
    3.6180000E+00    1.2352222E+02    2.0849454E+01
    3.6220000E+00    1.2357631E+02    2.0849449E+01
    3.6260000E+00    1.2362987E+02    2.0849445E+01
    3.6300000E+00    1.2368292E+02    2.0849441E+01
    3.6340000E+00    1.2373544E+02    2.0849436E+01
    3.6380000E+00    1.2378744E+02    2.0849432E+01
    3.6420000E+00    1.2383892E+02    2.0849428E+01
    3.6460000E+00    1.2388986E+02    2.0849424E+01
    3.6500000E+00    1.2394028E+02    2.0849420E+01
    3.6540000E+00    1.2399017E+02    2.0849415E+01
    3.6580000E+00    1.2403953E+02    2.0849411E+01
    3.6620000E+00    1.2408836E+02    2.0849407E+01
    3.6660000E+00    1.2413665E+02    2.0849403E+01
    3.6700000E+00    1.2418441E+02    2.0849400E+01
    3.6740000E+00    1.2423163E+02    2.0849396E+01
    3.6780000E+00    1.2427832E+02    2.0849392E+01
    3.6820000E+00    1.2432446E+02    2.0849388E+01
    3.6860000E+00    1.2437007E+02    2.0849384E+01
    3.6900000E+00    1.2441513E+02    2.0849381E+01
    3.6940000E+00    1.2445965E+02    2.0849377E+01
    3.6980000E+00    1.2450363E+02    2.0849374E+01
    3.7020000E+00    1.2454706E+02    2.0849370E+01
    3.7060000E+00    1.2458994E+02    2.0849367E+01
    3.7100000E+00    1.2463227E+02    2.0849363E+01
    3.7140000E+00    1.2467406E+02    2.0849360E+01
    3.7180000E+00    1.2471529E+02    2.0849356E+01
    3.7220000E+00    1.2475598E+02    2.0849353E+01
    3.7260000E+00    1.2479611E+02    2.0849350E+01
    3.7300000E+00    1.2483568E+02    2.0849347E+01
    3.7340000E+00    1.2487470E+02    2.0849344E+01
    3.7380000E+00    1.2491317E+02    2.0849340E+01
    3.7420000E+00    1.2495107E+02    2.0849337E+01
    3.7460000E+00    1.2498842E+02    2.0849334E+01
    3.7500000E+00    1.2502521E+02    2.0849331E+01
    3.7540000E+00    1.2506144E+02    2.0849329E+01
    3.7580000E+00    1.2509710E+02    2.0849326E+01
    3.7620000E+00    1.2513220E+02    2.0849323E+01
    3.7660000E+00    1.2516674E+02    2.0849320E+01
    3.7700000E+00    1.2520071E+02    2.0849317E+01
    3.7740000E+00    1.2523412E+02    2.0849315E+01
    3.7780000E+00    1.2526696E+02    2.0849312E+01
    3.7820000E+00    1.2529923E+02    2.0849309E+01
    3.7860000E+00    1.2533093E+02    2.0849307E+01
    3.7900000E+00    1.2536206E+02    2.0849304E+01
    3.7940000E+00    1.2539262E+02    2.0849302E+01
    3.7980000E+00    1.2542261E+02    2.0849300E+01
    3.8020000E+00    1.2545203E+02    2.0849297E+01
    3.8060000E+00    1.2548087E+02    2.0849295E+01
    3.8100000E+00    1.2550914E+02    2.0849293E+01
    3.8140000E+00    1.2553683E+02    2.0849291E+01
    3.8180000E+00    1.2556394E+02    2.0849288E+01
    3.8220000E+00    1.2559048E+02    2.0849286E+01
    3.8260000E+00    1.2561644E+02    2.0849284E+01
    3.8300000E+00    1.2564183E+02    2.0849282E+01
    3.8340000E+00    1.2566663E+02    2.0849280E+01
    3.8380000E+00    1.2569085E+02    2.0849278E+01
    3.8420000E+00    1.2571449E+02    2.0849276E+01
    3.8460000E+00    1.2573755E+02    2.0849275E+01
    3.8500000E+00    1.2576003E+02    2.0849273E+01
    3.8540000E+00    1.2578193E+02    2.0849271E+01
    3.8580000E+00    1.2580324E+02    2.0849269E+01
    3.8620000E+00    1.2582396E+02    2.0849268E+01
    3.8660000E+00    1.2584410E+02    2.0849266E+01
    3.8700000E+00    1.2586366E+02    2.0849265E+01
    3.8740000E+00    1.2588263E+02    2.0849263E+01
    3.8780000E+00    1.2590101E+02    2.0849262E+01
    3.8820000E+00    1.2591881E+02    2.0849260E+01
    3.8860000E+00    1.2593602E+02    2.0849259E+01
    3.8900000E+00    1.2595263E+02    2.0849258E+01
    3.8940000E+00    1.2596866E+02    2.0849256E+01
    3.8980000E+00    1.2598410E+02    2.0849255E+01
    3.9020000E+00    1.2599896E+02    2.0849254E+01
    3.9060000E+00    1.2601322E+02    2.0849253E+01
    3.9100000E+00    1.2602689E+02    2.0849252E+01
    3.9140000E+00    1.2603996E+02    2.0849251E+01
    3.9180000E+00    1.2605245E+02    2.0849250E+01
    3.9220000E+00    1.2606434E+02    2.0849249E+01
    3.9260000E+00    1.2607565E+02    2.0849248E+01
    3.9300000E+00    1.2608636E+02    2.0849247E+01
    3.9340000E+00    1.2609647E+02    2.0849246E+01
    3.9380000E+00    1.2610599E+02    2.0849245E+01
    3.9420000E+00    1.2611492E+02    2.0849245E+01
    3.9460000E+00    1.2612326E+02    2.0849244E+01
    3.9500000E+00    1.2613100E+02    2.0849244E+01
    3.9540000E+00    1.2613815E+02    2.0849243E+01
    3.9580000E+00    1.2614470E+02    2.0849242E+01
    3.9620000E+00    1.2615065E+02    2.0849242E+01
    3.9660000E+00    1.2615602E+02    2.0849242E+01
    3.9700000E+00    1.2616078E+02    2.0849241E+01
    3.9740000E+00    1.2616495E+02    2.0849241E+01
    3.9780000E+00    1.2616853E+02    2.0849241E+01
    3.9820000E+00    1.2617151E+02    2.0849240E+01
    3.9860000E+00    1.2617389E+02    2.0849240E+01
    3.9900000E+00    1.2617568E+02    2.0849240E+01
    3.9940000E+00    1.2617687E+02    2.0849240E+01
    3.9980000E+00    1.2617747E+02    2.0849240E+01
