# Time          1.0000E+03
# Units: Permil
    Distance        SO4--            SO164--         
    2.0000000E-03    2.2016814E+01    8.8052907E+00
    6.0000000E-03    2.2120848E+01    9.0546002E+00
    1.0000000E-02    2.2224909E+01    9.2990983E+00
    1.4000000E-02    2.2328997E+01    9.5388709E+00
    1.8000000E-02    2.2433112E+01    9.7740027E+00
    2.2000000E-02    2.2537254E+01    1.0004577E+01
    2.6000000E-02    2.2641423E+01    1.0230675E+01
    3.0000000E-02    2.2745619E+01    1.0452378E+01
    3.4000000E-02    2.2849843E+01    1.0669764E+01
    3.8000000E-02    2.2954094E+01    1.0882912E+01
    4.2000000E-02    2.3058373E+01    1.1091898E+01
    4.6000000E-02    2.3162678E+01    1.1296797E+01
    5.0000000E-02    2.3267012E+01    1.1497683E+01
    5.4000000E-02    2.3371373E+01    1.1694629E+01
    5.8000000E-02    2.3475762E+01    1.1887707E+01
    6.2000000E-02    2.3580179E+01    1.2076987E+01
    6.6000000E-02    2.3684623E+01    1.2262538E+01
    7.0000000E-02    2.3789095E+01    1.2444429E+01
    7.4000000E-02    2.3893596E+01    1.2622725E+01
    7.8000000E-02    2.3998124E+01    1.2797494E+01
    8.2000000E-02    2.4102680E+01    1.2968799E+01
    8.6000000E-02    2.4207265E+01    1.3136705E+01
    9.0000000E-02    2.4311878E+01    1.3301273E+01
    9.4000000E-02    2.4416519E+01    1.3462566E+01
    9.8000000E-02    2.4521189E+01    1.3620643E+01
    1.0200000E-01    2.4625887E+01    1.3775564E+01
    1.0600000E-01    2.4730613E+01    1.3927388E+01
    1.1000000E-01    2.4835368E+01    1.4076172E+01
    1.1400000E-01    2.4940152E+01    1.4221972E+01
    1.1800000E-01    2.5044965E+01    1.4364844E+01
    1.2200000E-01    2.5149806E+01    1.4504842E+01
    1.2600000E-01    2.5254676E+01    1.4642020E+01
    1.3000000E-01    2.5359575E+01    1.4776431E+01
    1.3400000E-01    2.5464503E+01    1.4908127E+01
    1.3800000E-01    2.5569461E+01    1.5037157E+01
    1.4200000E-01    2.5674447E+01    1.5163573E+01
    1.4600000E-01    2.5779463E+01    1.5287424E+01
    1.5000000E-01    2.5884508E+01    1.5408757E+01
    1.5400000E-01    2.5989582E+01    1.5527621E+01
    1.5800000E-01    2.6094686E+01    1.5644061E+01
    1.6200000E-01    2.6199819E+01    1.5758125E+01
    1.6600000E-01    2.6304982E+01    1.5869856E+01
    1.7000000E-01    2.6410175E+01    1.5979299E+01
    1.7400000E-01    2.6515397E+01    1.6086498E+01
    1.7800000E-01    2.6620649E+01    1.6191495E+01
    1.8200000E-01    2.6725931E+01    1.6294332E+01
    1.8600000E-01    2.6831243E+01    1.6395051E+01
    1.9000000E-01    2.6936585E+01    1.6493692E+01
    1.9400000E-01    2.7041958E+01    1.6590294E+01
    1.9800000E-01    2.7147360E+01    1.6684898E+01
    2.0200000E-01    2.7252793E+01    1.6777541E+01
    2.0600000E-01    2.7358256E+01    1.6868261E+01
    2.1000000E-01    2.7463749E+01    1.6957096E+01
    2.1400000E-01    2.7569273E+01    1.7044081E+01
    2.1800000E-01    2.7674827E+01    1.7129252E+01
    2.2200000E-01    2.7780412E+01    1.7212645E+01
    2.2600000E-01    2.7886028E+01    1.7294294E+01
    2.3000000E-01    2.7991675E+01    1.7374234E+01
    2.3400000E-01    2.8097352E+01    1.7452496E+01
    2.3800000E-01    2.8203061E+01    1.7529114E+01
    2.4200000E-01    2.8308800E+01    1.7604120E+01
    2.4600000E-01    2.8414571E+01    1.7677546E+01
    2.5000000E-01    2.8520372E+01    1.7749423E+01
    2.5400000E-01    2.8626205E+01    1.7819780E+01
    2.5800000E-01    2.8732069E+01    1.7888649E+01
    2.6200000E-01    2.8837965E+01    1.7956057E+01
    2.6600000E-01    2.8943892E+01    1.8022034E+01
    2.7000000E-01    2.9049851E+01    1.8086609E+01
    2.7400000E-01    2.9155841E+01    1.8149808E+01
    2.7800000E-01    2.9261864E+01    1.8211660E+01
    2.8200000E-01    2.9367917E+01    1.8272190E+01
    2.8600000E-01    2.9474003E+01    1.8331426E+01
    2.9000000E-01    2.9580121E+01    1.8389393E+01
    2.9400000E-01    2.9686271E+01    1.8446116E+01
    2.9800000E-01    2.9792452E+01    1.8501620E+01
    3.0200000E-01    2.9898666E+01    1.8555929E+01
    3.0600000E-01    3.0004913E+01    1.8609068E+01
    3.1000000E-01    3.0111191E+01    1.8661060E+01
    3.1400000E-01    3.0217503E+01    1.8711928E+01
    3.1800000E-01    3.0323846E+01    1.8761695E+01
    3.2200000E-01    3.0430222E+01    1.8810382E+01
    3.2600000E-01    3.0536631E+01    1.8858012E+01
    3.3000000E-01    3.0643073E+01    1.8904606E+01
    3.3400000E-01    3.0749547E+01    1.8950185E+01
    3.3800000E-01    3.0856055E+01    1.8994770E+01
    3.4200000E-01    3.0962595E+01    1.9038380E+01
    3.4600000E-01    3.1069168E+01    1.9081036E+01
    3.5000000E-01    3.1175775E+01    1.9122758E+01
    3.5400000E-01    3.1282415E+01    1.9163563E+01
    3.5800000E-01    3.1389088E+01    1.9203472E+01
    3.6200000E-01    3.1495794E+01    1.9242501E+01
    3.6600000E-01    3.1602534E+01    1.9280671E+01
    3.7000000E-01    3.1709308E+01    1.9317997E+01
    3.7400000E-01    3.1816115E+01    1.9354498E+01
    3.7800000E-01    3.1922956E+01    1.9390190E+01
    3.8200000E-01    3.2029831E+01    1.9425090E+01
    3.8600000E-01    3.2136740E+01    1.9459215E+01
    3.9000000E-01    3.2243682E+01    1.9492581E+01
    3.9400000E-01    3.2350659E+01    1.9525202E+01
    3.9800000E-01    3.2457670E+01    1.9557096E+01
    4.0200000E-01    3.2564715E+01    1.9588277E+01
    4.0600000E-01    3.2671794E+01    1.9618760E+01
    4.1000000E-01    3.2778908E+01    1.9648559E+01
    4.1400000E-01    3.2886056E+01    1.9677689E+01
    4.1800000E-01    3.2993239E+01    1.9706163E+01
    4.2200000E-01    3.3100456E+01    1.9733997E+01
    4.2600000E-01    3.3207709E+01    1.9761202E+01
    4.3000000E-01    3.3314996E+01    1.9787793E+01
    4.3400000E-01    3.3422318E+01    1.9813782E+01
    4.3800000E-01    3.3529674E+01    1.9839181E+01
    4.4200000E-01    3.3637066E+01    1.9864005E+01
    4.4600000E-01    3.3744494E+01    1.9888263E+01
    4.5000000E-01    3.3851956E+01    1.9911970E+01
    4.5400000E-01    3.3959454E+01    1.9935136E+01
    4.5800000E-01    3.4066987E+01    1.9957773E+01
    4.6200000E-01    3.4174555E+01    1.9979892E+01
    4.6600000E-01    3.4282159E+01    2.0001504E+01
    4.7000000E-01    3.4389799E+01    2.0022620E+01
    4.7400000E-01    3.4497475E+01    2.0043251E+01
    4.7800000E-01    3.4605186E+01    2.0063407E+01
    4.8200000E-01    3.4712934E+01    2.0083099E+01
    4.8600000E-01    3.4820717E+01    2.0102336E+01
    4.9000000E-01    3.4928537E+01    2.0121128E+01
    4.9400000E-01    3.5036392E+01    2.0139485E+01
    4.9800000E-01    3.5144284E+01    2.0157416E+01
    5.0200000E-01    3.5252213E+01    2.0174930E+01
    5.0600000E-01    3.5360178E+01    2.0192037E+01
    5.1000000E-01    3.5468179E+01    2.0208746E+01
    5.1400000E-01    3.5576217E+01    2.0225064E+01
    5.1800000E-01    3.5684291E+01    2.0241001E+01
    5.2200000E-01    3.5792403E+01    2.0256565E+01
    5.2600000E-01    3.5900551E+01    2.0271763E+01
    5.3000000E-01    3.6008737E+01    2.0286605E+01
    5.3400000E-01    3.6116959E+01    2.0301098E+01
    5.3800000E-01    3.6225219E+01    2.0315250E+01
    5.4200000E-01    3.6333515E+01    2.0329067E+01
    5.4600000E-01    3.6441850E+01    2.0342558E+01
    5.5000000E-01    3.6550221E+01    2.0355729E+01
    5.5400000E-01    3.6658630E+01    2.0368589E+01
    5.5800000E-01    3.6767077E+01    2.0381143E+01
    5.6200000E-01    3.6875561E+01    2.0393398E+01
    5.6600000E-01    3.6984083E+01    2.0405362E+01
    5.7000000E-01    3.7092643E+01    2.0417040E+01
    5.7400000E-01    3.7201241E+01    2.0428439E+01
    5.7800000E-01    3.7309877E+01    2.0439565E+01
    5.8200000E-01    3.7418551E+01    2.0450425E+01
    5.8600000E-01    3.7527264E+01    2.0461024E+01
    5.9000000E-01    3.7636015E+01    2.0471368E+01
    5.9400000E-01    3.7744804E+01    2.0481463E+01
    5.9800000E-01    3.7853631E+01    2.0491314E+01
    6.0200000E-01    3.7962497E+01    2.0500928E+01
    6.0600000E-01    3.8071402E+01    2.0510309E+01
    6.1000000E-01    3.8180346E+01    2.0519462E+01
    6.1400000E-01    3.8289328E+01    2.0528393E+01
    6.1800000E-01    3.8398350E+01    2.0537107E+01
    6.2200000E-01    3.8507410E+01    2.0545609E+01
    6.2600000E-01    3.8616510E+01    2.0553903E+01
    6.3000000E-01    3.8725649E+01    2.0561995E+01
    6.3400000E-01    3.8834827E+01    2.0569889E+01
    6.3800000E-01    3.8944044E+01    2.0577589E+01
    6.4200000E-01    3.9053301E+01    2.0585100E+01
    6.4600000E-01    3.9162598E+01    2.0592427E+01
    6.5000000E-01    3.9271934E+01    2.0599573E+01
    6.5400000E-01    3.9381310E+01    2.0606543E+01
    6.5800000E-01    3.9490726E+01    2.0613340E+01
    6.6200000E-01    3.9600182E+01    2.0619969E+01
    6.6600000E-01    3.9709678E+01    2.0626434E+01
    6.7000000E-01    3.9819214E+01    2.0632739E+01
    6.7400000E-01    3.9928790E+01    2.0638886E+01
    6.7800000E-01    4.0038406E+01    2.0644881E+01
    6.8200000E-01    4.0148063E+01    2.0650725E+01
    6.8600000E-01    4.0257761E+01    2.0656424E+01
    6.9000000E-01    4.0367499E+01    2.0661980E+01
    6.9400000E-01    4.0477278E+01    2.0667397E+01
    6.9800000E-01    4.0587097E+01    2.0672677E+01
    7.0200000E-01    4.0696957E+01    2.0677825E+01
    7.0600000E-01    4.0806859E+01    2.0682843E+01
    7.1000000E-01    4.0916801E+01    2.0687734E+01
    7.1400000E-01    4.1026785E+01    2.0692502E+01
    7.1800000E-01    4.1136809E+01    2.0697148E+01
    7.2200000E-01    4.1246875E+01    2.0701677E+01
    7.2600000E-01    4.1356983E+01    2.0706091E+01
    7.3000000E-01    4.1467132E+01    2.0710392E+01
    7.3400000E-01    4.1577323E+01    2.0714584E+01
    7.3800000E-01    4.1687555E+01    2.0718668E+01
    7.4200000E-01    4.1797829E+01    2.0722648E+01
    7.4600000E-01    4.1908145E+01    2.0726526E+01
    7.5000000E-01    4.2018503E+01    2.0730304E+01
    7.5400000E-01    4.2128903E+01    2.0733985E+01
    7.5800000E-01    4.2239345E+01    2.0737571E+01
    7.6200000E-01    4.2349830E+01    2.0741065E+01
    7.6600000E-01    4.2460357E+01    2.0744468E+01
    7.7000000E-01    4.2570926E+01    2.0747783E+01
    7.7400000E-01    4.2681538E+01    2.0751012E+01
    7.7800000E-01    4.2792192E+01    2.0754157E+01
    7.8200000E-01    4.2902889E+01    2.0757220E+01
    7.8600000E-01    4.3013629E+01    2.0760203E+01
    7.9000000E-01    4.3124412E+01    2.0763108E+01
    7.9400000E-01    4.3235238E+01    2.0765937E+01
    7.9800000E-01    4.3346106E+01    2.0768692E+01
    8.0200000E-01    4.3457019E+01    2.0771374E+01
    8.0600000E-01    4.3567974E+01    2.0773986E+01
    8.1000000E-01    4.3678973E+01    2.0776529E+01
    8.1400000E-01    4.3790015E+01    2.0779004E+01
    8.1800000E-01    4.3901101E+01    2.0781414E+01
    8.2200000E-01    4.4012230E+01    2.0783760E+01
    8.2600000E-01    4.4123403E+01    2.0786044E+01
    8.3000000E-01    4.4234620E+01    2.0788266E+01
    8.3400000E-01    4.4345881E+01    2.0790430E+01
    8.3800000E-01    4.4457186E+01    2.0792536E+01
    8.4200000E-01    4.4568534E+01    2.0794585E+01
    8.4600000E-01    4.4679928E+01    2.0796579E+01
    8.5000000E-01    4.4791365E+01    2.0798519E+01
    8.5400000E-01    4.4902847E+01    2.0800408E+01
    8.5800000E-01    4.5014373E+01    2.0802245E+01
    8.6200000E-01    4.5125944E+01    2.0804032E+01
    8.6600000E-01    4.5237559E+01    2.0805771E+01
    8.7000000E-01    4.5349220E+01    2.0807463E+01
    8.7400000E-01    4.5460925E+01    2.0809109E+01
    8.7800000E-01    4.5572675E+01    2.0810709E+01
    8.8200000E-01    4.5684470E+01    2.0812266E+01
    8.8600000E-01    4.5796310E+01    2.0813781E+01
    8.9000000E-01    4.5908195E+01    2.0815254E+01
    8.9400000E-01    4.6020126E+01    2.0816686E+01
    8.9800000E-01    4.6132102E+01    2.0818078E+01
    9.0200000E-01    4.6244123E+01    2.0819433E+01
    9.0600000E-01    4.6356190E+01    2.0820749E+01
    9.1000000E-01    4.6468303E+01    2.0822030E+01
    9.1400000E-01    4.6580462E+01    2.0823274E+01
    9.1800000E-01    4.6692666E+01    2.0824484E+01
    9.2200000E-01    4.6804916E+01    2.0825660E+01
    9.2600000E-01    4.6917212E+01    2.0826803E+01
    9.3000000E-01    4.7029555E+01    2.0827914E+01
    9.3400000E-01    4.7141943E+01    2.0828994E+01
    9.3800000E-01    4.7254378E+01    2.0830043E+01
    9.4200000E-01    4.7366859E+01    2.0831062E+01
    9.4600000E-01    4.7479387E+01    2.0832053E+01
    9.5000000E-01    4.7591961E+01    2.0833015E+01
    9.5400000E-01    4.7704582E+01    2.0833951E+01
    9.5800000E-01    4.7817250E+01    2.0834859E+01
    9.6200000E-01    4.7929964E+01    2.0835741E+01
    9.6600000E-01    4.8042726E+01    2.0836598E+01
    9.7000000E-01    4.8155534E+01    2.0837430E+01
    9.7400000E-01    4.8268390E+01    2.0838239E+01
    9.7800000E-01    4.8381292E+01    2.0839024E+01
    9.8200000E-01    4.8494242E+01    2.0839786E+01
    9.8600000E-01    4.8607240E+01    2.0840526E+01
    9.9000000E-01    4.8720284E+01    2.0841244E+01
    9.9400000E-01    4.8833377E+01    2.0841941E+01
    9.9800000E-01    4.8946516E+01    2.0842618E+01
    1.0020000E+00    4.9059704E+01    2.0843275E+01
    1.0060000E+00    4.9172939E+01    2.0843913E+01
    1.0100000E+00    4.9286223E+01    2.0844531E+01
    1.0140000E+00    4.9399554E+01    2.0845131E+01
    1.0180000E+00    4.9512933E+01    2.0845714E+01
    1.0220000E+00    4.9626361E+01    2.0846279E+01
    1.0260000E+00    4.9739836E+01    2.0846827E+01
    1.0300000E+00    4.9853360E+01    2.0847358E+01
    1.0340000E+00    4.9966933E+01    2.0847874E+01
    1.0380000E+00    5.0080553E+01    2.0848374E+01
    1.0420000E+00    5.0194223E+01    2.0848858E+01
    1.0460000E+00    5.0307941E+01    2.0849328E+01
    1.0500000E+00    5.0421708E+01    2.0849784E+01
    1.0540000E+00    5.0535523E+01    2.0850225E+01
    1.0580000E+00    5.0649388E+01    2.0850653E+01
    1.0620000E+00    5.0763301E+01    2.0851068E+01
    1.0660000E+00    5.0877264E+01    2.0851470E+01
    1.0700000E+00    5.0991275E+01    2.0851859E+01
    1.0740000E+00    5.1105336E+01    2.0852236E+01
    1.0780000E+00    5.1219446E+01    2.0852601E+01
    1.0820000E+00    5.1333606E+01    2.0852955E+01
    1.0860000E+00    5.1447815E+01    2.0853297E+01
    1.0900000E+00    5.1562074E+01    2.0853629E+01
    1.0940000E+00    5.1676382E+01    2.0853950E+01
    1.0980000E+00    5.1790740E+01    2.0854260E+01
    1.1020000E+00    5.1905148E+01    2.0854561E+01
    1.1060000E+00    5.2019605E+01    2.0854852E+01
    1.1100000E+00    5.2134113E+01    2.0855133E+01
    1.1140000E+00    5.2248670E+01    2.0855405E+01
    1.1180000E+00    5.2363278E+01    2.0855669E+01
    1.1220000E+00    5.2477936E+01    2.0855923E+01
    1.1260000E+00    5.2592644E+01    2.0856169E+01
    1.1300000E+00    5.2707403E+01    2.0856407E+01
    1.1340000E+00    5.2822212E+01    2.0856637E+01
    1.1380000E+00    5.2937071E+01    2.0856859E+01
    1.1420000E+00    5.3051981E+01    2.0857074E+01
    1.1460000E+00    5.3166942E+01    2.0857281E+01
    1.1500000E+00    5.3281953E+01    2.0857481E+01
    1.1540000E+00    5.3397015E+01    2.0857674E+01
    1.1580000E+00    5.3512128E+01    2.0857860E+01
    1.1620000E+00    5.3627292E+01    2.0858040E+01
    1.1660000E+00    5.3742507E+01    2.0858214E+01
    1.1700000E+00    5.3857774E+01    2.0858381E+01
    1.1740000E+00    5.3973091E+01    2.0858542E+01
    1.1780000E+00    5.4088459E+01    2.0858698E+01
    1.1820000E+00    5.4203879E+01    2.0858848E+01
    1.1860000E+00    5.4319350E+01    2.0858992E+01
    1.1900000E+00    5.4434873E+01    2.0859131E+01
    1.1940000E+00    5.4550447E+01    2.0859265E+01
    1.1980000E+00    5.4666073E+01    2.0859394E+01
    1.2020000E+00    5.4781750E+01    2.0859517E+01
    1.2060000E+00    5.4897479E+01    2.0859637E+01
    1.2100000E+00    5.5013260E+01    2.0859751E+01
    1.2140000E+00    5.5129093E+01    2.0859861E+01
    1.2180000E+00    5.5244977E+01    2.0859967E+01
    1.2220000E+00    5.5360914E+01    2.0860069E+01
    1.2260000E+00    5.5476903E+01    2.0860166E+01
    1.2300000E+00    5.5592944E+01    2.0860259E+01
    1.2340000E+00    5.5709037E+01    2.0860349E+01
    1.2380000E+00    5.5825182E+01    2.0860435E+01
    1.2420000E+00    5.5941379E+01    2.0860517E+01
    1.2460000E+00    5.6057629E+01    2.0860596E+01
    1.2500000E+00    5.6173932E+01    2.0860671E+01
    1.2540000E+00    5.6290287E+01    2.0860743E+01
    1.2580000E+00    5.6406694E+01    2.0860812E+01
    1.2620000E+00    5.6523154E+01    2.0860878E+01
    1.2660000E+00    5.6639667E+01    2.0860940E+01
    1.2700000E+00    5.6756232E+01    2.0861000E+01
    1.2740000E+00    5.6872850E+01    2.0861057E+01
    1.2780000E+00    5.6989521E+01    2.0861111E+01
    1.2820000E+00    5.7106245E+01    2.0861162E+01
    1.2860000E+00    5.7223022E+01    2.0861211E+01
    1.2900000E+00    5.7339852E+01    2.0861257E+01
    1.2940000E+00    5.7456735E+01    2.0861301E+01
    1.2980000E+00    5.7573671E+01    2.0861343E+01
    1.3020000E+00    5.7690660E+01    2.0861382E+01
    1.3060000E+00    5.7807703E+01    2.0861419E+01
    1.3100000E+00    5.7924799E+01    2.0861454E+01
    1.3140000E+00    5.8041948E+01    2.0861487E+01
    1.3180000E+00    5.8159150E+01    2.0861517E+01
    1.3220000E+00    5.8276406E+01    2.0861546E+01
    1.3260000E+00    5.8393715E+01    2.0861573E+01
    1.3300000E+00    5.8511078E+01    2.0861598E+01
    1.3340000E+00    5.8628495E+01    2.0861621E+01
    1.3380000E+00    5.8745965E+01    2.0861643E+01
    1.3420000E+00    5.8863488E+01    2.0861662E+01
    1.3460000E+00    5.8981066E+01    2.0861681E+01
    1.3500000E+00    5.9098697E+01    2.0861697E+01
    1.3540000E+00    5.9216382E+01    2.0861712E+01
    1.3580000E+00    5.9334120E+01    2.0861726E+01
    1.3620000E+00    5.9451913E+01    2.0861738E+01
    1.3660000E+00    5.9569760E+01    2.0861749E+01
    1.3700000E+00    5.9687660E+01    2.0861759E+01
    1.3740000E+00    5.9805614E+01    2.0861767E+01
    1.3780000E+00    5.9923623E+01    2.0861774E+01
    1.3820000E+00    6.0041685E+01    2.0861780E+01
    1.3860000E+00    6.0159802E+01    2.0861784E+01
    1.3900000E+00    6.0277972E+01    2.0861788E+01
    1.3940000E+00    6.0396197E+01    2.0861790E+01
    1.3980000E+00    6.0514476E+01    2.0861791E+01
    1.4020000E+00    6.0632809E+01    2.0861792E+01
    1.4060000E+00    6.0751197E+01    2.0861791E+01
    1.4100000E+00    6.0869638E+01    2.0861789E+01
    1.4140000E+00    6.0988134E+01    2.0861787E+01
    1.4180000E+00    6.1106685E+01    2.0861783E+01
    1.4220000E+00    6.1225289E+01    2.0861779E+01
    1.4260000E+00    6.1343948E+01    2.0861774E+01
    1.4300000E+00    6.1462662E+01    2.0861768E+01
    1.4340000E+00    6.1581429E+01    2.0861761E+01
    1.4380000E+00    6.1700252E+01    2.0861754E+01
    1.4420000E+00    6.1819128E+01    2.0861745E+01
    1.4460000E+00    6.1938059E+01    2.0861736E+01
    1.4500000E+00    6.2057045E+01    2.0861727E+01
    1.4540000E+00    6.2176085E+01    2.0861717E+01
    1.4580000E+00    6.2295180E+01    2.0861706E+01
    1.4620000E+00    6.2414329E+01    2.0861694E+01
    1.4660000E+00    6.2533533E+01    2.0861682E+01
    1.4700000E+00    6.2652791E+01    2.0861670E+01
    1.4740000E+00    6.2772104E+01    2.0861656E+01
    1.4780000E+00    6.2891471E+01    2.0861643E+01
    1.4820000E+00    6.3010893E+01    2.0861629E+01
    1.4860000E+00    6.3130370E+01    2.0861614E+01
    1.4900000E+00    6.3249901E+01    2.0861599E+01
    1.4940000E+00    6.3369487E+01    2.0861583E+01
    1.4980000E+00    6.3489127E+01    2.0861567E+01
    1.5020000E+00    6.3608822E+01    2.0861551E+01
    1.5060000E+00    6.3728572E+01    2.0861534E+01
    1.5100000E+00    6.3848376E+01    2.0861516E+01
    1.5140000E+00    6.3968235E+01    2.0861499E+01
    1.5180000E+00    6.4088148E+01    2.0861481E+01
    1.5220000E+00    6.4208116E+01    2.0861462E+01
    1.5260000E+00    6.4328139E+01    2.0861444E+01
    1.5300000E+00    6.4448216E+01    2.0861425E+01
    1.5340000E+00    6.4568347E+01    2.0861406E+01
    1.5380000E+00    6.4688534E+01    2.0861386E+01
    1.5420000E+00    6.4808774E+01    2.0861366E+01
    1.5460000E+00    6.4929070E+01    2.0861346E+01
    1.5500000E+00    6.5049419E+01    2.0861326E+01
    1.5540000E+00    6.5169824E+01    2.0861305E+01
    1.5580000E+00    6.5290282E+01    2.0861284E+01
    1.5620000E+00    6.5410795E+01    2.0861263E+01
    1.5660000E+00    6.5531363E+01    2.0861242E+01
    1.5700000E+00    6.5651985E+01    2.0861220E+01
    1.5740000E+00    6.5772661E+01    2.0861198E+01
    1.5780000E+00    6.5893392E+01    2.0861177E+01
    1.5820000E+00    6.6014177E+01    2.0861154E+01
    1.5860000E+00    6.6135016E+01    2.0861132E+01
    1.5900000E+00    6.6255910E+01    2.0861110E+01
    1.5940000E+00    6.6376857E+01    2.0861087E+01
    1.5980000E+00    6.6497859E+01    2.0861064E+01
    1.6020000E+00    6.6618915E+01    2.0861042E+01
    1.6060000E+00    6.6740026E+01    2.0861019E+01
    1.6100000E+00    6.6861190E+01    2.0860995E+01
    1.6140000E+00    6.6982408E+01    2.0860972E+01
    1.6180000E+00    6.7103680E+01    2.0860949E+01
    1.6220000E+00    6.7225007E+01    2.0860925E+01
    1.6260000E+00    6.7346387E+01    2.0860902E+01
    1.6300000E+00    6.7467821E+01    2.0860878E+01
    1.6340000E+00    6.7589308E+01    2.0860854E+01
    1.6380000E+00    6.7710850E+01    2.0860830E+01
    1.6420000E+00    6.7832445E+01    2.0860806E+01
    1.6460000E+00    6.7954094E+01    2.0860782E+01
    1.6500000E+00    6.8075796E+01    2.0860758E+01
    1.6540000E+00    6.8197552E+01    2.0860734E+01
    1.6580000E+00    6.8319361E+01    2.0860710E+01
    1.6620000E+00    6.8441224E+01    2.0860686E+01
    1.6660000E+00    6.8563139E+01    2.0860661E+01
    1.6700000E+00    6.8685109E+01    2.0860637E+01
    1.6740000E+00    6.8807131E+01    2.0860613E+01
    1.6780000E+00    6.8929206E+01    2.0860588E+01
    1.6820000E+00    6.9051335E+01    2.0860564E+01
    1.6860000E+00    6.9173516E+01    2.0860539E+01
    1.6900000E+00    6.9295750E+01    2.0860515E+01
    1.6940000E+00    6.9418037E+01    2.0860490E+01
    1.6980000E+00    6.9540377E+01    2.0860466E+01
    1.7020000E+00    6.9662769E+01    2.0860441E+01
    1.7060000E+00    6.9785214E+01    2.0860416E+01
    1.7100000E+00    6.9907712E+01    2.0860392E+01
    1.7140000E+00    7.0030261E+01    2.0860367E+01
    1.7180000E+00    7.0152863E+01    2.0860342E+01
    1.7220000E+00    7.0275517E+01    2.0860318E+01
    1.7260000E+00    7.0398223E+01    2.0860293E+01
    1.7300000E+00    7.0520981E+01    2.0860268E+01
    1.7340000E+00    7.0643791E+01    2.0860244E+01
    1.7380000E+00    7.0766653E+01    2.0860219E+01
    1.7420000E+00    7.0889566E+01    2.0860194E+01
    1.7460000E+00    7.1012531E+01    2.0860170E+01
    1.7500000E+00    7.1135547E+01    2.0860145E+01
    1.7540000E+00    7.1258615E+01    2.0860121E+01
    1.7580000E+00    7.1381733E+01    2.0860096E+01
    1.7620000E+00    7.1504903E+01    2.0860071E+01
    1.7660000E+00    7.1628124E+01    2.0860047E+01
    1.7700000E+00    7.1751396E+01    2.0860022E+01
    1.7740000E+00    7.1874718E+01    2.0859998E+01
    1.7780000E+00    7.1998091E+01    2.0859973E+01
    1.7820000E+00    7.2121514E+01    2.0859949E+01
    1.7860000E+00    7.2244987E+01    2.0859924E+01
    1.7900000E+00    7.2368511E+01    2.0859900E+01
    1.7940000E+00    7.2492085E+01    2.0859875E+01
    1.7980000E+00    7.2615708E+01    2.0859851E+01
    1.8020000E+00    7.2739382E+01    2.0859827E+01
    1.8060000E+00    7.2863104E+01    2.0859802E+01
    1.8100000E+00    7.2986877E+01    2.0859778E+01
    1.8140000E+00    7.3110698E+01    2.0859754E+01
    1.8180000E+00    7.3234569E+01    2.0859730E+01
    1.8220000E+00    7.3358489E+01    2.0859706E+01
    1.8260000E+00    7.3482457E+01    2.0859681E+01
    1.8300000E+00    7.3606474E+01    2.0859657E+01
    1.8340000E+00    7.3730540E+01    2.0859633E+01
    1.8380000E+00    7.3854654E+01    2.0859609E+01
    1.8420000E+00    7.3978816E+01    2.0859585E+01
    1.8460000E+00    7.4103026E+01    2.0859561E+01
    1.8500000E+00    7.4227283E+01    2.0859538E+01
    1.8540000E+00    7.4351589E+01    2.0859514E+01
    1.8580000E+00    7.4475941E+01    2.0859490E+01
    1.8620000E+00    7.4600341E+01    2.0859466E+01
    1.8660000E+00    7.4724788E+01    2.0859443E+01
    1.8700000E+00    7.4849282E+01    2.0859419E+01
    1.8740000E+00    7.4973822E+01    2.0859395E+01
    1.8780000E+00    7.5098409E+01    2.0859372E+01
    1.8820000E+00    7.5223042E+01    2.0859348E+01
    1.8860000E+00    7.5347722E+01    2.0859325E+01
    1.8900000E+00    7.5472446E+01    2.0859301E+01
    1.8940000E+00    7.5597217E+01    2.0859278E+01
    1.8980000E+00    7.5722033E+01    2.0859255E+01
    1.9020000E+00    7.5846894E+01    2.0859231E+01
    1.9060000E+00    7.5971800E+01    2.0859208E+01
    1.9100000E+00    7.6096751E+01    2.0859185E+01
    1.9140000E+00    7.6221746E+01    2.0859162E+01
    1.9180000E+00    7.6346786E+01    2.0859139E+01
    1.9220000E+00    7.6471870E+01    2.0859116E+01
    1.9260000E+00    7.6596997E+01    2.0859093E+01
    1.9300000E+00    7.6722168E+01    2.0859070E+01
    1.9340000E+00    7.6847382E+01    2.0859047E+01
    1.9380000E+00    7.6972640E+01    2.0859025E+01
    1.9420000E+00    7.7097940E+01    2.0859002E+01
    1.9460000E+00    7.7223283E+01    2.0858979E+01
    1.9500000E+00    7.7348668E+01    2.0858957E+01
    1.9540000E+00    7.7474095E+01    2.0858934E+01
    1.9580000E+00    7.7599564E+01    2.0858912E+01
    1.9620000E+00    7.7725074E+01    2.0858889E+01
    1.9660000E+00    7.7850626E+01    2.0858867E+01
    1.9700000E+00    7.7976218E+01    2.0858844E+01
    1.9740000E+00    7.8101851E+01    2.0858822E+01
    1.9780000E+00    7.8227525E+01    2.0858800E+01
    1.9820000E+00    7.8353239E+01    2.0858778E+01
    1.9860000E+00    7.8478992E+01    2.0858756E+01
    1.9900000E+00    7.8604785E+01    2.0858734E+01
    1.9940000E+00    7.8730617E+01    2.0858712E+01
    1.9980000E+00    7.8856489E+01    2.0858690E+01
    2.0020000E+00    7.8982398E+01    2.0858668E+01
    2.0060000E+00    7.9108346E+01    2.0858646E+01
    2.0100000E+00    7.9234333E+01    2.0858624E+01
    2.0140000E+00    7.9360356E+01    2.0858603E+01
    2.0180000E+00    7.9486417E+01    2.0858581E+01
    2.0220000E+00    7.9612515E+01    2.0858559E+01
    2.0260000E+00    7.9738650E+01    2.0858538E+01
    2.0300000E+00    7.9864821E+01    2.0858516E+01
    2.0340000E+00    7.9991028E+01    2.0858495E+01
    2.0380000E+00    8.0117271E+01    2.0858474E+01
    2.0420000E+00    8.0243549E+01    2.0858452E+01
    2.0460000E+00    8.0369863E+01    2.0858431E+01
    2.0500000E+00    8.0496210E+01    2.0858410E+01
    2.0540000E+00    8.0622592E+01    2.0858389E+01
    2.0580000E+00    8.0749008E+01    2.0858368E+01
    2.0620000E+00    8.0875458E+01    2.0858347E+01
    2.0660000E+00    8.1001941E+01    2.0858326E+01
    2.0700000E+00    8.1128456E+01    2.0858305E+01
    2.0740000E+00    8.1255004E+01    2.0858284E+01
    2.0780000E+00    8.1381584E+01    2.0858263E+01
    2.0820000E+00    8.1508195E+01    2.0858242E+01
    2.0860000E+00    8.1634838E+01    2.0858222E+01
    2.0900000E+00    8.1761512E+01    2.0858201E+01
    2.0940000E+00    8.1888216E+01    2.0858181E+01
    2.0980000E+00    8.2014950E+01    2.0858160E+01
    2.1020000E+00    8.2141714E+01    2.0858140E+01
    2.1060000E+00    8.2268507E+01    2.0858119E+01
    2.1100000E+00    8.2395329E+01    2.0858099E+01
    2.1140000E+00    8.2522179E+01    2.0858079E+01
    2.1180000E+00    8.2649057E+01    2.0858059E+01
    2.1220000E+00    8.2775963E+01    2.0858038E+01
    2.1260000E+00    8.2902896E+01    2.0858018E+01
    2.1300000E+00    8.3029855E+01    2.0857998E+01
    2.1340000E+00    8.3156841E+01    2.0857978E+01
    2.1380000E+00    8.3283852E+01    2.0857958E+01
    2.1420000E+00    8.3410889E+01    2.0857939E+01
    2.1460000E+00    8.3537950E+01    2.0857919E+01
    2.1500000E+00    8.3665036E+01    2.0857899E+01
    2.1540000E+00    8.3792146E+01    2.0857879E+01
    2.1580000E+00    8.3919279E+01    2.0857860E+01
    2.1620000E+00    8.4046435E+01    2.0857840E+01
    2.1660000E+00    8.4173613E+01    2.0857821E+01
    2.1700000E+00    8.4300814E+01    2.0857801E+01
    2.1740000E+00    8.4428036E+01    2.0857782E+01
    2.1780000E+00    8.4555278E+01    2.0857763E+01
    2.1820000E+00    8.4682542E+01    2.0857743E+01
    2.1860000E+00    8.4809825E+01    2.0857724E+01
    2.1900000E+00    8.4937128E+01    2.0857705E+01
    2.1940000E+00    8.5064449E+01    2.0857686E+01
    2.1980000E+00    8.5191789E+01    2.0857667E+01
    2.2020000E+00    8.5319147E+01    2.0857648E+01
    2.2060000E+00    8.5446523E+01    2.0857629E+01
    2.2100000E+00    8.5573914E+01    2.0857610E+01
    2.2140000E+00    8.5701323E+01    2.0857591E+01
    2.2180000E+00    8.5828747E+01    2.0857572E+01
    2.2220000E+00    8.5956186E+01    2.0857553E+01
    2.2260000E+00    8.6083639E+01    2.0857535E+01
    2.2300000E+00    8.6211107E+01    2.0857516E+01
    2.2340000E+00    8.6338588E+01    2.0857498E+01
    2.2380000E+00    8.6466081E+01    2.0857479E+01
    2.2420000E+00    8.6593588E+01    2.0857461E+01
    2.2460000E+00    8.6721105E+01    2.0857442E+01
    2.2500000E+00    8.6848634E+01    2.0857424E+01
    2.2540000E+00    8.6976173E+01    2.0857406E+01
    2.2580000E+00    8.7103723E+01    2.0857387E+01
    2.2620000E+00    8.7231281E+01    2.0857369E+01
    2.2660000E+00    8.7358848E+01    2.0857351E+01
    2.2700000E+00    8.7486423E+01    2.0857333E+01
    2.2740000E+00    8.7614005E+01    2.0857315E+01
    2.2780000E+00    8.7741595E+01    2.0857297E+01
    2.2820000E+00    8.7869190E+01    2.0857279E+01
    2.2860000E+00    8.7996791E+01    2.0857261E+01
    2.2900000E+00    8.8124396E+01    2.0857244E+01
    2.2940000E+00    8.8252006E+01    2.0857226E+01
    2.2980000E+00    8.8379619E+01    2.0857208E+01
    2.3020000E+00    8.8507236E+01    2.0857191E+01
    2.3060000E+00    8.8634854E+01    2.0857173E+01
    2.3100000E+00    8.8762474E+01    2.0857156E+01
    2.3140000E+00    8.8890094E+01    2.0857138E+01
    2.3180000E+00    8.9017715E+01    2.0857121E+01
    2.3220000E+00    8.9145335E+01    2.0857103E+01
    2.3260000E+00    8.9272953E+01    2.0857086E+01
    2.3300000E+00    8.9400570E+01    2.0857069E+01
    2.3340000E+00    8.9528184E+01    2.0857052E+01
    2.3380000E+00    8.9655795E+01    2.0857034E+01
    2.3420000E+00    8.9783401E+01    2.0857017E+01
    2.3460000E+00    8.9911002E+01    2.0857000E+01
    2.3500000E+00    9.0038598E+01    2.0856983E+01
    2.3540000E+00    9.0166187E+01    2.0856966E+01
    2.3580000E+00    9.0293770E+01    2.0856950E+01
    2.3620000E+00    9.0421344E+01    2.0856933E+01
    2.3660000E+00    9.0548910E+01    2.0856916E+01
    2.3700000E+00    9.0676466E+01    2.0856899E+01
    2.3740000E+00    9.0804012E+01    2.0856883E+01
    2.3780000E+00    9.0931547E+01    2.0856866E+01
    2.3820000E+00    9.1059070E+01    2.0856849E+01
    2.3860000E+00    9.1186580E+01    2.0856833E+01
    2.3900000E+00    9.1314077E+01    2.0856816E+01
    2.3940000E+00    9.1441560E+01    2.0856800E+01
    2.3980000E+00    9.1569028E+01    2.0856784E+01
    2.4020000E+00    9.1696480E+01    2.0856767E+01
    2.4060000E+00    9.1823915E+01    2.0856751E+01
    2.4100000E+00    9.1951333E+01    2.0856735E+01
    2.4140000E+00    9.2078733E+01    2.0856719E+01
    2.4180000E+00    9.2206113E+01    2.0856703E+01
    2.4220000E+00    9.2333473E+01    2.0856687E+01
    2.4260000E+00    9.2460812E+01    2.0856671E+01
    2.4300000E+00    9.2588130E+01    2.0856655E+01
    2.4340000E+00    9.2715425E+01    2.0856639E+01
    2.4380000E+00    9.2842696E+01    2.0856623E+01
    2.4420000E+00    9.2969943E+01    2.0856607E+01
    2.4460000E+00    9.3097164E+01    2.0856592E+01
    2.4500000E+00    9.3224359E+01    2.0856576E+01
    2.4540000E+00    9.3351527E+01    2.0856560E+01
    2.4580000E+00    9.3478667E+01    2.0856545E+01
    2.4620000E+00    9.3605778E+01    2.0856529E+01
    2.4660000E+00    9.3732860E+01    2.0856514E+01
    2.4700000E+00    9.3859910E+01    2.0856498E+01
    2.4740000E+00    9.3986928E+01    2.0856483E+01
    2.4780000E+00    9.4113914E+01    2.0856467E+01
    2.4820000E+00    9.4240866E+01    2.0856452E+01
    2.4860000E+00    9.4367784E+01    2.0856437E+01
    2.4900000E+00    9.4494665E+01    2.0856422E+01
    2.4940000E+00    9.4621511E+01    2.0856407E+01
    2.4980000E+00    9.4748318E+01    2.0856392E+01
    2.5020000E+00    9.4875087E+01    2.0856377E+01
    2.5060000E+00    9.5001817E+01    2.0856362E+01
    2.5100000E+00    9.5128506E+01    2.0856347E+01
    2.5140000E+00    9.5255153E+01    2.0856332E+01
    2.5180000E+00    9.5381757E+01    2.0856317E+01
    2.5220000E+00    9.5508318E+01    2.0856302E+01
    2.5260000E+00    9.5634835E+01    2.0856287E+01
    2.5300000E+00    9.5761305E+01    2.0856273E+01
    2.5340000E+00    9.5887729E+01    2.0856258E+01
    2.5380000E+00    9.6014105E+01    2.0856244E+01
    2.5420000E+00    9.6140432E+01    2.0856229E+01
    2.5460000E+00    9.6266710E+01    2.0856215E+01
    2.5500000E+00    9.6392936E+01    2.0856200E+01
    2.5540000E+00    9.6519110E+01    2.0856186E+01
    2.5580000E+00    9.6645231E+01    2.0856171E+01
    2.5620000E+00    9.6771297E+01    2.0856157E+01
    2.5660000E+00    9.6897308E+01    2.0856143E+01
    2.5700000E+00    9.7023263E+01    2.0856129E+01
    2.5740000E+00    9.7149160E+01    2.0856114E+01
    2.5780000E+00    9.7274998E+01    2.0856100E+01
    2.5820000E+00    9.7400777E+01    2.0856086E+01
    2.5860000E+00    9.7526494E+01    2.0856072E+01
    2.5900000E+00    9.7652149E+01    2.0856058E+01
    2.5940000E+00    9.7777741E+01    2.0856044E+01
    2.5980000E+00    9.7903269E+01    2.0856031E+01
    2.6020000E+00    9.8028730E+01    2.0856017E+01
    2.6060000E+00    9.8154125E+01    2.0856003E+01
    2.6100000E+00    9.8279452E+01    2.0855989E+01
    2.6140000E+00    9.8404709E+01    2.0855976E+01
    2.6180000E+00    9.8529896E+01    2.0855962E+01
    2.6220000E+00    9.8655012E+01    2.0855948E+01
    2.6260000E+00    9.8780055E+01    2.0855935E+01
    2.6300000E+00    9.8905023E+01    2.0855921E+01
    2.6340000E+00    9.9029916E+01    2.0855908E+01
    2.6380000E+00    9.9154733E+01    2.0855895E+01
    2.6420000E+00    9.9279472E+01    2.0855881E+01
    2.6460000E+00    9.9404132E+01    2.0855868E+01
    2.6500000E+00    9.9528712E+01    2.0855855E+01
    2.6540000E+00    9.9653210E+01    2.0855842E+01
    2.6580000E+00    9.9777625E+01    2.0855828E+01
    2.6620000E+00    9.9901956E+01    2.0855815E+01
    2.6660000E+00    1.0002620E+02    2.0855802E+01
    2.6700000E+00    1.0015036E+02    2.0855789E+01
    2.6740000E+00    1.0027443E+02    2.0855776E+01
    2.6780000E+00    1.0039841E+02    2.0855763E+01
    2.6820000E+00    1.0052230E+02    2.0855751E+01
    2.6860000E+00    1.0064610E+02    2.0855738E+01
    2.6900000E+00    1.0076981E+02    2.0855725E+01
    2.6940000E+00    1.0089342E+02    2.0855712E+01
    2.6980000E+00    1.0101694E+02    2.0855700E+01
    2.7020000E+00    1.0114035E+02    2.0855687E+01
    2.7060000E+00    1.0126367E+02    2.0855674E+01
    2.7100000E+00    1.0138689E+02    2.0855662E+01
    2.7140000E+00    1.0151001E+02    2.0855649E+01
    2.7180000E+00    1.0163303E+02    2.0855637E+01
    2.7220000E+00    1.0175594E+02    2.0855624E+01
    2.7260000E+00    1.0187874E+02    2.0855612E+01
    2.7300000E+00    1.0200144E+02    2.0855600E+01
    2.7340000E+00    1.0212403E+02    2.0855587E+01
    2.7380000E+00    1.0224651E+02    2.0855575E+01
    2.7420000E+00    1.0236888E+02    2.0855563E+01
    2.7460000E+00    1.0249113E+02    2.0855551E+01
    2.7500000E+00    1.0261327E+02    2.0855539E+01
    2.7540000E+00    1.0273530E+02    2.0855527E+01
    2.7580000E+00    1.0285721E+02    2.0855515E+01
    2.7620000E+00    1.0297900E+02    2.0855503E+01
    2.7660000E+00    1.0310067E+02    2.0855491E+01
    2.7700000E+00    1.0322222E+02    2.0855479E+01
    2.7740000E+00    1.0334364E+02    2.0855467E+01
    2.7780000E+00    1.0346495E+02    2.0855455E+01
    2.7820000E+00    1.0358612E+02    2.0855444E+01
    2.7860000E+00    1.0370717E+02    2.0855432E+01
    2.7900000E+00    1.0382809E+02    2.0855420E+01
    2.7940000E+00    1.0394888E+02    2.0855409E+01
    2.7980000E+00    1.0406953E+02    2.0855397E+01
    2.8020000E+00    1.0419005E+02    2.0855386E+01
    2.8060000E+00    1.0431044E+02    2.0855374E+01
    2.8100000E+00    1.0443069E+02    2.0855363E+01
    2.8140000E+00    1.0455080E+02    2.0855351E+01
    2.8180000E+00    1.0467078E+02    2.0855340E+01
    2.8220000E+00    1.0479061E+02    2.0855329E+01
    2.8260000E+00    1.0491030E+02    2.0855317E+01
    2.8300000E+00    1.0502984E+02    2.0855306E+01
    2.8340000E+00    1.0514924E+02    2.0855295E+01
    2.8380000E+00    1.0526849E+02    2.0855284E+01
    2.8420000E+00    1.0538759E+02    2.0855273E+01
    2.8460000E+00    1.0550654E+02    2.0855262E+01
    2.8500000E+00    1.0562533E+02    2.0855251E+01
    2.8540000E+00    1.0574398E+02    2.0855240E+01
    2.8580000E+00    1.0586246E+02    2.0855229E+01
    2.8620000E+00    1.0598079E+02    2.0855218E+01
    2.8660000E+00    1.0609896E+02    2.0855207E+01
    2.8700000E+00    1.0621697E+02    2.0855197E+01
    2.8740000E+00    1.0633482E+02    2.0855186E+01
    2.8780000E+00    1.0645250E+02    2.0855175E+01
    2.8820000E+00    1.0657002E+02    2.0855165E+01
    2.8860000E+00    1.0668737E+02    2.0855154E+01
    2.8900000E+00    1.0680455E+02    2.0855143E+01
    2.8940000E+00    1.0692155E+02    2.0855133E+01
    2.8980000E+00    1.0703839E+02    2.0855122E+01
    2.9020000E+00    1.0715505E+02    2.0855112E+01
    2.9060000E+00    1.0727154E+02    2.0855102E+01
    2.9100000E+00    1.0738785E+02    2.0855091E+01
    2.9140000E+00    1.0750397E+02    2.0855081E+01
    2.9180000E+00    1.0761992E+02    2.0855071E+01
    2.9220000E+00    1.0773569E+02    2.0855061E+01
    2.9260000E+00    1.0785127E+02    2.0855050E+01
    2.9300000E+00    1.0796666E+02    2.0855040E+01
    2.9340000E+00    1.0808186E+02    2.0855030E+01
    2.9380000E+00    1.0819688E+02    2.0855020E+01
    2.9420000E+00    1.0831170E+02    2.0855010E+01
    2.9460000E+00    1.0842633E+02    2.0855000E+01
    2.9500000E+00    1.0854076E+02    2.0854990E+01
    2.9540000E+00    1.0865500E+02    2.0854980E+01
    2.9580000E+00    1.0876904E+02    2.0854971E+01
    2.9620000E+00    1.0888288E+02    2.0854961E+01
    2.9660000E+00    1.0899651E+02    2.0854951E+01
    2.9700000E+00    1.0910994E+02    2.0854941E+01
    2.9740000E+00    1.0922317E+02    2.0854932E+01
    2.9780000E+00    1.0933618E+02    2.0854922E+01
    2.9820000E+00    1.0944899E+02    2.0854912E+01
    2.9860000E+00    1.0956158E+02    2.0854903E+01
    2.9900000E+00    1.0967396E+02    2.0854893E+01
    2.9940000E+00    1.0978613E+02    2.0854884E+01
    2.9980000E+00    1.0989808E+02    2.0854875E+01
    3.0020000E+00    1.1000981E+02    2.0854865E+01
    3.0060000E+00    1.1012132E+02    2.0854856E+01
    3.0100000E+00    1.1023260E+02    2.0854847E+01
    3.0140000E+00    1.1034366E+02    2.0854837E+01
    3.0180000E+00    1.1045450E+02    2.0854828E+01
    3.0220000E+00    1.1056510E+02    2.0854819E+01
    3.0260000E+00    1.1067548E+02    2.0854810E+01
    3.0300000E+00    1.1078562E+02    2.0854801E+01
    3.0340000E+00    1.1089553E+02    2.0854792E+01
    3.0380000E+00    1.1100520E+02    2.0854783E+01
    3.0420000E+00    1.1111464E+02    2.0854774E+01
    3.0460000E+00    1.1122383E+02    2.0854765E+01
    3.0500000E+00    1.1133279E+02    2.0854756E+01
    3.0540000E+00    1.1144150E+02    2.0854747E+01
    3.0580000E+00    1.1154996E+02    2.0854738E+01
    3.0620000E+00    1.1165818E+02    2.0854730E+01
    3.0660000E+00    1.1176615E+02    2.0854721E+01
    3.0700000E+00    1.1187386E+02    2.0854712E+01
    3.0740000E+00    1.1198132E+02    2.0854704E+01
    3.0780000E+00    1.1208853E+02    2.0854695E+01
    3.0820000E+00    1.1219548E+02    2.0854686E+01
    3.0860000E+00    1.1230217E+02    2.0854678E+01
    3.0900000E+00    1.1240860E+02    2.0854669E+01
    3.0940000E+00    1.1251476E+02    2.0854661E+01
    3.0980000E+00    1.1262067E+02    2.0854653E+01
    3.1020000E+00    1.1272630E+02    2.0854644E+01
    3.1060000E+00    1.1283166E+02    2.0854636E+01
    3.1100000E+00    1.1293676E+02    2.0854628E+01
    3.1140000E+00    1.1304158E+02    2.0854619E+01
    3.1180000E+00    1.1314612E+02    2.0854611E+01
    3.1220000E+00    1.1325039E+02    2.0854603E+01
    3.1260000E+00    1.1335438E+02    2.0854595E+01
    3.1300000E+00    1.1345809E+02    2.0854587E+01
    3.1340000E+00    1.1356151E+02    2.0854579E+01
    3.1380000E+00    1.1366465E+02    2.0854571E+01
    3.1420000E+00    1.1376751E+02    2.0854563E+01
    3.1460000E+00    1.1387007E+02    2.0854555E+01
    3.1500000E+00    1.1397234E+02    2.0854547E+01
    3.1540000E+00    1.1407432E+02    2.0854539E+01
    3.1580000E+00    1.1417601E+02    2.0854532E+01
    3.1620000E+00    1.1427740E+02    2.0854524E+01
    3.1660000E+00    1.1437849E+02    2.0854516E+01
    3.1700000E+00    1.1447927E+02    2.0854508E+01
    3.1740000E+00    1.1457976E+02    2.0854501E+01
    3.1780000E+00    1.1467994E+02    2.0854493E+01
    3.1820000E+00    1.1477981E+02    2.0854486E+01
    3.1860000E+00    1.1487937E+02    2.0854478E+01
    3.1900000E+00    1.1497862E+02    2.0854471E+01
    3.1940000E+00    1.1507756E+02    2.0854463E+01
    3.1980000E+00    1.1517618E+02    2.0854456E+01
    3.2020000E+00    1.1527449E+02    2.0854448E+01
    3.2060000E+00    1.1537248E+02    2.0854441E+01
    3.2100000E+00    1.1547014E+02    2.0854434E+01
    3.2140000E+00    1.1556748E+02    2.0854427E+01
    3.2180000E+00    1.1566450E+02    2.0854419E+01
    3.2220000E+00    1.1576118E+02    2.0854412E+01
    3.2260000E+00    1.1585754E+02    2.0854405E+01
    3.2300000E+00    1.1595357E+02    2.0854398E+01
    3.2340000E+00    1.1604926E+02    2.0854391E+01
    3.2380000E+00    1.1614462E+02    2.0854384E+01
    3.2420000E+00    1.1623964E+02    2.0854377E+01
    3.2460000E+00    1.1633432E+02    2.0854370E+01
    3.2500000E+00    1.1642866E+02    2.0854363E+01
    3.2540000E+00    1.1652265E+02    2.0854356E+01
    3.2580000E+00    1.1661630E+02    2.0854350E+01
    3.2620000E+00    1.1670960E+02    2.0854343E+01
    3.2660000E+00    1.1680255E+02    2.0854336E+01
    3.2700000E+00    1.1689514E+02    2.0854329E+01
    3.2740000E+00    1.1698739E+02    2.0854323E+01
    3.2780000E+00    1.1707927E+02    2.0854316E+01
    3.2820000E+00    1.1717080E+02    2.0854310E+01
    3.2860000E+00    1.1726197E+02    2.0854303E+01
    3.2900000E+00    1.1735278E+02    2.0854297E+01
    3.2940000E+00    1.1744322E+02    2.0854290E+01
    3.2980000E+00    1.1753329E+02    2.0854284E+01
    3.3020000E+00    1.1762300E+02    2.0854277E+01
    3.3060000E+00    1.1771234E+02    2.0854271E+01
    3.3100000E+00    1.1780130E+02    2.0854265E+01
    3.3140000E+00    1.1788989E+02    2.0854258E+01
    3.3180000E+00    1.1797810E+02    2.0854252E+01
    3.3220000E+00    1.1806594E+02    2.0854246E+01
    3.3260000E+00    1.1815339E+02    2.0854240E+01
    3.3300000E+00    1.1824046E+02    2.0854234E+01
    3.3340000E+00    1.1832715E+02    2.0854228E+01
    3.3380000E+00    1.1841345E+02    2.0854222E+01
    3.3420000E+00    1.1849936E+02    2.0854216E+01
    3.3460000E+00    1.1858488E+02    2.0854210E+01
    3.3500000E+00    1.1867000E+02    2.0854204E+01
    3.3540000E+00    1.1875474E+02    2.0854198E+01
    3.3580000E+00    1.1883907E+02    2.0854192E+01
    3.3620000E+00    1.1892301E+02    2.0854186E+01
    3.3660000E+00    1.1900654E+02    2.0854180E+01
    3.3700000E+00    1.1908968E+02    2.0854175E+01
    3.3740000E+00    1.1917240E+02    2.0854169E+01
    3.3780000E+00    1.1925473E+02    2.0854163E+01
    3.3820000E+00    1.1933664E+02    2.0854158E+01
    3.3860000E+00    1.1941814E+02    2.0854152E+01
    3.3900000E+00    1.1949923E+02    2.0854146E+01
    3.3940000E+00    1.1957990E+02    2.0854141E+01
    3.3980000E+00    1.1966016E+02    2.0854135E+01
    3.4020000E+00    1.1974000E+02    2.0854130E+01
    3.4060000E+00    1.1981942E+02    2.0854125E+01
    3.4100000E+00    1.1989841E+02    2.0854119E+01
    3.4140000E+00    1.1997698E+02    2.0854114E+01
    3.4180000E+00    1.2005513E+02    2.0854109E+01
    3.4220000E+00    1.2013285E+02    2.0854103E+01
    3.4260000E+00    1.2021013E+02    2.0854098E+01
    3.4300000E+00    1.2028698E+02    2.0854093E+01
    3.4340000E+00    1.2036340E+02    2.0854088E+01
    3.4380000E+00    1.2043939E+02    2.0854083E+01
    3.4420000E+00    1.2051493E+02    2.0854078E+01
    3.4460000E+00    1.2059004E+02    2.0854073E+01
    3.4500000E+00    1.2066470E+02    2.0854068E+01
    3.4540000E+00    1.2073892E+02    2.0854063E+01
    3.4580000E+00    1.2081269E+02    2.0854058E+01
    3.4620000E+00    1.2088602E+02    2.0854053E+01
    3.4660000E+00    1.2095890E+02    2.0854048E+01
    3.4700000E+00    1.2103132E+02    2.0854043E+01
    3.4740000E+00    1.2110329E+02    2.0854039E+01
    3.4780000E+00    1.2117481E+02    2.0854034E+01
    3.4820000E+00    1.2124587E+02    2.0854029E+01
    3.4860000E+00    1.2131647E+02    2.0854025E+01
    3.4900000E+00    1.2138661E+02    2.0854020E+01
    3.4940000E+00    1.2145629E+02    2.0854015E+01
    3.4980000E+00    1.2152550E+02    2.0854011E+01
    3.5020000E+00    1.2159425E+02    2.0854006E+01
    3.5060000E+00    1.2166253E+02    2.0854002E+01
    3.5100000E+00    1.2173034E+02    2.0853997E+01
    3.5140000E+00    1.2179768E+02    2.0853993E+01
    3.5180000E+00    1.2186455E+02    2.0853989E+01
    3.5220000E+00    1.2193094E+02    2.0853984E+01
    3.5260000E+00    1.2199685E+02    2.0853980E+01
    3.5300000E+00    1.2206229E+02    2.0853976E+01
    3.5340000E+00    1.2212724E+02    2.0853972E+01
    3.5380000E+00    1.2219171E+02    2.0853967E+01
    3.5420000E+00    1.2225570E+02    2.0853963E+01
    3.5460000E+00    1.2231921E+02    2.0853959E+01
    3.5500000E+00    1.2238222E+02    2.0853955E+01
    3.5540000E+00    1.2244475E+02    2.0853951E+01
    3.5580000E+00    1.2250678E+02    2.0853947E+01
    3.5620000E+00    1.2256833E+02    2.0853943E+01
    3.5660000E+00    1.2262938E+02    2.0853939E+01
    3.5700000E+00    1.2268993E+02    2.0853935E+01
    3.5740000E+00    1.2274999E+02    2.0853932E+01
    3.5780000E+00    1.2280955E+02    2.0853928E+01
    3.5820000E+00    1.2286861E+02    2.0853924E+01
    3.5860000E+00    1.2292716E+02    2.0853920E+01
    3.5900000E+00    1.2298521E+02    2.0853917E+01
    3.5940000E+00    1.2304276E+02    2.0853913E+01
    3.5980000E+00    1.2309980E+02    2.0853909E+01
    3.6020000E+00    1.2315633E+02    2.0853906E+01
    3.6060000E+00    1.2321235E+02    2.0853902E+01
    3.6100000E+00    1.2326786E+02    2.0853899E+01
    3.6140000E+00    1.2332285E+02    2.0853895E+01
    3.6180000E+00    1.2337733E+02    2.0853892E+01
    3.6220000E+00    1.2343129E+02    2.0853888E+01
    3.6260000E+00    1.2348474E+02    2.0853885E+01
    3.6300000E+00    1.2353767E+02    2.0853882E+01
    3.6340000E+00    1.2359007E+02    2.0853878E+01
    3.6380000E+00    1.2364195E+02    2.0853875E+01
    3.6420000E+00    1.2369331E+02    2.0853872E+01
    3.6460000E+00    1.2374415E+02    2.0853869E+01
    3.6500000E+00    1.2379445E+02    2.0853865E+01
    3.6540000E+00    1.2384423E+02    2.0853862E+01
    3.6580000E+00    1.2389348E+02    2.0853859E+01
    3.6620000E+00    1.2394220E+02    2.0853856E+01
    3.6660000E+00    1.2399038E+02    2.0853853E+01
    3.6700000E+00    1.2403803E+02    2.0853850E+01
    3.6740000E+00    1.2408515E+02    2.0853847E+01
    3.6780000E+00    1.2413173E+02    2.0853844E+01
    3.6820000E+00    1.2417777E+02    2.0853842E+01
    3.6860000E+00    1.2422327E+02    2.0853839E+01
    3.6900000E+00    1.2426824E+02    2.0853836E+01
    3.6940000E+00    1.2431266E+02    2.0853833E+01
    3.6980000E+00    1.2435653E+02    2.0853831E+01
    3.7020000E+00    1.2439987E+02    2.0853828E+01
    3.7060000E+00    1.2444265E+02    2.0853825E+01
    3.7100000E+00    1.2448489E+02    2.0853823E+01
    3.7140000E+00    1.2452658E+02    2.0853820E+01
    3.7180000E+00    1.2456773E+02    2.0853817E+01
    3.7220000E+00    1.2460832E+02    2.0853815E+01
    3.7260000E+00    1.2464836E+02    2.0853813E+01
    3.7300000E+00    1.2468785E+02    2.0853810E+01
    3.7340000E+00    1.2472678E+02    2.0853808E+01
    3.7380000E+00    1.2476516E+02    2.0853805E+01
    3.7420000E+00    1.2480298E+02    2.0853803E+01
    3.7460000E+00    1.2484024E+02    2.0853801E+01
    3.7500000E+00    1.2487695E+02    2.0853798E+01
    3.7540000E+00    1.2491309E+02    2.0853796E+01
    3.7580000E+00    1.2494868E+02    2.0853794E+01
    3.7620000E+00    1.2498370E+02    2.0853792E+01
    3.7660000E+00    1.2501816E+02    2.0853790E+01
    3.7700000E+00    1.2505206E+02    2.0853788E+01
    3.7740000E+00    1.2508539E+02    2.0853786E+01
    3.7780000E+00    1.2511815E+02    2.0853784E+01
    3.7820000E+00    1.2515035E+02    2.0853782E+01
    3.7860000E+00    1.2518198E+02    2.0853780E+01
    3.7900000E+00    1.2521304E+02    2.0853778E+01
    3.7940000E+00    1.2524353E+02    2.0853776E+01
    3.7980000E+00    1.2527346E+02    2.0853774E+01
    3.8020000E+00    1.2530281E+02    2.0853773E+01
    3.8060000E+00    1.2533158E+02    2.0853771E+01
    3.8100000E+00    1.2535979E+02    2.0853769E+01
    3.8140000E+00    1.2538742E+02    2.0853767E+01
    3.8180000E+00    1.2541447E+02    2.0853766E+01
    3.8220000E+00    1.2544095E+02    2.0853764E+01
    3.8260000E+00    1.2546685E+02    2.0853763E+01
    3.8300000E+00    1.2549218E+02    2.0853761E+01
    3.8340000E+00    1.2551693E+02    2.0853760E+01
    3.8380000E+00    1.2554109E+02    2.0853758E+01
    3.8420000E+00    1.2556468E+02    2.0853757E+01
    3.8460000E+00    1.2558769E+02    2.0853755E+01
    3.8500000E+00    1.2561012E+02    2.0853754E+01
    3.8540000E+00    1.2563196E+02    2.0853753E+01
    3.8580000E+00    1.2565323E+02    2.0853751E+01
    3.8620000E+00    1.2567391E+02    2.0853750E+01
    3.8660000E+00    1.2569400E+02    2.0853749E+01
    3.8700000E+00    1.2571351E+02    2.0853748E+01
    3.8740000E+00    1.2573244E+02    2.0853747E+01
    3.8780000E+00    1.2575078E+02    2.0853745E+01
    3.8820000E+00    1.2576854E+02    2.0853744E+01
    3.8860000E+00    1.2578571E+02    2.0853743E+01
    3.8900000E+00    1.2580229E+02    2.0853742E+01
    3.8940000E+00    1.2581828E+02    2.0853741E+01
    3.8980000E+00    1.2583369E+02    2.0853740E+01
    3.9020000E+00    1.2584850E+02    2.0853740E+01
    3.9060000E+00    1.2586273E+02    2.0853739E+01
    3.9100000E+00    1.2587637E+02    2.0853738E+01
    3.9140000E+00    1.2588942E+02    2.0853737E+01
    3.9180000E+00    1.2590188E+02    2.0853736E+01
    3.9220000E+00    1.2591375E+02    2.0853736E+01
    3.9260000E+00    1.2592502E+02    2.0853735E+01
    3.9300000E+00    1.2593571E+02    2.0853734E+01
    3.9340000E+00    1.2594580E+02    2.0853734E+01
    3.9380000E+00    1.2595530E+02    2.0853733E+01
    3.9420000E+00    1.2596421E+02    2.0853733E+01
    3.9460000E+00    1.2597253E+02    2.0853732E+01
    3.9500000E+00    1.2598025E+02    2.0853732E+01
    3.9540000E+00    1.2598738E+02    2.0853731E+01
    3.9580000E+00    1.2599392E+02    2.0853731E+01
    3.9620000E+00    1.2599986E+02    2.0853731E+01
    3.9660000E+00    1.2600521E+02    2.0853730E+01
    3.9700000E+00    1.2600997E+02    2.0853730E+01
    3.9740000E+00    1.2601413E+02    2.0853730E+01
    3.9780000E+00    1.2601770E+02    2.0853729E+01
    3.9820000E+00    1.2602067E+02    2.0853729E+01
    3.9860000E+00    1.2602305E+02    2.0853729E+01
    3.9900000E+00    1.2602483E+02    2.0853729E+01
    3.9940000E+00    1.2602602E+02    2.0853729E+01
    3.9980000E+00    1.2602661E+02    2.0853729E+01
