# Time          5.0000E+02
# Units: Mol/kgw
    Distance        SO4--            SO164--         
    2.0000000E-03    9.9864401E-03    9.9866488E-03
    6.0000000E-03    9.9593951E-03    9.9600192E-03
    1.0000000E-02    9.9324247E-03    9.9334620E-03
    1.4000000E-02    9.9055287E-03    9.9069769E-03
    1.8000000E-02    9.8787068E-03    9.8805639E-03
    2.2000000E-02    9.8519589E-03    9.8542226E-03
    2.6000000E-02    9.8252847E-03    9.8279530E-03
    3.0000000E-02    9.7986840E-03    9.8017548E-03
    3.4000000E-02    9.7721567E-03    9.7756278E-03
    3.8000000E-02    9.7457026E-03    9.7495719E-03
    4.2000000E-02    9.7193214E-03    9.7235868E-03
    4.6000000E-02    9.6930129E-03    9.6976724E-03
    5.0000000E-02    9.6667770E-03    9.6718285E-03
    5.4000000E-02    9.6406135E-03    9.6460548E-03
    5.8000000E-02    9.6145222E-03    9.6203513E-03
    6.2000000E-02    9.5885028E-03    9.5947177E-03
    6.6000000E-02    9.5625552E-03    9.5691537E-03
    7.0000000E-02    9.5366791E-03    9.5436594E-03
    7.4000000E-02    9.5108745E-03    9.5182344E-03
    7.8000000E-02    9.4851410E-03    9.4928785E-03
    8.2000000E-02    9.4594786E-03    9.4675917E-03
    8.6000000E-02    9.4338870E-03    9.4423736E-03
    9.0000000E-02    9.4083659E-03    9.4172242E-03
    9.4000000E-02    9.3829153E-03    9.3921432E-03
    9.8000000E-02    9.3575350E-03    9.3671305E-03
    1.0200000E-01    9.3322247E-03    9.3421858E-03
    1.0600000E-01    9.3069842E-03    9.3173090E-03
    1.1000000E-01    9.2818134E-03    9.2924999E-03
    1.1400000E-01    9.2567121E-03    9.2677584E-03
    1.1800000E-01    9.2316800E-03    9.2430842E-03
    1.2200000E-01    9.2067171E-03    9.2184772E-03
    1.2600000E-01    9.1818231E-03    9.1939372E-03
    1.3000000E-01    9.1569978E-03    9.1694639E-03
    1.3400000E-01    9.1322411E-03    9.1450574E-03
    1.3800000E-01    9.1075527E-03    9.1207172E-03
    1.4200000E-01    9.0829325E-03    9.0964434E-03
    1.4600000E-01    9.0583803E-03    9.0722356E-03
    1.5000000E-01    9.0338958E-03    9.0480938E-03
    1.5400000E-01    9.0094790E-03    9.0240178E-03
    1.5800000E-01    8.9851297E-03    9.0000073E-03
    1.6200000E-01    8.9608476E-03    8.9760622E-03
    1.6600000E-01    8.9366325E-03    8.9521823E-03
    1.7000000E-01    8.9124844E-03    8.9283675E-03
    1.7400000E-01    8.8884029E-03    8.9046176E-03
    1.7800000E-01    8.8643880E-03    8.8809324E-03
    1.8200000E-01    8.8404395E-03    8.8573117E-03
    1.8600000E-01    8.8165571E-03    8.8337554E-03
    1.9000000E-01    8.7927407E-03    8.8102633E-03
    1.9400000E-01    8.7689901E-03    8.7868352E-03
    1.9800000E-01    8.7453052E-03    8.7634710E-03
    2.0200000E-01    8.7216857E-03    8.7401704E-03
    2.0600000E-01    8.6981315E-03    8.7169333E-03
    2.1000000E-01    8.6746424E-03    8.6937596E-03
    2.1400000E-01    8.6512183E-03    8.6706491E-03
    2.1800000E-01    8.6278589E-03    8.6476016E-03
    2.2200000E-01    8.6045640E-03    8.6246169E-03
    2.2600000E-01    8.5813336E-03    8.6016949E-03
    2.3000000E-01    8.5581674E-03    8.5788354E-03
    2.3400000E-01    8.5350653E-03    8.5560382E-03
    2.3800000E-01    8.5120270E-03    8.5333032E-03
    2.4200000E-01    8.4890525E-03    8.5106302E-03
    2.4600000E-01    8.4661415E-03    8.4880191E-03
    2.5000000E-01    8.4432938E-03    8.4654696E-03
    2.5400000E-01    8.4205094E-03    8.4429817E-03
    2.5800000E-01    8.3977879E-03    8.4205551E-03
    2.6200000E-01    8.3751294E-03    8.3981896E-03
    2.6600000E-01    8.3525335E-03    8.3758853E-03
    2.7000000E-01    8.3300001E-03    8.3536417E-03
    2.7400000E-01    8.3075291E-03    8.3314589E-03
    2.7800000E-01    8.2851203E-03    8.3093366E-03
    2.8200000E-01    8.2627735E-03    8.2872747E-03
    2.8600000E-01    8.2404885E-03    8.2652730E-03
    2.9000000E-01    8.2182652E-03    8.2433314E-03
    2.9400000E-01    8.1961034E-03    8.2214497E-03
    2.9800000E-01    8.1740029E-03    8.1996277E-03
    3.0200000E-01    8.1519637E-03    8.1778653E-03
    3.0600000E-01    8.1299854E-03    8.1561623E-03
    3.1000000E-01    8.1080680E-03    8.1345186E-03
    3.1400000E-01    8.0862113E-03    8.1129340E-03
    3.1800000E-01    8.0644151E-03    8.0914083E-03
    3.2200000E-01    8.0426792E-03    8.0699414E-03
    3.2600000E-01    8.0210036E-03    8.0485332E-03
    3.3000000E-01    7.9993880E-03    8.0271835E-03
    3.3400000E-01    7.9778322E-03    8.0058920E-03
    3.3800000E-01    7.9563362E-03    7.9846588E-03
    3.4200000E-01    7.9348997E-03    7.9634836E-03
    3.4600000E-01    7.9135226E-03    7.9423662E-03
    3.5000000E-01    7.8922047E-03    7.9213065E-03
    3.5400000E-01    7.8709459E-03    7.9003044E-03
    3.5800000E-01    7.8497460E-03    7.8793597E-03
    3.6200000E-01    7.8286048E-03    7.8584723E-03
    3.6600000E-01    7.8075223E-03    7.8376420E-03
    3.7000000E-01    7.7864981E-03    7.8168686E-03
    3.7400000E-01    7.7655323E-03    7.7961520E-03
    3.7800000E-01    7.7446246E-03    7.7754920E-03
    3.8200000E-01    7.7237748E-03    7.7548886E-03
    3.8600000E-01    7.7029828E-03    7.7343414E-03
    3.9000000E-01    7.6822485E-03    7.7138505E-03
    3.9400000E-01    7.6615717E-03    7.6934157E-03
    3.9800000E-01    7.6409522E-03    7.6730367E-03
    4.0200000E-01    7.6203899E-03    7.6527135E-03
    4.0600000E-01    7.5998846E-03    7.6324459E-03
    4.1000000E-01    7.5794362E-03    7.6122337E-03
    4.1400000E-01    7.5590446E-03    7.5920769E-03
    4.1800000E-01    7.5387095E-03    7.5719752E-03
    4.2200000E-01    7.5184308E-03    7.5519285E-03
    4.2600000E-01    7.4982084E-03    7.5319367E-03
    4.3000000E-01    7.4780421E-03    7.5119997E-03
    4.3400000E-01    7.4579318E-03    7.4921172E-03
    4.3800000E-01    7.4378773E-03    7.4722891E-03
    4.4200000E-01    7.4178784E-03    7.4525154E-03
    4.4600000E-01    7.3979351E-03    7.4327957E-03
    4.5000000E-01    7.3780471E-03    7.4131301E-03
    4.5400000E-01    7.3582144E-03    7.3935184E-03
    4.5800000E-01    7.3384367E-03    7.3739603E-03
    4.6200000E-01    7.3187139E-03    7.3544559E-03
    4.6600000E-01    7.2990459E-03    7.3350049E-03
    4.7000000E-01    7.2794326E-03    7.3156071E-03
    4.7400000E-01    7.2598737E-03    7.2962625E-03
    4.7800000E-01    7.2403691E-03    7.2769710E-03
    4.8200000E-01    7.2209187E-03    7.2577323E-03
    4.8600000E-01    7.2015224E-03    7.2385463E-03
    4.9000000E-01    7.1821799E-03    7.2194129E-03
    4.9400000E-01    7.1628912E-03    7.2003320E-03
    4.9800000E-01    7.1436561E-03    7.1813034E-03
    5.0200000E-01    7.1244745E-03    7.1623269E-03
    5.0600000E-01    7.1053462E-03    7.1434025E-03
    5.1000000E-01    7.0862710E-03    7.1245300E-03
    5.1400000E-01    7.0672489E-03    7.1057093E-03
    5.1800000E-01    7.0482796E-03    7.0869402E-03
    5.2200000E-01    7.0293632E-03    7.0682225E-03
    5.2600000E-01    7.0104993E-03    7.0495563E-03
    5.3000000E-01    6.9916878E-03    7.0309412E-03
    5.3400000E-01    6.9729287E-03    7.0123772E-03
    5.3800000E-01    6.9542218E-03    6.9938642E-03
    5.4200000E-01    6.9355669E-03    6.9754020E-03
    5.4600000E-01    6.9169640E-03    6.9569904E-03
    5.5000000E-01    6.8984127E-03    6.9386294E-03
    5.5400000E-01    6.8799131E-03    6.9203188E-03
    5.5800000E-01    6.8614650E-03    6.9020585E-03
    5.6200000E-01    6.8430682E-03    6.8838483E-03
    5.6600000E-01    6.8247227E-03    6.8656882E-03
    5.7000000E-01    6.8064282E-03    6.8475779E-03
    5.7400000E-01    6.7881846E-03    6.8295173E-03
    5.7800000E-01    6.7699919E-03    6.8115064E-03
    5.8200000E-01    6.7518498E-03    6.7935450E-03
    5.8600000E-01    6.7337582E-03    6.7756329E-03
    5.9000000E-01    6.7157170E-03    6.7577700E-03
    5.9400000E-01    6.6977260E-03    6.7399563E-03
    5.9800000E-01    6.6797852E-03    6.7221915E-03
    6.0200000E-01    6.6618944E-03    6.7044755E-03
    6.0600000E-01    6.6440534E-03    6.6868082E-03
    6.1000000E-01    6.6262621E-03    6.6691895E-03
    6.1400000E-01    6.6085204E-03    6.6516193E-03
    6.1800000E-01    6.5908282E-03    6.6340974E-03
    6.2200000E-01    6.5731853E-03    6.6166237E-03
    6.2600000E-01    6.5555915E-03    6.5991980E-03
    6.3000000E-01    6.5380469E-03    6.5818203E-03
    6.3400000E-01    6.5205511E-03    6.5644904E-03
    6.3800000E-01    6.5031041E-03    6.5472082E-03
    6.4200000E-01    6.4857058E-03    6.5299736E-03
    6.4600000E-01    6.4683560E-03    6.5127864E-03
    6.5000000E-01    6.4510547E-03    6.4956465E-03
    6.5400000E-01    6.4338016E-03    6.4785537E-03
    6.5800000E-01    6.4165966E-03    6.4615081E-03
    6.6200000E-01    6.3994396E-03    6.4445094E-03
    6.6600000E-01    6.3823306E-03    6.4275575E-03
    6.7000000E-01    6.3652692E-03    6.4106523E-03
    6.7400000E-01    6.3482556E-03    6.3937937E-03
    6.7800000E-01    6.3312894E-03    6.3769815E-03
    6.8200000E-01    6.3143706E-03    6.3602156E-03
    6.8600000E-01    6.2974990E-03    6.3434959E-03
    6.9000000E-01    6.2806745E-03    6.3268224E-03
    6.9400000E-01    6.2638971E-03    6.3101947E-03
    6.9800000E-01    6.2471665E-03    6.2936130E-03
    7.0200000E-01    6.2304826E-03    6.2770769E-03
    7.0600000E-01    6.2138454E-03    6.2605864E-03
    7.1000000E-01    6.1972547E-03    6.2441414E-03
    7.1400000E-01    6.1807103E-03    6.2277418E-03
    7.1800000E-01    6.1642122E-03    6.2113874E-03
    7.2200000E-01    6.1477602E-03    6.1950781E-03
    7.2600000E-01    6.1313542E-03    6.1788138E-03
    7.3000000E-01    6.1149941E-03    6.1625944E-03
    7.3400000E-01    6.0986797E-03    6.1464198E-03
    7.3800000E-01    6.0824109E-03    6.1302898E-03
    7.4200000E-01    6.0661877E-03    6.1142044E-03
    7.4600000E-01    6.0500098E-03    6.0981633E-03
    7.5000000E-01    6.0338773E-03    6.0821666E-03
    7.5400000E-01    6.0177898E-03    6.0662140E-03
    7.5800000E-01    6.0017474E-03    6.0503055E-03
    7.6200000E-01    5.9857499E-03    6.0344409E-03
    7.6600000E-01    5.9697972E-03    6.0186202E-03
    7.7000000E-01    5.9538891E-03    6.0028432E-03
    7.7400000E-01    5.9380256E-03    5.9871098E-03
    7.7800000E-01    5.9222065E-03    5.9714199E-03
    7.8200000E-01    5.9064317E-03    5.9557733E-03
    7.8600000E-01    5.8907011E-03    5.9401701E-03
    7.9000000E-01    5.8750146E-03    5.9246099E-03
    7.9400000E-01    5.8593720E-03    5.9090928E-03
    7.9800000E-01    5.8437733E-03    5.8936186E-03
    8.0200000E-01    5.8282183E-03    5.8781873E-03
    8.0600000E-01    5.8127068E-03    5.8627986E-03
    8.1000000E-01    5.7972389E-03    5.8474525E-03
    8.1400000E-01    5.7818144E-03    5.8321488E-03
    8.1800000E-01    5.7664331E-03    5.8168876E-03
    8.2200000E-01    5.7510949E-03    5.8016686E-03
    8.2600000E-01    5.7357998E-03    5.7864917E-03
    8.3000000E-01    5.7205476E-03    5.7713568E-03
    8.3400000E-01    5.7053381E-03    5.7562639E-03
    8.3800000E-01    5.6901714E-03    5.7412128E-03
    8.4200000E-01    5.6750472E-03    5.7262034E-03
    8.4600000E-01    5.6599655E-03    5.7112355E-03
    8.5000000E-01    5.6449261E-03    5.6963092E-03
    8.5400000E-01    5.6299290E-03    5.6814242E-03
    8.5800000E-01    5.6149740E-03    5.6665805E-03
    8.6200000E-01    5.6000610E-03    5.6517779E-03
    8.6600000E-01    5.5851898E-03    5.6370164E-03
    8.7000000E-01    5.5703605E-03    5.6222958E-03
    8.7400000E-01    5.5555728E-03    5.6076161E-03
    8.7800000E-01    5.5408267E-03    5.5929771E-03
    8.8200000E-01    5.5261220E-03    5.5783787E-03
    8.8600000E-01    5.5114587E-03    5.5638208E-03
    8.9000000E-01    5.4968366E-03    5.5493033E-03
    8.9400000E-01    5.4822557E-03    5.5348262E-03
    8.9800000E-01    5.4677157E-03    5.5203892E-03
    9.0200000E-01    5.4532166E-03    5.5059923E-03
    9.0600000E-01    5.4387584E-03    5.4916354E-03
    9.1000000E-01    5.4243408E-03    5.4773184E-03
    9.1400000E-01    5.4099638E-03    5.4630412E-03
    9.1800000E-01    5.3956273E-03    5.4488036E-03
    9.2200000E-01    5.3813311E-03    5.4346057E-03
    9.2600000E-01    5.3670752E-03    5.4204471E-03
    9.3000000E-01    5.3528594E-03    5.4063280E-03
    9.3400000E-01    5.3386837E-03    5.3922481E-03
    9.3800000E-01    5.3245479E-03    5.3782074E-03
    9.4200000E-01    5.3104519E-03    5.3642057E-03
    9.4600000E-01    5.2963957E-03    5.3502430E-03
    9.5000000E-01    5.2823791E-03    5.3363191E-03
    9.5400000E-01    5.2684020E-03    5.3224340E-03
    9.5800000E-01    5.2544643E-03    5.3085876E-03
    9.6200000E-01    5.2405659E-03    5.2947797E-03
    9.6600000E-01    5.2267067E-03    5.2810102E-03
    9.7000000E-01    5.2128866E-03    5.2672792E-03
    9.7400000E-01    5.1991055E-03    5.2535863E-03
    9.7800000E-01    5.1853633E-03    5.2399316E-03
    9.8200000E-01    5.1716599E-03    5.2263150E-03
    9.8600000E-01    5.1579951E-03    5.2127363E-03
    9.9000000E-01    5.1443690E-03    5.1991954E-03
    9.9400000E-01    5.1307813E-03    5.1856924E-03
    9.9800000E-01    5.1172320E-03    5.1722269E-03
    1.0020000E+00    5.1037209E-03    5.1587991E-03
    1.0060000E+00    5.0902481E-03    5.1454087E-03
    1.0100000E+00    5.0768133E-03    5.1320556E-03
    1.0140000E+00    5.0634165E-03    5.1187399E-03
    1.0180000E+00    5.0500575E-03    5.1054613E-03
    1.0220000E+00    5.0367364E-03    5.0922197E-03
    1.0260000E+00    5.0234529E-03    5.0790152E-03
    1.0300000E+00    5.0102070E-03    5.0658475E-03
    1.0340000E+00    4.9969985E-03    5.0527166E-03
    1.0380000E+00    4.9838275E-03    5.0396224E-03
    1.0420000E+00    4.9706937E-03    5.0265648E-03
    1.0460000E+00    4.9575970E-03    5.0135437E-03
    1.0500000E+00    4.9445375E-03    5.0005590E-03
    1.0540000E+00    4.9315150E-03    4.9876107E-03
    1.0580000E+00    4.9185293E-03    4.9746985E-03
    1.0620000E+00    4.9055804E-03    4.9618224E-03
    1.0660000E+00    4.8926682E-03    4.9489824E-03
    1.0700000E+00    4.8797926E-03    4.9361783E-03
    1.0740000E+00    4.8669535E-03    4.9234101E-03
    1.0780000E+00    4.8541508E-03    4.9106776E-03
    1.0820000E+00    4.8413844E-03    4.8979808E-03
    1.0860000E+00    4.8286542E-03    4.8853195E-03
    1.0900000E+00    4.8159601E-03    4.8726937E-03
    1.0940000E+00    4.8033021E-03    4.8601033E-03
    1.0980000E+00    4.7906799E-03    4.8475482E-03
    1.1020000E+00    4.7780936E-03    4.8350282E-03
    1.1060000E+00    4.7655431E-03    4.8225434E-03
    1.1100000E+00    4.7530281E-03    4.8100936E-03
    1.1140000E+00    4.7405487E-03    4.7976787E-03
    1.1180000E+00    4.7281048E-03    4.7852986E-03
    1.1220000E+00    4.7156962E-03    4.7729533E-03
    1.1260000E+00    4.7033229E-03    4.7606427E-03
    1.1300000E+00    4.6909848E-03    4.7483666E-03
    1.1340000E+00    4.6786817E-03    4.7361250E-03
    1.1380000E+00    4.6664137E-03    4.7239177E-03
    1.1420000E+00    4.6541805E-03    4.7117448E-03
    1.1460000E+00    4.6419822E-03    4.6996061E-03
    1.1500000E+00    4.6298185E-03    4.6875015E-03
    1.1540000E+00    4.6176895E-03    4.6754309E-03
    1.1580000E+00    4.6055950E-03    4.6633943E-03
    1.1620000E+00    4.5935350E-03    4.6513915E-03
    1.1660000E+00    4.5815093E-03    4.6394225E-03
    1.1700000E+00    4.5695178E-03    4.6274872E-03
    1.1740000E+00    4.5575606E-03    4.6155855E-03
    1.1780000E+00    4.5456374E-03    4.6037173E-03
    1.1820000E+00    4.5337482E-03    4.5918825E-03
    1.1860000E+00    4.5218929E-03    4.5800811E-03
    1.1900000E+00    4.5100714E-03    4.5683129E-03
    1.1940000E+00    4.4982837E-03    4.5565778E-03
    1.1980000E+00    4.4865296E-03    4.5448759E-03
    1.2020000E+00    4.4748090E-03    4.5332069E-03
    1.2060000E+00    4.4631219E-03    4.5215709E-03
    1.2100000E+00    4.4514682E-03    4.5099676E-03
    1.2140000E+00    4.4398478E-03    4.4983972E-03
    1.2180000E+00    4.4282605E-03    4.4868593E-03
    1.2220000E+00    4.4167064E-03    4.4753541E-03
    1.2260000E+00    4.4051853E-03    4.4638813E-03
    1.2300000E+00    4.3936972E-03    4.4524410E-03
    1.2340000E+00    4.3822419E-03    4.4410329E-03
    1.2380000E+00    4.3708193E-03    4.4296571E-03
    1.2420000E+00    4.3594295E-03    4.4183135E-03
    1.2460000E+00    4.3480722E-03    4.4070019E-03
    1.2500000E+00    4.3367475E-03    4.3957223E-03
    1.2540000E+00    4.3254551E-03    4.3844747E-03
    1.2580000E+00    4.3141952E-03    4.3732588E-03
    1.2620000E+00    4.3029675E-03    4.3620747E-03
    1.2660000E+00    4.2917719E-03    4.3509223E-03
    1.2700000E+00    4.2806085E-03    4.3398015E-03
    1.2740000E+00    4.2694770E-03    4.3287121E-03
    1.2780000E+00    4.2583775E-03    4.3176542E-03
    1.2820000E+00    4.2473098E-03    4.3066276E-03
    1.2860000E+00    4.2362739E-03    4.2956323E-03
    1.2900000E+00    4.2252696E-03    4.2846682E-03
    1.2940000E+00    4.2142970E-03    4.2737351E-03
    1.2980000E+00    4.2033558E-03    4.2628331E-03
    1.3020000E+00    4.1924461E-03    4.2519621E-03
    1.3060000E+00    4.1815677E-03    4.2411219E-03
    1.3100000E+00    4.1707206E-03    4.2303124E-03
    1.3140000E+00    4.1599046E-03    4.2195337E-03
    1.3180000E+00    4.1491198E-03    4.2087856E-03
    1.3220000E+00    4.1383660E-03    4.1980681E-03
    1.3260000E+00    4.1276431E-03    4.1873810E-03
    1.3300000E+00    4.1169511E-03    4.1767243E-03
    1.3340000E+00    4.1062899E-03    4.1660980E-03
    1.3380000E+00    4.0956593E-03    4.1555019E-03
    1.3420000E+00    4.0850594E-03    4.1449359E-03
    1.3460000E+00    4.0744901E-03    4.1344000E-03
    1.3500000E+00    4.0639511E-03    4.1238942E-03
    1.3540000E+00    4.0534426E-03    4.1134182E-03
    1.3580000E+00    4.0429644E-03    4.1029722E-03
    1.3620000E+00    4.0325164E-03    4.0925559E-03
    1.3660000E+00    4.0220985E-03    4.0821693E-03
    1.3700000E+00    4.0117107E-03    4.0718123E-03
    1.3740000E+00    4.0013530E-03    4.0614849E-03
    1.3780000E+00    3.9910251E-03    4.0511869E-03
    1.3820000E+00    3.9807270E-03    4.0409184E-03
    1.3860000E+00    3.9704587E-03    4.0306792E-03
    1.3900000E+00    3.9602201E-03    4.0204692E-03
    1.3940000E+00    3.9500111E-03    4.0102885E-03
    1.3980000E+00    3.9398317E-03    4.0001368E-03
    1.4020000E+00    3.9296817E-03    3.9900141E-03
    1.4060000E+00    3.9195610E-03    3.9799205E-03
    1.4100000E+00    3.9094697E-03    3.9698557E-03
    1.4140000E+00    3.8994076E-03    3.9598197E-03
    1.4180000E+00    3.8893746E-03    3.9498124E-03
    1.4220000E+00    3.8793707E-03    3.9398338E-03
    1.4260000E+00    3.8693958E-03    3.9298838E-03
    1.4300000E+00    3.8594498E-03    3.9199624E-03
    1.4340000E+00    3.8495327E-03    3.9100693E-03
    1.4380000E+00    3.8396444E-03    3.9002047E-03
    1.4420000E+00    3.8297847E-03    3.8903683E-03
    1.4460000E+00    3.8199537E-03    3.8805602E-03
    1.4500000E+00    3.8101512E-03    3.8707803E-03
    1.4540000E+00    3.8003773E-03    3.8610284E-03
    1.4580000E+00    3.7906317E-03    3.8513046E-03
    1.4620000E+00    3.7809144E-03    3.8416087E-03
    1.4660000E+00    3.7712255E-03    3.8319406E-03
    1.4700000E+00    3.7615647E-03    3.8223004E-03
    1.4740000E+00    3.7519320E-03    3.8126879E-03
    1.4780000E+00    3.7423274E-03    3.8031031E-03
    1.4820000E+00    3.7327507E-03    3.7935459E-03
    1.4860000E+00    3.7232019E-03    3.7840162E-03
    1.4900000E+00    3.7136810E-03    3.7745140E-03
    1.4940000E+00    3.7041878E-03    3.7650392E-03
    1.4980000E+00    3.6947224E-03    3.7555917E-03
    1.5020000E+00    3.6852845E-03    3.7461714E-03
    1.5060000E+00    3.6758742E-03    3.7367783E-03
    1.5100000E+00    3.6664913E-03    3.7274123E-03
    1.5140000E+00    3.6571358E-03    3.7180734E-03
    1.5180000E+00    3.6478077E-03    3.7087615E-03
    1.5220000E+00    3.6385069E-03    3.6994764E-03
    1.5260000E+00    3.6292332E-03    3.6902182E-03
    1.5300000E+00    3.6199867E-03    3.6809868E-03
    1.5340000E+00    3.6107672E-03    3.6717821E-03
    1.5380000E+00    3.6015747E-03    3.6626040E-03
    1.5420000E+00    3.5924091E-03    3.6534526E-03
    1.5460000E+00    3.5832704E-03    3.6443276E-03
    1.5500000E+00    3.5741585E-03    3.6352290E-03
    1.5540000E+00    3.5650732E-03    3.6261569E-03
    1.5580000E+00    3.5560146E-03    3.6171110E-03
    1.5620000E+00    3.5469826E-03    3.6080914E-03
    1.5660000E+00    3.5379771E-03    3.5990980E-03
    1.5700000E+00    3.5289980E-03    3.5901306E-03
    1.5740000E+00    3.5200453E-03    3.5811894E-03
    1.5780000E+00    3.5111189E-03    3.5722741E-03
    1.5820000E+00    3.5022188E-03    3.5633847E-03
    1.5860000E+00    3.4933448E-03    3.5545212E-03
    1.5900000E+00    3.4844969E-03    3.5456834E-03
    1.5940000E+00    3.4756751E-03    3.5368714E-03
    1.5980000E+00    3.4668792E-03    3.5280851E-03
    1.6020000E+00    3.4581093E-03    3.5193243E-03
    1.6060000E+00    3.4493652E-03    3.5105891E-03
    1.6100000E+00    3.4406468E-03    3.5018793E-03
    1.6140000E+00    3.4319542E-03    3.4931950E-03
    1.6180000E+00    3.4232872E-03    3.4845360E-03
    1.6220000E+00    3.4146458E-03    3.4759022E-03
    1.6260000E+00    3.4060299E-03    3.4672937E-03
    1.6300000E+00    3.3974395E-03    3.4587104E-03
    1.6340000E+00    3.3888745E-03    3.4501521E-03
    1.6380000E+00    3.3803347E-03    3.4416189E-03
    1.6420000E+00    3.3718203E-03    3.4331106E-03
    1.6460000E+00    3.3633310E-03    3.4246272E-03
    1.6500000E+00    3.3548669E-03    3.4161687E-03
    1.6540000E+00    3.3464278E-03    3.4077349E-03
    1.6580000E+00    3.3380137E-03    3.3993259E-03
    1.6620000E+00    3.3296246E-03    3.3909415E-03
    1.6660000E+00    3.3212604E-03    3.3825818E-03
    1.6700000E+00    3.3129210E-03    3.3742465E-03
    1.6740000E+00    3.3046063E-03    3.3659358E-03
    1.6780000E+00    3.2963163E-03    3.3576494E-03
    1.6820000E+00    3.2880509E-03    3.3493874E-03
    1.6860000E+00    3.2798102E-03    3.3411498E-03
    1.6900000E+00    3.2715939E-03    3.3329363E-03
    1.6940000E+00    3.2634020E-03    3.3247470E-03
    1.6980000E+00    3.2552346E-03    3.3165819E-03
    1.7020000E+00    3.2470915E-03    3.3084407E-03
    1.7060000E+00    3.2389726E-03    3.3003236E-03
    1.7100000E+00    3.2308779E-03    3.2922305E-03
    1.7140000E+00    3.2228074E-03    3.2841612E-03
    1.7180000E+00    3.2147609E-03    3.2761157E-03
    1.7220000E+00    3.2067385E-03    3.2680940E-03
    1.7260000E+00    3.1987400E-03    3.2600960E-03
    1.7300000E+00    3.1907654E-03    3.2521216E-03
    1.7340000E+00    3.1828147E-03    3.2441708E-03
    1.7380000E+00    3.1748877E-03    3.2362436E-03
    1.7420000E+00    3.1669844E-03    3.2283398E-03
    1.7460000E+00    3.1591048E-03    3.2204595E-03
    1.7500000E+00    3.1512489E-03    3.2126025E-03
    1.7540000E+00    3.1434164E-03    3.2047688E-03
    1.7580000E+00    3.1356074E-03    3.1969583E-03
    1.7620000E+00    3.1278219E-03    3.1891710E-03
    1.7660000E+00    3.1200597E-03    3.1814069E-03
    1.7700000E+00    3.1123209E-03    3.1736658E-03
    1.7740000E+00    3.1046052E-03    3.1659478E-03
    1.7780000E+00    3.0969128E-03    3.1582527E-03
    1.7820000E+00    3.0892435E-03    3.1505805E-03
    1.7860000E+00    3.0815973E-03    3.1429311E-03
    1.7900000E+00    3.0739741E-03    3.1353046E-03
    1.7940000E+00    3.0663739E-03    3.1277008E-03
    1.7980000E+00    3.0587966E-03    3.1201196E-03
    1.8020000E+00    3.0512421E-03    3.1125611E-03
    1.8060000E+00    3.0437104E-03    3.1050252E-03
    1.8100000E+00    3.0362015E-03    3.0975118E-03
    1.8140000E+00    3.0287152E-03    3.0900208E-03
    1.8180000E+00    3.0212516E-03    3.0825523E-03
    1.8220000E+00    3.0138105E-03    3.0751061E-03
    1.8260000E+00    3.0063919E-03    3.0676822E-03
    1.8300000E+00    2.9989958E-03    3.0602806E-03
    1.8340000E+00    2.9916221E-03    3.0529011E-03
    1.8380000E+00    2.9842707E-03    3.0455438E-03
    1.8420000E+00    2.9769416E-03    3.0382085E-03
    1.8460000E+00    2.9696348E-03    3.0308953E-03
    1.8500000E+00    2.9623501E-03    3.0236041E-03
    1.8540000E+00    2.9550876E-03    3.0163348E-03
    1.8580000E+00    2.9478472E-03    3.0090874E-03
    1.8620000E+00    2.9406287E-03    3.0018618E-03
    1.8660000E+00    2.9334322E-03    2.9946579E-03
    1.8700000E+00    2.9262577E-03    2.9874758E-03
    1.8740000E+00    2.9191049E-03    2.9803153E-03
    1.8780000E+00    2.9119740E-03    2.9731764E-03
    1.8820000E+00    2.9048649E-03    2.9660591E-03
    1.8860000E+00    2.8977774E-03    2.9589633E-03
    1.8900000E+00    2.8907116E-03    2.9518890E-03
    1.8940000E+00    2.8836673E-03    2.9448360E-03
    1.8980000E+00    2.8766446E-03    2.9378044E-03
    1.9020000E+00    2.8696434E-03    2.9307942E-03
    1.9060000E+00    2.8626636E-03    2.9238051E-03
    1.9100000E+00    2.8557052E-03    2.9168373E-03
    1.9140000E+00    2.8487681E-03    2.9098906E-03
    1.9180000E+00    2.8418523E-03    2.9029650E-03
    1.9220000E+00    2.8349577E-03    2.8960604E-03
    1.9260000E+00    2.8280843E-03    2.8891768E-03
    1.9300000E+00    2.8212320E-03    2.8823142E-03
    1.9340000E+00    2.8144007E-03    2.8754725E-03
    1.9380000E+00    2.8075905E-03    2.8686516E-03
    1.9420000E+00    2.8008013E-03    2.8618515E-03
    1.9460000E+00    2.7940330E-03    2.8550722E-03
    1.9500000E+00    2.7872855E-03    2.8483136E-03
    1.9540000E+00    2.7805588E-03    2.8415756E-03
    1.9580000E+00    2.7738529E-03    2.8348582E-03
    1.9620000E+00    2.7671678E-03    2.8281614E-03
    1.9660000E+00    2.7605032E-03    2.8214851E-03
    1.9700000E+00    2.7538593E-03    2.8148292E-03
    1.9740000E+00    2.7472360E-03    2.8081937E-03
    1.9780000E+00    2.7406332E-03    2.8015786E-03
    1.9820000E+00    2.7340508E-03    2.7949838E-03
    1.9860000E+00    2.7274889E-03    2.7884092E-03
    1.9900000E+00    2.7209473E-03    2.7818549E-03
    1.9940000E+00    2.7144260E-03    2.7753207E-03
    1.9980000E+00    2.7079250E-03    2.7688067E-03
    2.0020000E+00    2.7014442E-03    2.7623127E-03
    2.0060000E+00    2.6949836E-03    2.7558387E-03
    2.0100000E+00    2.6885432E-03    2.7493847E-03
    2.0140000E+00    2.6821227E-03    2.7429507E-03
    2.0180000E+00    2.6757223E-03    2.7365365E-03
    2.0220000E+00    2.6693419E-03    2.7301421E-03
    2.0260000E+00    2.6629815E-03    2.7237676E-03
    2.0300000E+00    2.6566409E-03    2.7174128E-03
    2.0340000E+00    2.6503201E-03    2.7110777E-03
    2.0380000E+00    2.6440191E-03    2.7047622E-03
    2.0420000E+00    2.6377379E-03    2.6984663E-03
    2.0460000E+00    2.6314763E-03    2.6921900E-03
    2.0500000E+00    2.6252344E-03    2.6859332E-03
    2.0540000E+00    2.6190121E-03    2.6796959E-03
    2.0580000E+00    2.6128094E-03    2.6734780E-03
    2.0620000E+00    2.6066261E-03    2.6672795E-03
    2.0660000E+00    2.6004624E-03    2.6611003E-03
    2.0700000E+00    2.5943180E-03    2.6549404E-03
    2.0740000E+00    2.5881930E-03    2.6487997E-03
    2.0780000E+00    2.5820873E-03    2.6426782E-03
    2.0820000E+00    2.5760009E-03    2.6365759E-03
    2.0860000E+00    2.5699337E-03    2.6304927E-03
    2.0900000E+00    2.5638857E-03    2.6244285E-03
    2.0940000E+00    2.5578569E-03    2.6183834E-03
    2.0980000E+00    2.5518471E-03    2.6123573E-03
    2.1020000E+00    2.5458564E-03    2.6063500E-03
    2.1060000E+00    2.5398847E-03    2.6003617E-03
    2.1100000E+00    2.5339320E-03    2.5943922E-03
    2.1140000E+00    2.5279982E-03    2.5884415E-03
    2.1180000E+00    2.5220832E-03    2.5825096E-03
    2.1220000E+00    2.5161871E-03    2.5765963E-03
    2.1260000E+00    2.5103097E-03    2.5707018E-03
    2.1300000E+00    2.5044511E-03    2.5648259E-03
    2.1340000E+00    2.4986112E-03    2.5589685E-03
    2.1380000E+00    2.4927899E-03    2.5531297E-03
    2.1420000E+00    2.4869872E-03    2.5473094E-03
    2.1460000E+00    2.4812031E-03    2.5415076E-03
    2.1500000E+00    2.4754376E-03    2.5357242E-03
    2.1540000E+00    2.4696904E-03    2.5299591E-03
    2.1580000E+00    2.4639618E-03    2.5242124E-03
    2.1620000E+00    2.4582515E-03    2.5184840E-03
    2.1660000E+00    2.4525596E-03    2.5127738E-03
    2.1700000E+00    2.4468859E-03    2.5070818E-03
    2.1740000E+00    2.4412306E-03    2.5014080E-03
    2.1780000E+00    2.4355934E-03    2.4957523E-03
    2.1820000E+00    2.4299744E-03    2.4901147E-03
    2.1860000E+00    2.4243736E-03    2.4844952E-03
    2.1900000E+00    2.4187909E-03    2.4788936E-03
    2.1940000E+00    2.4132262E-03    2.4733100E-03
    2.1980000E+00    2.4076795E-03    2.4677443E-03
    2.2020000E+00    2.4021508E-03    2.4621965E-03
    2.2060000E+00    2.3966400E-03    2.4566666E-03
    2.2100000E+00    2.3911471E-03    2.4511544E-03
    2.2140000E+00    2.3856720E-03    2.4456600E-03
    2.2180000E+00    2.3802148E-03    2.4401833E-03
    2.2220000E+00    2.3747753E-03    2.4347243E-03
    2.2260000E+00    2.3693535E-03    2.4292829E-03
    2.2300000E+00    2.3639494E-03    2.4238591E-03
    2.2340000E+00    2.3585630E-03    2.4184529E-03
    2.2380000E+00    2.3531942E-03    2.4130642E-03
    2.2420000E+00    2.3478429E-03    2.4076930E-03
    2.2460000E+00    2.3425091E-03    2.4023392E-03
    2.2500000E+00    2.3371928E-03    2.3970029E-03
    2.2540000E+00    2.3318940E-03    2.3916839E-03
    2.2580000E+00    2.3266125E-03    2.3863822E-03
    2.2620000E+00    2.3213484E-03    2.3810978E-03
    2.2660000E+00    2.3161017E-03    2.3758306E-03
    2.2700000E+00    2.3108722E-03    2.3705807E-03
    2.2740000E+00    2.3056600E-03    2.3653479E-03
    2.2780000E+00    2.3004649E-03    2.3601323E-03
    2.2820000E+00    2.2952871E-03    2.3549338E-03
    2.2860000E+00    2.2901263E-03    2.3497523E-03
    2.2900000E+00    2.2849827E-03    2.3445878E-03
    2.2940000E+00    2.2798561E-03    2.3394404E-03
    2.2980000E+00    2.2747465E-03    2.3343098E-03
    2.3020000E+00    2.2696538E-03    2.3291962E-03
    2.3060000E+00    2.2645782E-03    2.3240994E-03
    2.3100000E+00    2.2595194E-03    2.3190195E-03
    2.3140000E+00    2.2544774E-03    2.3139564E-03
    2.3180000E+00    2.2494523E-03    2.3089100E-03
    2.3220000E+00    2.2444440E-03    2.3038804E-03
    2.3260000E+00    2.2394524E-03    2.2988674E-03
    2.3300000E+00    2.2344775E-03    2.2938711E-03
    2.3340000E+00    2.2295193E-03    2.2888914E-03
    2.3380000E+00    2.2245777E-03    2.2839283E-03
    2.3420000E+00    2.2196527E-03    2.2789818E-03
    2.3460000E+00    2.2147443E-03    2.2740517E-03
    2.3500000E+00    2.2098524E-03    2.2691381E-03
    2.3540000E+00    2.2049770E-03    2.2642409E-03
    2.3580000E+00    2.2001180E-03    2.2593602E-03
    2.3620000E+00    2.1952755E-03    2.2544957E-03
    2.3660000E+00    2.1904493E-03    2.2496477E-03
    2.3700000E+00    2.1856395E-03    2.2448159E-03
    2.3740000E+00    2.1808459E-03    2.2400003E-03
    2.3780000E+00    2.1760687E-03    2.2352010E-03
    2.3820000E+00    2.1713076E-03    2.2304179E-03
    2.3860000E+00    2.1665628E-03    2.2256509E-03
    2.3900000E+00    2.1618341E-03    2.2209001E-03
    2.3940000E+00    2.1571216E-03    2.2161653E-03
    2.3980000E+00    2.1524251E-03    2.2114466E-03
    2.4020000E+00    2.1477447E-03    2.2067439E-03
    2.4060000E+00    2.1430803E-03    2.2020571E-03
    2.4100000E+00    2.1384319E-03    2.1973864E-03
    2.4140000E+00    2.1337995E-03    2.1927315E-03
    2.4180000E+00    2.1291830E-03    2.1880925E-03
    2.4220000E+00    2.1245823E-03    2.1834693E-03
    2.4260000E+00    2.1199975E-03    2.1788620E-03
    2.4300000E+00    2.1154285E-03    2.1742704E-03
    2.4340000E+00    2.1108753E-03    2.1696946E-03
    2.4380000E+00    2.1063379E-03    2.1651345E-03
    2.4420000E+00    2.1018161E-03    2.1605900E-03
    2.4460000E+00    2.0973100E-03    2.1560612E-03
    2.4500000E+00    2.0928196E-03    2.1515480E-03
    2.4540000E+00    2.0883447E-03    2.1470504E-03
    2.4580000E+00    2.0838855E-03    2.1425684E-03
    2.4620000E+00    2.0794418E-03    2.1381018E-03
    2.4660000E+00    2.0750136E-03    2.1336507E-03
    2.4700000E+00    2.0706008E-03    2.1292151E-03
    2.4740000E+00    2.0662036E-03    2.1247949E-03
    2.4780000E+00    2.0618217E-03    2.1203901E-03
    2.4820000E+00    2.0574552E-03    2.1160006E-03
    2.4860000E+00    2.0531040E-03    2.1116265E-03
    2.4900000E+00    2.0487682E-03    2.1072676E-03
    2.4940000E+00    2.0444476E-03    2.1029240E-03
    2.4980000E+00    2.0401423E-03    2.0985956E-03
    2.5020000E+00    2.0358522E-03    2.0942824E-03
    2.5060000E+00    2.0315772E-03    2.0899844E-03
    2.5100000E+00    2.0273175E-03    2.0857014E-03
    2.5140000E+00    2.0230728E-03    2.0814336E-03
    2.5180000E+00    2.0188432E-03    2.0771809E-03
    2.5220000E+00    2.0146287E-03    2.0729432E-03
    2.5260000E+00    2.0104292E-03    2.0687205E-03
    2.5300000E+00    2.0062447E-03    2.0645128E-03
    2.5340000E+00    2.0020752E-03    2.0603200E-03
    2.5380000E+00    1.9979205E-03    2.0561421E-03
    2.5420000E+00    1.9937808E-03    2.0519791E-03
    2.5460000E+00    1.9896560E-03    2.0478310E-03
    2.5500000E+00    1.9855460E-03    2.0436977E-03
    2.5540000E+00    1.9814507E-03    2.0395792E-03
    2.5580000E+00    1.9773703E-03    2.0354755E-03
    2.5620000E+00    1.9733046E-03    2.0313864E-03
    2.5660000E+00    1.9692536E-03    2.0273121E-03
    2.5700000E+00    1.9652173E-03    2.0232525E-03
    2.5740000E+00    1.9611957E-03    2.0192075E-03
    2.5780000E+00    1.9571887E-03    2.0151771E-03
    2.5820000E+00    1.9531962E-03    2.0111613E-03
    2.5860000E+00    1.9492184E-03    2.0071601E-03
    2.5900000E+00    1.9452550E-03    2.0031734E-03
    2.5940000E+00    1.9413062E-03    1.9992011E-03
    2.5980000E+00    1.9373718E-03    1.9952434E-03
    2.6020000E+00    1.9334519E-03    1.9913001E-03
    2.6060000E+00    1.9295464E-03    1.9873712E-03
    2.6100000E+00    1.9256553E-03    1.9834567E-03
    2.6140000E+00    1.9217785E-03    1.9795565E-03
    2.6180000E+00    1.9179161E-03    1.9756707E-03
    2.6220000E+00    1.9140680E-03    1.9717992E-03
    2.6260000E+00    1.9102341E-03    1.9679419E-03
    2.6300000E+00    1.9064145E-03    1.9640989E-03
    2.6340000E+00    1.9026091E-03    1.9602701E-03
    2.6380000E+00    1.8988178E-03    1.9564555E-03
    2.6420000E+00    1.8950407E-03    1.9526550E-03
    2.6460000E+00    1.8912778E-03    1.9488687E-03
    2.6500000E+00    1.8875289E-03    1.9450965E-03
    2.6540000E+00    1.8837942E-03    1.9413383E-03
    2.6580000E+00    1.8800734E-03    1.9375942E-03
    2.6620000E+00    1.8763667E-03    1.9338641E-03
    2.6660000E+00    1.8726740E-03    1.9301480E-03
    2.6700000E+00    1.8689952E-03    1.9264459E-03
    2.6740000E+00    1.8653303E-03    1.9227577E-03
    2.6780000E+00    1.8616794E-03    1.9190834E-03
    2.6820000E+00    1.8580423E-03    1.9154231E-03
    2.6860000E+00    1.8544191E-03    1.9117765E-03
    2.6900000E+00    1.8508097E-03    1.9081438E-03
    2.6940000E+00    1.8472141E-03    1.9045250E-03
    2.6980000E+00    1.8436323E-03    1.9009199E-03
    2.7020000E+00    1.8400642E-03    1.8973285E-03
    2.7060000E+00    1.8365098E-03    1.8937509E-03
    2.7100000E+00    1.8329692E-03    1.8901870E-03
    2.7140000E+00    1.8294421E-03    1.8866367E-03
    2.7180000E+00    1.8259287E-03    1.8831001E-03
    2.7220000E+00    1.8224290E-03    1.8795772E-03
    2.7260000E+00    1.8189428E-03    1.8760678E-03
    2.7300000E+00    1.8154701E-03    1.8725720E-03
    2.7340000E+00    1.8120110E-03    1.8690898E-03
    2.7380000E+00    1.8085654E-03    1.8656210E-03
    2.7420000E+00    1.8051333E-03    1.8621658E-03
    2.7460000E+00    1.8017146E-03    1.8587240E-03
    2.7500000E+00    1.7983094E-03    1.8552957E-03
    2.7540000E+00    1.7949175E-03    1.8518809E-03
    2.7580000E+00    1.7915391E-03    1.8484794E-03
    2.7620000E+00    1.7881739E-03    1.8450912E-03
    2.7660000E+00    1.7848222E-03    1.8417165E-03
    2.7700000E+00    1.7814837E-03    1.8383550E-03
    2.7740000E+00    1.7781585E-03    1.8350069E-03
    2.7780000E+00    1.7748465E-03    1.8316720E-03
    2.7820000E+00    1.7715478E-03    1.8283504E-03
    2.7860000E+00    1.7682622E-03    1.8250420E-03
    2.7900000E+00    1.7649899E-03    1.8217468E-03
    2.7940000E+00    1.7617307E-03    1.8184648E-03
    2.7980000E+00    1.7584846E-03    1.8151959E-03
    2.8020000E+00    1.7552516E-03    1.8119402E-03
    2.8060000E+00    1.7520317E-03    1.8086976E-03
    2.8100000E+00    1.7488249E-03    1.8054681E-03
    2.8140000E+00    1.7456311E-03    1.8022516E-03
    2.8180000E+00    1.7424503E-03    1.7990481E-03
    2.8220000E+00    1.7392825E-03    1.7958577E-03
    2.8260000E+00    1.7361276E-03    1.7926803E-03
    2.8300000E+00    1.7329857E-03    1.7895158E-03
    2.8340000E+00    1.7298567E-03    1.7863643E-03
    2.8380000E+00    1.7267406E-03    1.7832257E-03
    2.8420000E+00    1.7236373E-03    1.7801000E-03
    2.8460000E+00    1.7205469E-03    1.7769871E-03
    2.8500000E+00    1.7174694E-03    1.7738872E-03
    2.8540000E+00    1.7144046E-03    1.7708000E-03
    2.8580000E+00    1.7113525E-03    1.7677257E-03
    2.8620000E+00    1.7083133E-03    1.7646641E-03
    2.8660000E+00    1.7052867E-03    1.7616153E-03
    2.8700000E+00    1.7022729E-03    1.7585793E-03
    2.8740000E+00    1.6992718E-03    1.7555559E-03
    2.8780000E+00    1.6962833E-03    1.7525453E-03
    2.8820000E+00    1.6933074E-03    1.7495473E-03
    2.8860000E+00    1.6903442E-03    1.7465620E-03
    2.8900000E+00    1.6873935E-03    1.7435894E-03
    2.8940000E+00    1.6844555E-03    1.7406293E-03
    2.8980000E+00    1.6815300E-03    1.7376818E-03
    2.9020000E+00    1.6786170E-03    1.7347469E-03
    2.9060000E+00    1.6757165E-03    1.7318245E-03
    2.9100000E+00    1.6728285E-03    1.7289147E-03
    2.9140000E+00    1.6699529E-03    1.7260174E-03
    2.9180000E+00    1.6670898E-03    1.7231325E-03
    2.9220000E+00    1.6642391E-03    1.7202601E-03
    2.9260000E+00    1.6614009E-03    1.7174002E-03
    2.9300000E+00    1.6585750E-03    1.7145526E-03
    2.9340000E+00    1.6557614E-03    1.7117175E-03
    2.9380000E+00    1.6529602E-03    1.7088948E-03
    2.9420000E+00    1.6501713E-03    1.7060844E-03
    2.9460000E+00    1.6473947E-03    1.7032863E-03
    2.9500000E+00    1.6446303E-03    1.7005005E-03
    2.9540000E+00    1.6418782E-03    1.6977271E-03
    2.9580000E+00    1.6391384E-03    1.6949659E-03
    2.9620000E+00    1.6364107E-03    1.6922170E-03
    2.9660000E+00    1.6336953E-03    1.6894803E-03
    2.9700000E+00    1.6309920E-03    1.6867559E-03
    2.9740000E+00    1.6283009E-03    1.6840436E-03
    2.9780000E+00    1.6256218E-03    1.6813435E-03
    2.9820000E+00    1.6229549E-03    1.6786556E-03
    2.9860000E+00    1.6203001E-03    1.6759798E-03
    2.9900000E+00    1.6176574E-03    1.6733161E-03
    2.9940000E+00    1.6150267E-03    1.6706646E-03
    2.9980000E+00    1.6124080E-03    1.6680251E-03
    3.0020000E+00    1.6098014E-03    1.6653976E-03
    3.0060000E+00    1.6072067E-03    1.6627823E-03
    3.0100000E+00    1.6046240E-03    1.6601789E-03
    3.0140000E+00    1.6020533E-03    1.6575875E-03
    3.0180000E+00    1.5994945E-03    1.6550081E-03
    3.0220000E+00    1.5969476E-03    1.6524407E-03
    3.0260000E+00    1.5944126E-03    1.6498853E-03
    3.0300000E+00    1.5918895E-03    1.6473417E-03
    3.0340000E+00    1.5893782E-03    1.6448101E-03
    3.0380000E+00    1.5868788E-03    1.6422904E-03
    3.0420000E+00    1.5843912E-03    1.6397825E-03
    3.0460000E+00    1.5819153E-03    1.6372865E-03
    3.0500000E+00    1.5794513E-03    1.6348023E-03
    3.0540000E+00    1.5769991E-03    1.6323300E-03
    3.0580000E+00    1.5745585E-03    1.6298694E-03
    3.0620000E+00    1.5721297E-03    1.6274207E-03
    3.0660000E+00    1.5697127E-03    1.6249837E-03
    3.0700000E+00    1.5673073E-03    1.6225584E-03
    3.0740000E+00    1.5649135E-03    1.6201449E-03
    3.0780000E+00    1.5625315E-03    1.6177431E-03
    3.0820000E+00    1.5601610E-03    1.6153530E-03
    3.0860000E+00    1.5578022E-03    1.6129745E-03
    3.0900000E+00    1.5554550E-03    1.6106078E-03
    3.0940000E+00    1.5531194E-03    1.6082526E-03
    3.0980000E+00    1.5507953E-03    1.6059091E-03
    3.1020000E+00    1.5484828E-03    1.6035772E-03
    3.1060000E+00    1.5461818E-03    1.6012569E-03
    3.1100000E+00    1.5438924E-03    1.5989482E-03
    3.1140000E+00    1.5416144E-03    1.5966510E-03
    3.1180000E+00    1.5393479E-03    1.5943654E-03
    3.1220000E+00    1.5370929E-03    1.5920913E-03
    3.1260000E+00    1.5348493E-03    1.5898287E-03
    3.1300000E+00    1.5326172E-03    1.5875776E-03
    3.1340000E+00    1.5303964E-03    1.5853380E-03
    3.1380000E+00    1.5281871E-03    1.5831098E-03
    3.1420000E+00    1.5259891E-03    1.5808931E-03
    3.1460000E+00    1.5238025E-03    1.5786878E-03
    3.1500000E+00    1.5216273E-03    1.5764940E-03
    3.1540000E+00    1.5194634E-03    1.5743115E-03
    3.1580000E+00    1.5173108E-03    1.5721404E-03
    3.1620000E+00    1.5151695E-03    1.5699806E-03
    3.1660000E+00    1.5130395E-03    1.5678322E-03
    3.1700000E+00    1.5109207E-03    1.5656952E-03
    3.1740000E+00    1.5088132E-03    1.5635694E-03
    3.1780000E+00    1.5067169E-03    1.5614550E-03
    3.1820000E+00    1.5046319E-03    1.5593519E-03
    3.1860000E+00    1.5025580E-03    1.5572600E-03
    3.1900000E+00    1.5004954E-03    1.5551793E-03
    3.1940000E+00    1.4984439E-03    1.5531100E-03
    3.1980000E+00    1.4964036E-03    1.5510518E-03
    3.2020000E+00    1.4943744E-03    1.5490049E-03
    3.2060000E+00    1.4923563E-03    1.5469691E-03
    3.2100000E+00    1.4903494E-03    1.5449445E-03
    3.2140000E+00    1.4883535E-03    1.5429311E-03
    3.2180000E+00    1.4863688E-03    1.5409289E-03
    3.2220000E+00    1.4843951E-03    1.5389378E-03
    3.2260000E+00    1.4824324E-03    1.5369578E-03
    3.2300000E+00    1.4804808E-03    1.5349889E-03
    3.2340000E+00    1.4785402E-03    1.5330311E-03
    3.2380000E+00    1.4766106E-03    1.5310844E-03
    3.2420000E+00    1.4746920E-03    1.5291488E-03
    3.2460000E+00    1.4727844E-03    1.5272242E-03
    3.2500000E+00    1.4708878E-03    1.5253106E-03
    3.2540000E+00    1.4690021E-03    1.5234081E-03
    3.2580000E+00    1.4671274E-03    1.5215166E-03
    3.2620000E+00    1.4652635E-03    1.5196361E-03
    3.2660000E+00    1.4634106E-03    1.5177665E-03
    3.2700000E+00    1.4615686E-03    1.5159080E-03
    3.2740000E+00    1.4597375E-03    1.5140604E-03
    3.2780000E+00    1.4579172E-03    1.5122237E-03
    3.2820000E+00    1.4561078E-03    1.5103979E-03
    3.2860000E+00    1.4543092E-03    1.5085831E-03
    3.2900000E+00    1.4525215E-03    1.5067792E-03
    3.2940000E+00    1.4507445E-03    1.5049862E-03
    3.2980000E+00    1.4489784E-03    1.5032040E-03
    3.3020000E+00    1.4472231E-03    1.5014327E-03
    3.3060000E+00    1.4454785E-03    1.4996723E-03
    3.3100000E+00    1.4437447E-03    1.4979227E-03
    3.3140000E+00    1.4420216E-03    1.4961839E-03
    3.3180000E+00    1.4403093E-03    1.4944560E-03
    3.3220000E+00    1.4386077E-03    1.4927388E-03
    3.3260000E+00    1.4369168E-03    1.4910324E-03
    3.3300000E+00    1.4352366E-03    1.4893368E-03
    3.3340000E+00    1.4335671E-03    1.4876520E-03
    3.3380000E+00    1.4319083E-03    1.4859779E-03
    3.3420000E+00    1.4302601E-03    1.4843146E-03
    3.3460000E+00    1.4286226E-03    1.4826619E-03
    3.3500000E+00    1.4269957E-03    1.4810200E-03
    3.3540000E+00    1.4253794E-03    1.4793888E-03
    3.3580000E+00    1.4237738E-03    1.4777683E-03
    3.3620000E+00    1.4221787E-03    1.4761585E-03
    3.3660000E+00    1.4205942E-03    1.4745593E-03
    3.3700000E+00    1.4190203E-03    1.4729708E-03
    3.3740000E+00    1.4174570E-03    1.4713930E-03
    3.3780000E+00    1.4159042E-03    1.4698258E-03
    3.3820000E+00    1.4143620E-03    1.4682691E-03
    3.3860000E+00    1.4128303E-03    1.4667231E-03
    3.3900000E+00    1.4113091E-03    1.4651878E-03
    3.3940000E+00    1.4097984E-03    1.4636629E-03
    3.3980000E+00    1.4082982E-03    1.4621487E-03
    3.4020000E+00    1.4068085E-03    1.4606451E-03
    3.4060000E+00    1.4053293E-03    1.4591519E-03
    3.4100000E+00    1.4038605E-03    1.4576694E-03
    3.4140000E+00    1.4024022E-03    1.4561973E-03
    3.4180000E+00    1.4009544E-03    1.4547358E-03
    3.4220000E+00    1.3995169E-03    1.4532848E-03
    3.4260000E+00    1.3980899E-03    1.4518444E-03
    3.4300000E+00    1.3966733E-03    1.4504144E-03
    3.4340000E+00    1.3952670E-03    1.4489948E-03
    3.4380000E+00    1.3938712E-03    1.4475858E-03
    3.4420000E+00    1.3924857E-03    1.4461872E-03
    3.4460000E+00    1.3911107E-03    1.4447991E-03
    3.4500000E+00    1.3897459E-03    1.4434214E-03
    3.4540000E+00    1.3883915E-03    1.4420541E-03
    3.4580000E+00    1.3870475E-03    1.4406973E-03
    3.4620000E+00    1.3857137E-03    1.4393508E-03
    3.4660000E+00    1.3843903E-03    1.4380148E-03
    3.4700000E+00    1.3830772E-03    1.4366891E-03
    3.4740000E+00    1.3817744E-03    1.4353739E-03
    3.4780000E+00    1.3804819E-03    1.4340690E-03
    3.4820000E+00    1.3791996E-03    1.4327745E-03
    3.4860000E+00    1.3779277E-03    1.4314903E-03
    3.4900000E+00    1.3766659E-03    1.4302165E-03
    3.4940000E+00    1.3754145E-03    1.4289530E-03
    3.4980000E+00    1.3741732E-03    1.4276998E-03
    3.5020000E+00    1.3729422E-03    1.4264570E-03
    3.5060000E+00    1.3717214E-03    1.4252244E-03
    3.5100000E+00    1.3705108E-03    1.4240022E-03
    3.5140000E+00    1.3693105E-03    1.4227902E-03
    3.5180000E+00    1.3681203E-03    1.4215886E-03
    3.5220000E+00    1.3669403E-03    1.4203972E-03
    3.5260000E+00    1.3657705E-03    1.4192160E-03
    3.5300000E+00    1.3646108E-03    1.4180452E-03
    3.5340000E+00    1.3634613E-03    1.4168845E-03
    3.5380000E+00    1.3623220E-03    1.4157341E-03
    3.5420000E+00    1.3611928E-03    1.4145940E-03
    3.5460000E+00    1.3600737E-03    1.4134640E-03
    3.5500000E+00    1.3589648E-03    1.4123443E-03
    3.5540000E+00    1.3578660E-03    1.4112348E-03
    3.5580000E+00    1.3567772E-03    1.4101355E-03
    3.5620000E+00    1.3556986E-03    1.4090463E-03
    3.5660000E+00    1.3546301E-03    1.4079674E-03
    3.5700000E+00    1.3535716E-03    1.4068986E-03
    3.5740000E+00    1.3525233E-03    1.4058400E-03
    3.5780000E+00    1.3514850E-03    1.4047915E-03
    3.5820000E+00    1.3504567E-03    1.4037533E-03
    3.5860000E+00    1.3494386E-03    1.4027251E-03
    3.5900000E+00    1.3484304E-03    1.4017071E-03
    3.5940000E+00    1.3474323E-03    1.4006992E-03
    3.5980000E+00    1.3464443E-03    1.3997014E-03
    3.6020000E+00    1.3454662E-03    1.3987138E-03
    3.6060000E+00    1.3444982E-03    1.3977362E-03
    3.6100000E+00    1.3435402E-03    1.3967688E-03
    3.6140000E+00    1.3425921E-03    1.3958114E-03
    3.6180000E+00    1.3416541E-03    1.3948642E-03
    3.6220000E+00    1.3407261E-03    1.3939270E-03
    3.6260000E+00    1.3398080E-03    1.3929999E-03
    3.6300000E+00    1.3388999E-03    1.3920828E-03
    3.6340000E+00    1.3380018E-03    1.3911758E-03
    3.6380000E+00    1.3371137E-03    1.3902789E-03
    3.6420000E+00    1.3362355E-03    1.3893920E-03
    3.6460000E+00    1.3353672E-03    1.3885152E-03
    3.6500000E+00    1.3345089E-03    1.3876484E-03
    3.6540000E+00    1.3336605E-03    1.3867916E-03
    3.6580000E+00    1.3328221E-03    1.3859448E-03
    3.6620000E+00    1.3319936E-03    1.3851081E-03
    3.6660000E+00    1.3311750E-03    1.3842814E-03
    3.6700000E+00    1.3303663E-03    1.3834646E-03
    3.6740000E+00    1.3295675E-03    1.3826579E-03
    3.6780000E+00    1.3287786E-03    1.3818611E-03
    3.6820000E+00    1.3279996E-03    1.3810744E-03
    3.6860000E+00    1.3272305E-03    1.3802976E-03
    3.6900000E+00    1.3264712E-03    1.3795308E-03
    3.6940000E+00    1.3257219E-03    1.3787740E-03
    3.6980000E+00    1.3249824E-03    1.3780271E-03
    3.7020000E+00    1.3242528E-03    1.3772902E-03
    3.7060000E+00    1.3235330E-03    1.3765633E-03
    3.7100000E+00    1.3228231E-03    1.3758463E-03
    3.7140000E+00    1.3221230E-03    1.3751392E-03
    3.7180000E+00    1.3214328E-03    1.3744421E-03
    3.7220000E+00    1.3207524E-03    1.3737549E-03
    3.7260000E+00    1.3200819E-03    1.3730776E-03
    3.7300000E+00    1.3194211E-03    1.3724103E-03
    3.7340000E+00    1.3187702E-03    1.3717528E-03
    3.7380000E+00    1.3181291E-03    1.3711053E-03
    3.7420000E+00    1.3174979E-03    1.3704677E-03
    3.7460000E+00    1.3168764E-03    1.3698400E-03
    3.7500000E+00    1.3162648E-03    1.3692222E-03
    3.7540000E+00    1.3156629E-03    1.3686143E-03
    3.7580000E+00    1.3150709E-03    1.3680163E-03
    3.7620000E+00    1.3144886E-03    1.3674282E-03
    3.7660000E+00    1.3139161E-03    1.3668500E-03
    3.7700000E+00    1.3133534E-03    1.3662816E-03
    3.7740000E+00    1.3128005E-03    1.3657231E-03
    3.7780000E+00    1.3122574E-03    1.3651745E-03
    3.7820000E+00    1.3117240E-03    1.3646358E-03
    3.7860000E+00    1.3112004E-03    1.3641069E-03
    3.7900000E+00    1.3106865E-03    1.3635879E-03
    3.7940000E+00    1.3101824E-03    1.3630787E-03
    3.7980000E+00    1.3096881E-03    1.3625794E-03
    3.8020000E+00    1.3092035E-03    1.3620899E-03
    3.8060000E+00    1.3087287E-03    1.3616103E-03
    3.8100000E+00    1.3082636E-03    1.3611405E-03
    3.8140000E+00    1.3078083E-03    1.3606805E-03
    3.8180000E+00    1.3073627E-03    1.3602304E-03
    3.8220000E+00    1.3069268E-03    1.3597902E-03
    3.8260000E+00    1.3065006E-03    1.3593597E-03
    3.8300000E+00    1.3060842E-03    1.3589391E-03
    3.8340000E+00    1.3056775E-03    1.3585283E-03
    3.8380000E+00    1.3052806E-03    1.3581273E-03
    3.8420000E+00    1.3048933E-03    1.3577361E-03
    3.8460000E+00    1.3045158E-03    1.3573548E-03
    3.8500000E+00    1.3041480E-03    1.3569832E-03
    3.8540000E+00    1.3037899E-03    1.3566215E-03
    3.8580000E+00    1.3034415E-03    1.3562696E-03
    3.8620000E+00    1.3031028E-03    1.3559274E-03
    3.8660000E+00    1.3027738E-03    1.3555951E-03
    3.8700000E+00    1.3024545E-03    1.3552726E-03
    3.8740000E+00    1.3021449E-03    1.3549599E-03
    3.8780000E+00    1.3018451E-03    1.3546569E-03
    3.8820000E+00    1.3015549E-03    1.3543638E-03
    3.8860000E+00    1.3012744E-03    1.3540804E-03
    3.8900000E+00    1.3010036E-03    1.3538069E-03
    3.8940000E+00    1.3007424E-03    1.3535431E-03
    3.8980000E+00    1.3004910E-03    1.3532891E-03
    3.9020000E+00    1.3002492E-03    1.3530449E-03
    3.9060000E+00    1.3000172E-03    1.3528105E-03
    3.9100000E+00    1.2997948E-03    1.3525858E-03
    3.9140000E+00    1.2995821E-03    1.3523710E-03
    3.9180000E+00    1.2993790E-03    1.3521659E-03
    3.9220000E+00    1.2991857E-03    1.3519705E-03
    3.9260000E+00    1.2990020E-03    1.3517850E-03
    3.9300000E+00    1.2988280E-03    1.3516092E-03
    3.9340000E+00    1.2986637E-03    1.3514432E-03
    3.9380000E+00    1.2985090E-03    1.3512870E-03
    3.9420000E+00    1.2983640E-03    1.3511405E-03
    3.9460000E+00    1.2982287E-03    1.3510038E-03
    3.9500000E+00    1.2981031E-03    1.3508769E-03
    3.9540000E+00    1.2979871E-03    1.3507598E-03
    3.9580000E+00    1.2978808E-03    1.3506524E-03
    3.9620000E+00    1.2977842E-03    1.3505547E-03
    3.9660000E+00    1.2976972E-03    1.3504669E-03
    3.9700000E+00    1.2976199E-03    1.3503888E-03
    3.9740000E+00    1.2975522E-03    1.3503204E-03
    3.9780000E+00    1.2974942E-03    1.3502619E-03
    3.9820000E+00    1.2974459E-03    1.3502131E-03
    3.9860000E+00    1.2974073E-03    1.3501740E-03
    3.9900000E+00    1.2973783E-03    1.3501447E-03
    3.9940000E+00    1.2973589E-03    1.3501252E-03
    3.9980000E+00    1.2973493E-03    1.3501154E-03
