# Time          7.5000E+01
# Units: Mol/kgw
    Distance        SO4--            SO164--         
    2.0000000E-03    2.7985210E-02    2.6981756E-02
    6.0000000E-03    2.7946999E-02    2.6945288E-02
    1.0000000E-02    2.7908809E-02    2.6908839E-02
    1.4000000E-02    2.7870639E-02    2.6872410E-02
    1.8000000E-02    2.7832490E-02    2.6836000E-02
    2.2000000E-02    2.7794363E-02    2.6799610E-02
    2.6000000E-02    2.7756256E-02    2.6763239E-02
    3.0000000E-02    2.7718170E-02    2.6726889E-02
    3.4000000E-02    2.7680106E-02    2.6690558E-02
    3.8000000E-02    2.7642062E-02    2.6654246E-02
    4.2000000E-02    2.7604040E-02    2.6617955E-02
    4.6000000E-02    2.7566039E-02    2.6581684E-02
    5.0000000E-02    2.7528059E-02    2.6545432E-02
    5.4000000E-02    2.7490101E-02    2.6509201E-02
    5.8000000E-02    2.7452165E-02    2.6472990E-02
    6.2000000E-02    2.7414250E-02    2.6436799E-02
    6.6000000E-02    2.7376356E-02    2.6400628E-02
    7.0000000E-02    2.7338484E-02    2.6364478E-02
    7.4000000E-02    2.7300634E-02    2.6328348E-02
    7.8000000E-02    2.7262806E-02    2.6292239E-02
    8.2000000E-02    2.7225000E-02    2.6256149E-02
    8.6000000E-02    2.7187215E-02    2.6220081E-02
    9.0000000E-02    2.7149453E-02    2.6184033E-02
    9.4000000E-02    2.7111713E-02    2.6148006E-02
    9.8000000E-02    2.7073994E-02    2.6111999E-02
    1.0200000E-01    2.7036298E-02    2.6076014E-02
    1.0600000E-01    2.6998624E-02    2.6040049E-02
    1.1000000E-01    2.6960973E-02    2.6004105E-02
    1.1400000E-01    2.6923344E-02    2.5968182E-02
    1.1800000E-01    2.6885737E-02    2.5932280E-02
    1.2200000E-01    2.6848152E-02    2.5896400E-02
    1.2600000E-01    2.6810591E-02    2.5860540E-02
    1.3000000E-01    2.6773052E-02    2.5824702E-02
    1.3400000E-01    2.6735535E-02    2.5788885E-02
    1.3800000E-01    2.6698041E-02    2.5753089E-02
    1.4200000E-01    2.6660571E-02    2.5717315E-02
    1.4600000E-01    2.6623123E-02    2.5681562E-02
    1.5000000E-01    2.6585697E-02    2.5645831E-02
    1.5400000E-01    2.6548295E-02    2.5610121E-02
    1.5800000E-01    2.6510916E-02    2.5574433E-02
    1.6200000E-01    2.6473560E-02    2.5538767E-02
    1.6600000E-01    2.6436228E-02    2.5503122E-02
    1.7000000E-01    2.6398918E-02    2.5467499E-02
    1.7400000E-01    2.6361632E-02    2.5431898E-02
    1.7800000E-01    2.6324369E-02    2.5396319E-02
    1.8200000E-01    2.6287130E-02    2.5360763E-02
    1.8600000E-01    2.6249914E-02    2.5325228E-02
    1.9000000E-01    2.6212721E-02    2.5289715E-02
    1.9400000E-01    2.6175553E-02    2.5254225E-02
    1.9800000E-01    2.6138407E-02    2.5218756E-02
    2.0200000E-01    2.6101286E-02    2.5183310E-02
    2.0600000E-01    2.6064189E-02    2.5147887E-02
    2.1000000E-01    2.6027115E-02    2.5112486E-02
    2.1400000E-01    2.5990065E-02    2.5077107E-02
    2.1800000E-01    2.5953039E-02    2.5041751E-02
    2.2200000E-01    2.5916038E-02    2.5006418E-02
    2.2600000E-01    2.5879060E-02    2.4971107E-02
    2.3000000E-01    2.5842107E-02    2.4935819E-02
    2.3400000E-01    2.5805178E-02    2.4900554E-02
    2.3800000E-01    2.5768273E-02    2.4865311E-02
    2.4200000E-01    2.5731392E-02    2.4830092E-02
    2.4600000E-01    2.5694536E-02    2.4794895E-02
    2.5000000E-01    2.5657704E-02    2.4759722E-02
    2.5400000E-01    2.5620897E-02    2.4724572E-02
    2.5800000E-01    2.5584115E-02    2.4689444E-02
    2.6200000E-01    2.5547357E-02    2.4654340E-02
    2.6600000E-01    2.5510624E-02    2.4619260E-02
    2.7000000E-01    2.5473916E-02    2.4584202E-02
    2.7400000E-01    2.5437233E-02    2.4549168E-02
    2.7800000E-01    2.5400574E-02    2.4514158E-02
    2.8200000E-01    2.5363941E-02    2.4479171E-02
    2.8600000E-01    2.5327332E-02    2.4444208E-02
    2.9000000E-01    2.5290749E-02    2.4409268E-02
    2.9400000E-01    2.5254191E-02    2.4374352E-02
    2.9800000E-01    2.5217658E-02    2.4339459E-02
    3.0200000E-01    2.5181150E-02    2.4304591E-02
    3.0600000E-01    2.5144668E-02    2.4269746E-02
    3.1000000E-01    2.5108211E-02    2.4234926E-02
    3.1400000E-01    2.5071780E-02    2.4200129E-02
    3.1800000E-01    2.5035374E-02    2.4165356E-02
    3.2200000E-01    2.4998994E-02    2.4130608E-02
    3.2600000E-01    2.4962639E-02    2.4095883E-02
    3.3000000E-01    2.4926310E-02    2.4061183E-02
    3.3400000E-01    2.4890007E-02    2.4026508E-02
    3.3800000E-01    2.4853730E-02    2.3991856E-02
    3.4200000E-01    2.4817479E-02    2.3957229E-02
    3.4600000E-01    2.4781253E-02    2.3922626E-02
    3.5000000E-01    2.4745054E-02    2.3888048E-02
    3.5400000E-01    2.4708881E-02    2.3853495E-02
    3.5800000E-01    2.4672734E-02    2.3818966E-02
    3.6200000E-01    2.4636613E-02    2.3784462E-02
    3.6600000E-01    2.4600518E-02    2.3749983E-02
    3.7000000E-01    2.4564450E-02    2.3715528E-02
    3.7400000E-01    2.4528408E-02    2.3681099E-02
    3.7800000E-01    2.4492393E-02    2.3646694E-02
    3.8200000E-01    2.4456404E-02    2.3612314E-02
    3.8600000E-01    2.4420441E-02    2.3577960E-02
    3.9000000E-01    2.4384506E-02    2.3543630E-02
    3.9400000E-01    2.4348597E-02    2.3509326E-02
    3.9800000E-01    2.4312715E-02    2.3475047E-02
    4.0200000E-01    2.4276859E-02    2.3440793E-02
    4.0600000E-01    2.4241031E-02    2.3406565E-02
    4.1000000E-01    2.4205229E-02    2.3372362E-02
    4.1400000E-01    2.4169455E-02    2.3338184E-02
    4.1800000E-01    2.4133707E-02    2.3304032E-02
    4.2200000E-01    2.4097987E-02    2.3269906E-02
    4.2600000E-01    2.4062294E-02    2.3235805E-02
    4.3000000E-01    2.4026628E-02    2.3201730E-02
    4.3400000E-01    2.3990989E-02    2.3167681E-02
    4.3800000E-01    2.3955378E-02    2.3133657E-02
    4.4200000E-01    2.3919794E-02    2.3099660E-02
    4.4600000E-01    2.3884237E-02    2.3065688E-02
    4.5000000E-01    2.3848709E-02    2.3031742E-02
    4.5400000E-01    2.3813207E-02    2.2997823E-02
    4.5800000E-01    2.3777734E-02    2.2963929E-02
    4.6200000E-01    2.3742288E-02    2.2930062E-02
    4.6600000E-01    2.3706870E-02    2.2896221E-02
    4.7000000E-01    2.3671480E-02    2.2862406E-02
    4.7400000E-01    2.3636118E-02    2.2828618E-02
    4.7800000E-01    2.3600783E-02    2.2794856E-02
    4.8200000E-01    2.3565477E-02    2.2761120E-02
    4.8600000E-01    2.3530199E-02    2.2727411E-02
    4.9000000E-01    2.3494949E-02    2.2693729E-02
    4.9400000E-01    2.3459727E-02    2.2660073E-02
    4.9800000E-01    2.3424533E-02    2.2626444E-02
    5.0200000E-01    2.3389368E-02    2.2592841E-02
    5.0600000E-01    2.3354231E-02    2.2559266E-02
    5.1000000E-01    2.3319122E-02    2.2525717E-02
    5.1400000E-01    2.3284042E-02    2.2492195E-02
    5.1800000E-01    2.3248991E-02    2.2458700E-02
    5.2200000E-01    2.3213968E-02    2.2425233E-02
    5.2600000E-01    2.3178974E-02    2.2391792E-02
    5.3000000E-01    2.3144009E-02    2.2358378E-02
    5.3400000E-01    2.3109072E-02    2.2324992E-02
    5.3800000E-01    2.3074164E-02    2.2291633E-02
    5.4200000E-01    2.3039285E-02    2.2258301E-02
    5.4600000E-01    2.3004435E-02    2.2224997E-02
    5.5000000E-01    2.2969615E-02    2.2191720E-02
    5.5400000E-01    2.2934823E-02    2.2158470E-02
    5.5800000E-01    2.2900060E-02    2.2125248E-02
    5.6200000E-01    2.2865327E-02    2.2092054E-02
    5.6600000E-01    2.2830622E-02    2.2058887E-02
    5.7000000E-01    2.2795948E-02    2.2025748E-02
    5.7400000E-01    2.2761302E-02    2.1992637E-02
    5.7800000E-01    2.2726686E-02    2.1959554E-02
    5.8200000E-01    2.2692099E-02    2.1926498E-02
    5.8600000E-01    2.2657542E-02    2.1893471E-02
    5.9000000E-01    2.2623015E-02    2.1860471E-02
    5.9400000E-01    2.2588517E-02    2.1827499E-02
    5.9800000E-01    2.2554049E-02    2.1794556E-02
    6.0200000E-01    2.2519611E-02    2.1761641E-02
    6.0600000E-01    2.2485202E-02    2.1728754E-02
    6.1000000E-01    2.2450824E-02    2.1695895E-02
    6.1400000E-01    2.2416475E-02    2.1663064E-02
    6.1800000E-01    2.2382156E-02    2.1630262E-02
    6.2200000E-01    2.2347868E-02    2.1597488E-02
    6.2600000E-01    2.2313609E-02    2.1564743E-02
    6.3000000E-01    2.2279381E-02    2.1532027E-02
    6.3400000E-01    2.2245183E-02    2.1499339E-02
    6.3800000E-01    2.2211015E-02    2.1466679E-02
    6.4200000E-01    2.2176878E-02    2.1434048E-02
    6.4600000E-01    2.2142771E-02    2.1401447E-02
    6.5000000E-01    2.2108694E-02    2.1368873E-02
    6.5400000E-01    2.2074648E-02    2.1336329E-02
    6.5800000E-01    2.2040633E-02    2.1303814E-02
    6.6200000E-01    2.2006648E-02    2.1271328E-02
    6.6600000E-01    2.1972694E-02    2.1238870E-02
    6.7000000E-01    2.1938770E-02    2.1206442E-02
    6.7400000E-01    2.1904878E-02    2.1174043E-02
    6.7800000E-01    2.1871016E-02    2.1141673E-02
    6.8200000E-01    2.1837185E-02    2.1109333E-02
    6.8600000E-01    2.1803385E-02    2.1077021E-02
    6.9000000E-01    2.1769616E-02    2.1044739E-02
    6.9400000E-01    2.1735878E-02    2.1012487E-02
    6.9800000E-01    2.1702171E-02    2.0980264E-02
    7.0200000E-01    2.1668496E-02    2.0948070E-02
    7.0600000E-01    2.1634851E-02    2.0915906E-02
    7.1000000E-01    2.1601238E-02    2.0883772E-02
    7.1400000E-01    2.1567657E-02    2.0851667E-02
    7.1800000E-01    2.1534106E-02    2.0819592E-02
    7.2200000E-01    2.1500588E-02    2.0787547E-02
    7.2600000E-01    2.1467100E-02    2.0755532E-02
    7.3000000E-01    2.1433644E-02    2.0723546E-02
    7.3400000E-01    2.1400220E-02    2.0691591E-02
    7.3800000E-01    2.1366828E-02    2.0659665E-02
    7.4200000E-01    2.1333467E-02    2.0627770E-02
    7.4600000E-01    2.1300138E-02    2.0595904E-02
    7.5000000E-01    2.1266841E-02    2.0564069E-02
    7.5400000E-01    2.1233576E-02    2.0532264E-02
    7.5800000E-01    2.1200342E-02    2.0500489E-02
    7.6200000E-01    2.1167141E-02    2.0468745E-02
    7.6600000E-01    2.1133972E-02    2.0437031E-02
    7.7000000E-01    2.1100834E-02    2.0405347E-02
    7.7400000E-01    2.1067729E-02    2.0373694E-02
    7.7800000E-01    2.1034657E-02    2.0342071E-02
    7.8200000E-01    2.1001616E-02    2.0310479E-02
    7.8600000E-01    2.0968608E-02    2.0278917E-02
    7.9000000E-01    2.0935632E-02    2.0247387E-02
    7.9400000E-01    2.0902688E-02    2.0215887E-02
    7.9800000E-01    2.0869777E-02    2.0184417E-02
    8.0200000E-01    2.0836899E-02    2.0152979E-02
    8.0600000E-01    2.0804053E-02    2.0121571E-02
    8.1000000E-01    2.0771240E-02    2.0090194E-02
    8.1400000E-01    2.0738459E-02    2.0058848E-02
    8.1800000E-01    2.0705711E-02    2.0027534E-02
    8.2200000E-01    2.0672996E-02    1.9996250E-02
    8.2600000E-01    2.0640314E-02    1.9964998E-02
    8.3000000E-01    2.0607665E-02    1.9933776E-02
    8.3400000E-01    2.0575048E-02    1.9902586E-02
    8.3800000E-01    2.0542465E-02    1.9871427E-02
    8.4200000E-01    2.0509914E-02    1.9840300E-02
    8.4600000E-01    2.0477397E-02    1.9809203E-02
    8.5000000E-01    2.0444913E-02    1.9778139E-02
    8.5400000E-01    2.0412462E-02    1.9747105E-02
    8.5800000E-01    2.0380044E-02    1.9716104E-02
    8.6200000E-01    2.0347660E-02    1.9685134E-02
    8.6600000E-01    2.0315309E-02    1.9654195E-02
    8.7000000E-01    2.0282991E-02    1.9623288E-02
    8.7400000E-01    2.0250707E-02    1.9592413E-02
    8.7800000E-01    2.0218456E-02    1.9561570E-02
    8.8200000E-01    2.0186239E-02    1.9530758E-02
    8.8600000E-01    2.0154056E-02    1.9499978E-02
    8.9000000E-01    2.0121906E-02    1.9469231E-02
    8.9400000E-01    2.0089790E-02    1.9438515E-02
    8.9800000E-01    2.0057707E-02    1.9407831E-02
    9.0200000E-01    2.0025659E-02    1.9377179E-02
    9.0600000E-01    1.9993644E-02    1.9346560E-02
    9.1000000E-01    1.9961663E-02    1.9315972E-02
    9.1400000E-01    1.9929716E-02    1.9285417E-02
    9.1800000E-01    1.9897803E-02    1.9254894E-02
    9.2200000E-01    1.9865924E-02    1.9224403E-02
    9.2600000E-01    1.9834080E-02    1.9193945E-02
    9.3000000E-01    1.9802269E-02    1.9163519E-02
    9.3400000E-01    1.9770493E-02    1.9133126E-02
    9.3800000E-01    1.9738750E-02    1.9102765E-02
    9.4200000E-01    1.9707042E-02    1.9072436E-02
    9.4600000E-01    1.9675369E-02    1.9042140E-02
    9.5000000E-01    1.9643730E-02    1.9011877E-02
    9.5400000E-01    1.9612125E-02    1.8981646E-02
    9.5800000E-01    1.9580555E-02    1.8951449E-02
    9.6200000E-01    1.9549019E-02    1.8921284E-02
    9.6600000E-01    1.9517518E-02    1.8891151E-02
    9.7000000E-01    1.9486052E-02    1.8861052E-02
    9.7400000E-01    1.9454620E-02    1.8830986E-02
    9.7800000E-01    1.9423223E-02    1.8800952E-02
    9.8200000E-01    1.9391860E-02    1.8770952E-02
    9.8600000E-01    1.9360533E-02    1.8740984E-02
    9.9000000E-01    1.9329240E-02    1.8711050E-02
    9.9400000E-01    1.9297983E-02    1.8681148E-02
    9.9800000E-01    1.9266760E-02    1.8651280E-02
    1.0020000E+00    1.9235572E-02    1.8621446E-02
    1.0060000E+00    1.9204419E-02    1.8591644E-02
    1.0100000E+00    1.9173302E-02    1.8561876E-02
    1.0140000E+00    1.9142219E-02    1.8532141E-02
    1.0180000E+00    1.9111172E-02    1.8502440E-02
    1.0220000E+00    1.9080160E-02    1.8472772E-02
    1.0260000E+00    1.9049183E-02    1.8443137E-02
    1.0300000E+00    1.9018242E-02    1.8413536E-02
    1.0340000E+00    1.8987336E-02    1.8383969E-02
    1.0380000E+00    1.8956465E-02    1.8354436E-02
    1.0420000E+00    1.8925630E-02    1.8324936E-02
    1.0460000E+00    1.8894831E-02    1.8295469E-02
    1.0500000E+00    1.8864067E-02    1.8266037E-02
    1.0540000E+00    1.8833338E-02    1.8236638E-02
    1.0580000E+00    1.8802645E-02    1.8207273E-02
    1.0620000E+00    1.8771988E-02    1.8177942E-02
    1.0660000E+00    1.8741367E-02    1.8148645E-02
    1.0700000E+00    1.8710781E-02    1.8119382E-02
    1.0740000E+00    1.8680232E-02    1.8090153E-02
    1.0780000E+00    1.8649718E-02    1.8060959E-02
    1.0820000E+00    1.8619240E-02    1.8031798E-02
    1.0860000E+00    1.8588798E-02    1.8002671E-02
    1.0900000E+00    1.8558392E-02    1.7973579E-02
    1.0940000E+00    1.8528022E-02    1.7944521E-02
    1.0980000E+00    1.8497688E-02    1.7915497E-02
    1.1020000E+00    1.8467390E-02    1.7886507E-02
    1.1060000E+00    1.8437129E-02    1.7857552E-02
    1.1100000E+00    1.8406903E-02    1.7828631E-02
    1.1140000E+00    1.8376714E-02    1.7799745E-02
    1.1180000E+00    1.8346561E-02    1.7770893E-02
    1.1220000E+00    1.8316445E-02    1.7742076E-02
    1.1260000E+00    1.8286365E-02    1.7713293E-02
    1.1300000E+00    1.8256321E-02    1.7684545E-02
    1.1340000E+00    1.8226314E-02    1.7655832E-02
    1.1380000E+00    1.8196344E-02    1.7627153E-02
    1.1420000E+00    1.8166410E-02    1.7598509E-02
    1.1460000E+00    1.8136512E-02    1.7569900E-02
    1.1500000E+00    1.8106651E-02    1.7541325E-02
    1.1540000E+00    1.8076827E-02    1.7512786E-02
    1.1580000E+00    1.8047040E-02    1.7484281E-02
    1.1620000E+00    1.8017289E-02    1.7455812E-02
    1.1660000E+00    1.7987576E-02    1.7427377E-02
    1.1700000E+00    1.7957899E-02    1.7398977E-02
    1.1740000E+00    1.7928259E-02    1.7370613E-02
    1.1780000E+00    1.7898655E-02    1.7342283E-02
    1.1820000E+00    1.7869089E-02    1.7313989E-02
    1.1860000E+00    1.7839560E-02    1.7285730E-02
    1.1900000E+00    1.7810068E-02    1.7257506E-02
    1.1940000E+00    1.7780613E-02    1.7229318E-02
    1.1980000E+00    1.7751195E-02    1.7201164E-02
    1.2020000E+00    1.7721815E-02    1.7173046E-02
    1.2060000E+00    1.7692471E-02    1.7144964E-02
    1.2100000E+00    1.7663165E-02    1.7116917E-02
    1.2140000E+00    1.7633896E-02    1.7088905E-02
    1.2180000E+00    1.7604665E-02    1.7060929E-02
    1.2220000E+00    1.7575471E-02    1.7032988E-02
    1.2260000E+00    1.7546314E-02    1.7005083E-02
    1.2300000E+00    1.7517195E-02    1.6977214E-02
    1.2340000E+00    1.7488113E-02    1.6949380E-02
    1.2380000E+00    1.7459069E-02    1.6921582E-02
    1.2420000E+00    1.7430062E-02    1.6893819E-02
    1.2460000E+00    1.7401093E-02    1.6866093E-02
    1.2500000E+00    1.7372161E-02    1.6838402E-02
    1.2540000E+00    1.7343268E-02    1.6810747E-02
    1.2580000E+00    1.7314412E-02    1.6783128E-02
    1.2620000E+00    1.7285593E-02    1.6755545E-02
    1.2660000E+00    1.7256813E-02    1.6727998E-02
    1.2700000E+00    1.7228070E-02    1.6700486E-02
    1.2740000E+00    1.7199366E-02    1.6673011E-02
    1.2780000E+00    1.7170699E-02    1.6645572E-02
    1.2820000E+00    1.7142070E-02    1.6618169E-02
    1.2860000E+00    1.7113479E-02    1.6590802E-02
    1.2900000E+00    1.7084926E-02    1.6563471E-02
    1.2940000E+00    1.7056411E-02    1.6536177E-02
    1.2980000E+00    1.7027935E-02    1.6508919E-02
    1.3020000E+00    1.6999496E-02    1.6481697E-02
    1.3060000E+00    1.6971096E-02    1.6454511E-02
    1.3100000E+00    1.6942734E-02    1.6427362E-02
    1.3140000E+00    1.6914410E-02    1.6400249E-02
    1.3180000E+00    1.6886124E-02    1.6373172E-02
    1.3220000E+00    1.6857877E-02    1.6346132E-02
    1.3260000E+00    1.6829668E-02    1.6319129E-02
    1.3300000E+00    1.6801497E-02    1.6292162E-02
    1.3340000E+00    1.6773365E-02    1.6265231E-02
    1.3380000E+00    1.6745271E-02    1.6238337E-02
    1.3420000E+00    1.6717216E-02    1.6211480E-02
    1.3460000E+00    1.6689199E-02    1.6184659E-02
    1.3500000E+00    1.6661221E-02    1.6157876E-02
    1.3540000E+00    1.6633282E-02    1.6131128E-02
    1.3580000E+00    1.6605381E-02    1.6104418E-02
    1.3620000E+00    1.6577519E-02    1.6077744E-02
    1.3660000E+00    1.6549695E-02    1.6051108E-02
    1.3700000E+00    1.6521910E-02    1.6024508E-02
    1.3740000E+00    1.6494164E-02    1.5997945E-02
    1.3780000E+00    1.6466457E-02    1.5971419E-02
    1.3820000E+00    1.6438789E-02    1.5944930E-02
    1.3860000E+00    1.6411159E-02    1.5918478E-02
    1.3900000E+00    1.6383569E-02    1.5892063E-02
    1.3940000E+00    1.6356017E-02    1.5865685E-02
    1.3980000E+00    1.6328504E-02    1.5839344E-02
    1.4020000E+00    1.6301031E-02    1.5813040E-02
    1.4060000E+00    1.6273596E-02    1.5786774E-02
    1.4100000E+00    1.6246200E-02    1.5760544E-02
    1.4140000E+00    1.6218844E-02    1.5734352E-02
    1.4180000E+00    1.6191527E-02    1.5708197E-02
    1.4220000E+00    1.6164249E-02    1.5682079E-02
    1.4260000E+00    1.6137010E-02    1.5655999E-02
    1.4300000E+00    1.6109810E-02    1.5629956E-02
    1.4340000E+00    1.6082649E-02    1.5603951E-02
    1.4380000E+00    1.6055528E-02    1.5577983E-02
    1.4420000E+00    1.6028446E-02    1.5552052E-02
    1.4460000E+00    1.6001404E-02    1.5526159E-02
    1.4500000E+00    1.5974401E-02    1.5500303E-02
    1.4540000E+00    1.5947437E-02    1.5474485E-02
    1.4580000E+00    1.5920513E-02    1.5448704E-02
    1.4620000E+00    1.5893628E-02    1.5422961E-02
    1.4660000E+00    1.5866783E-02    1.5397256E-02
    1.4700000E+00    1.5839978E-02    1.5371588E-02
    1.4740000E+00    1.5813211E-02    1.5345958E-02
    1.4780000E+00    1.5786485E-02    1.5320366E-02
    1.4820000E+00    1.5759798E-02    1.5294811E-02
    1.4860000E+00    1.5733151E-02    1.5269295E-02
    1.4900000E+00    1.5706544E-02    1.5243816E-02
    1.4940000E+00    1.5679976E-02    1.5218375E-02
    1.4980000E+00    1.5653448E-02    1.5192971E-02
    1.5020000E+00    1.5626960E-02    1.5167606E-02
    1.5060000E+00    1.5600511E-02    1.5142279E-02
    1.5100000E+00    1.5574103E-02    1.5116989E-02
    1.5140000E+00    1.5547734E-02    1.5091738E-02
    1.5180000E+00    1.5521405E-02    1.5066524E-02
    1.5220000E+00    1.5495116E-02    1.5041349E-02
    1.5260000E+00    1.5468868E-02    1.5016211E-02
    1.5300000E+00    1.5442659E-02    1.4991112E-02
    1.5340000E+00    1.5416490E-02    1.4966051E-02
    1.5380000E+00    1.5390361E-02    1.4941028E-02
    1.5420000E+00    1.5364272E-02    1.4916043E-02
    1.5460000E+00    1.5338224E-02    1.4891097E-02
    1.5500000E+00    1.5312215E-02    1.4866188E-02
    1.5540000E+00    1.5286247E-02    1.4841318E-02
    1.5580000E+00    1.5260319E-02    1.4816486E-02
    1.5620000E+00    1.5234431E-02    1.4791693E-02
    1.5660000E+00    1.5208583E-02    1.4766938E-02
    1.5700000E+00    1.5182776E-02    1.4742221E-02
    1.5740000E+00    1.5157008E-02    1.4717543E-02
    1.5780000E+00    1.5131282E-02    1.4692903E-02
    1.5820000E+00    1.5105595E-02    1.4668301E-02
    1.5860000E+00    1.5079949E-02    1.4643738E-02
    1.5900000E+00    1.5054343E-02    1.4619213E-02
    1.5940000E+00    1.5028778E-02    1.4594727E-02
    1.5980000E+00    1.5003253E-02    1.4570280E-02
    1.6020000E+00    1.4977769E-02    1.4545871E-02
    1.6060000E+00    1.4952325E-02    1.4521501E-02
    1.6100000E+00    1.4926922E-02    1.4497169E-02
    1.6140000E+00    1.4901559E-02    1.4472876E-02
    1.6180000E+00    1.4876237E-02    1.4448622E-02
    1.6220000E+00    1.4850955E-02    1.4424406E-02
    1.6260000E+00    1.4825714E-02    1.4400229E-02
    1.6300000E+00    1.4800514E-02    1.4376091E-02
    1.6340000E+00    1.4775354E-02    1.4351992E-02
    1.6380000E+00    1.4750235E-02    1.4327931E-02
    1.6420000E+00    1.4725157E-02    1.4303909E-02
    1.6460000E+00    1.4700120E-02    1.4279926E-02
    1.6500000E+00    1.4675123E-02    1.4255982E-02
    1.6540000E+00    1.4650167E-02    1.4232077E-02
    1.6580000E+00    1.4625252E-02    1.4208211E-02
    1.6620000E+00    1.4600378E-02    1.4184384E-02
    1.6660000E+00    1.4575545E-02    1.4160595E-02
    1.6700000E+00    1.4550752E-02    1.4136846E-02
    1.6740000E+00    1.4526001E-02    1.4113136E-02
    1.6780000E+00    1.4501290E-02    1.4089465E-02
    1.6820000E+00    1.4476621E-02    1.4065832E-02
    1.6860000E+00    1.4451992E-02    1.4042239E-02
    1.6900000E+00    1.4427405E-02    1.4018685E-02
    1.6940000E+00    1.4402858E-02    1.3995170E-02
    1.6980000E+00    1.4378353E-02    1.3971695E-02
    1.7020000E+00    1.4353888E-02    1.3948258E-02
    1.7060000E+00    1.4329465E-02    1.3924861E-02
    1.7100000E+00    1.4305083E-02    1.3901503E-02
    1.7140000E+00    1.4280742E-02    1.3878184E-02
    1.7180000E+00    1.4256442E-02    1.3854904E-02
    1.7220000E+00    1.4232183E-02    1.3831664E-02
    1.7260000E+00    1.4207966E-02    1.3808463E-02
    1.7300000E+00    1.4183790E-02    1.3785301E-02
    1.7340000E+00    1.4159655E-02    1.3762179E-02
    1.7380000E+00    1.4135561E-02    1.3739096E-02
    1.7420000E+00    1.4111509E-02    1.3716052E-02
    1.7460000E+00    1.4087498E-02    1.3693048E-02
    1.7500000E+00    1.4063528E-02    1.3670083E-02
    1.7540000E+00    1.4039600E-02    1.3647158E-02
    1.7580000E+00    1.4015713E-02    1.3624272E-02
    1.7620000E+00    1.3991867E-02    1.3601425E-02
    1.7660000E+00    1.3968063E-02    1.3578619E-02
    1.7700000E+00    1.3944300E-02    1.3555851E-02
    1.7740000E+00    1.3920579E-02    1.3533124E-02
    1.7780000E+00    1.3896900E-02    1.3510435E-02
    1.7820000E+00    1.3873261E-02    1.3487787E-02
    1.7860000E+00    1.3849665E-02    1.3465178E-02
    1.7900000E+00    1.3826109E-02    1.3442608E-02
    1.7940000E+00    1.3802596E-02    1.3420079E-02
    1.7980000E+00    1.3779124E-02    1.3397589E-02
    1.8020000E+00    1.3755693E-02    1.3375138E-02
    1.8060000E+00    1.3732305E-02    1.3352728E-02
    1.8100000E+00    1.3708957E-02    1.3330357E-02
    1.8140000E+00    1.3685652E-02    1.3308026E-02
    1.8180000E+00    1.3662388E-02    1.3285734E-02
    1.8220000E+00    1.3639166E-02    1.3263482E-02
    1.8260000E+00    1.3615985E-02    1.3241271E-02
    1.8300000E+00    1.3592847E-02    1.3219099E-02
    1.8340000E+00    1.3569750E-02    1.3196966E-02
    1.8380000E+00    1.3546695E-02    1.3174874E-02
    1.8420000E+00    1.3523681E-02    1.3152822E-02
    1.8460000E+00    1.3500710E-02    1.3130809E-02
    1.8500000E+00    1.3477780E-02    1.3108836E-02
    1.8540000E+00    1.3454892E-02    1.3086904E-02
    1.8580000E+00    1.3432046E-02    1.3065011E-02
    1.8620000E+00    1.3409241E-02    1.3043158E-02
    1.8660000E+00    1.3386479E-02    1.3021345E-02
    1.8700000E+00    1.3363759E-02    1.2999572E-02
    1.8740000E+00    1.3341080E-02    1.2977840E-02
    1.8780000E+00    1.3318444E-02    1.2956147E-02
    1.8820000E+00    1.3295849E-02    1.2934494E-02
    1.8860000E+00    1.3273296E-02    1.2912881E-02
    1.8900000E+00    1.3250786E-02    1.2891309E-02
    1.8940000E+00    1.3228317E-02    1.2869776E-02
    1.8980000E+00    1.3205890E-02    1.2848284E-02
    1.9020000E+00    1.3183506E-02    1.2826831E-02
    1.9060000E+00    1.3161163E-02    1.2805419E-02
    1.9100000E+00    1.3138863E-02    1.2784047E-02
    1.9140000E+00    1.3116604E-02    1.2762715E-02
    1.9180000E+00    1.3094388E-02    1.2741423E-02
    1.9220000E+00    1.3072214E-02    1.2720172E-02
    1.9260000E+00    1.3050082E-02    1.2698961E-02
    1.9300000E+00    1.3027992E-02    1.2677790E-02
    1.9340000E+00    1.3005944E-02    1.2656659E-02
    1.9380000E+00    1.2983938E-02    1.2635568E-02
    1.9420000E+00    1.2961975E-02    1.2614518E-02
    1.9460000E+00    1.2940054E-02    1.2593508E-02
    1.9500000E+00    1.2918175E-02    1.2572538E-02
    1.9540000E+00    1.2896338E-02    1.2551609E-02
    1.9580000E+00    1.2874543E-02    1.2530720E-02
    1.9620000E+00    1.2852791E-02    1.2509871E-02
    1.9660000E+00    1.2831081E-02    1.2489063E-02
    1.9700000E+00    1.2809413E-02    1.2468295E-02
    1.9740000E+00    1.2787788E-02    1.2447568E-02
    1.9780000E+00    1.2766205E-02    1.2426881E-02
    1.9820000E+00    1.2744664E-02    1.2406234E-02
    1.9860000E+00    1.2723166E-02    1.2385628E-02
    1.9900000E+00    1.2701710E-02    1.2365062E-02
    1.9940000E+00    1.2680296E-02    1.2344536E-02
    1.9980000E+00    1.2658925E-02    1.2324052E-02
    2.0020000E+00    1.2637596E-02    1.2303607E-02
    2.0060000E+00    1.2616309E-02    1.2283203E-02
    2.0100000E+00    1.2595065E-02    1.2262840E-02
    2.0140000E+00    1.2573863E-02    1.2242517E-02
    2.0180000E+00    1.2552704E-02    1.2222235E-02
    2.0220000E+00    1.2531587E-02    1.2201993E-02
    2.0260000E+00    1.2510513E-02    1.2181791E-02
    2.0300000E+00    1.2489481E-02    1.2161631E-02
    2.0340000E+00    1.2468491E-02    1.2141511E-02
    2.0380000E+00    1.2447545E-02    1.2121431E-02
    2.0420000E+00    1.2426640E-02    1.2101392E-02
    2.0460000E+00    1.2405778E-02    1.2081394E-02
    2.0500000E+00    1.2384959E-02    1.2061436E-02
    2.0540000E+00    1.2364182E-02    1.2041519E-02
    2.0580000E+00    1.2343448E-02    1.2021643E-02
    2.0620000E+00    1.2322757E-02    1.2001807E-02
    2.0660000E+00    1.2302107E-02    1.1982012E-02
    2.0700000E+00    1.2281501E-02    1.1962258E-02
    2.0740000E+00    1.2260937E-02    1.1942544E-02
    2.0780000E+00    1.2240416E-02    1.1922871E-02
    2.0820000E+00    1.2219937E-02    1.1903239E-02
    2.0860000E+00    1.2199501E-02    1.1883648E-02
    2.0900000E+00    1.2179108E-02    1.1864097E-02
    2.0940000E+00    1.2158757E-02    1.1844587E-02
    2.0980000E+00    1.2138449E-02    1.1825118E-02
    2.1020000E+00    1.2118184E-02    1.1805689E-02
    2.1060000E+00    1.2097961E-02    1.1786302E-02
    2.1100000E+00    1.2077781E-02    1.1766955E-02
    2.1140000E+00    1.2057644E-02    1.1747649E-02
    2.1180000E+00    1.2037549E-02    1.1728383E-02
    2.1220000E+00    1.2017497E-02    1.1709159E-02
    2.1260000E+00    1.1997488E-02    1.1689975E-02
    2.1300000E+00    1.1977522E-02    1.1670833E-02
    2.1340000E+00    1.1957598E-02    1.1651731E-02
    2.1380000E+00    1.1937717E-02    1.1632670E-02
    2.1420000E+00    1.1917879E-02    1.1613649E-02
    2.1460000E+00    1.1898084E-02    1.1594670E-02
    2.1500000E+00    1.1878331E-02    1.1575732E-02
    2.1540000E+00    1.1858621E-02    1.1556834E-02
    2.1580000E+00    1.1838955E-02    1.1537977E-02
    2.1620000E+00    1.1819330E-02    1.1519162E-02
    2.1660000E+00    1.1799749E-02    1.1500387E-02
    2.1700000E+00    1.1780210E-02    1.1481653E-02
    2.1740000E+00    1.1760715E-02    1.1462960E-02
    2.1780000E+00    1.1741262E-02    1.1444308E-02
    2.1820000E+00    1.1721852E-02    1.1425697E-02
    2.1860000E+00    1.1702485E-02    1.1407127E-02
    2.1900000E+00    1.1683161E-02    1.1388598E-02
    2.1940000E+00    1.1663879E-02    1.1370110E-02
    2.1980000E+00    1.1644641E-02    1.1351663E-02
    2.2020000E+00    1.1625445E-02    1.1333256E-02
    2.2060000E+00    1.1606292E-02    1.1314891E-02
    2.2100000E+00    1.1587182E-02    1.1296567E-02
    2.2140000E+00    1.1568115E-02    1.1278284E-02
    2.2180000E+00    1.1549091E-02    1.1260042E-02
    2.2220000E+00    1.1530110E-02    1.1241841E-02
    2.2260000E+00    1.1511172E-02    1.1223681E-02
    2.2300000E+00    1.1492277E-02    1.1205562E-02
    2.2340000E+00    1.1473424E-02    1.1187484E-02
    2.2380000E+00    1.1454615E-02    1.1169447E-02
    2.2420000E+00    1.1435849E-02    1.1151451E-02
    2.2460000E+00    1.1417125E-02    1.1133496E-02
    2.2500000E+00    1.1398445E-02    1.1115583E-02
    2.2540000E+00    1.1379807E-02    1.1097710E-02
    2.2580000E+00    1.1361213E-02    1.1079879E-02
    2.2620000E+00    1.1342661E-02    1.1062088E-02
    2.2660000E+00    1.1324152E-02    1.1044339E-02
    2.2700000E+00    1.1305687E-02    1.1026631E-02
    2.2740000E+00    1.1287264E-02    1.1008964E-02
    2.2780000E+00    1.1268885E-02    1.0991338E-02
    2.2820000E+00    1.1250548E-02    1.0973753E-02
    2.2860000E+00    1.1232255E-02    1.0956209E-02
    2.2900000E+00    1.1214004E-02    1.0938707E-02
    2.2940000E+00    1.1195796E-02    1.0921245E-02
    2.2980000E+00    1.1177632E-02    1.0903825E-02
    2.3020000E+00    1.1159510E-02    1.0886446E-02
    2.3060000E+00    1.1141432E-02    1.0869108E-02
    2.3100000E+00    1.1123397E-02    1.0851811E-02
    2.3140000E+00    1.1105404E-02    1.0834555E-02
    2.3180000E+00    1.1087455E-02    1.0817341E-02
    2.3220000E+00    1.1069549E-02    1.0800168E-02
    2.3260000E+00    1.1051686E-02    1.0783036E-02
    2.3300000E+00    1.1033866E-02    1.0765945E-02
    2.3340000E+00    1.1016089E-02    1.0748895E-02
    2.3380000E+00    1.0998355E-02    1.0731887E-02
    2.3420000E+00    1.0980664E-02    1.0714919E-02
    2.3460000E+00    1.0963016E-02    1.0697993E-02
    2.3500000E+00    1.0945411E-02    1.0681108E-02
    2.3540000E+00    1.0927850E-02    1.0664265E-02
    2.3580000E+00    1.0910331E-02    1.0647462E-02
    2.3620000E+00    1.0892856E-02    1.0630701E-02
    2.3660000E+00    1.0875423E-02    1.0613981E-02
    2.3700000E+00    1.0858034E-02    1.0597302E-02
    2.3740000E+00    1.0840688E-02    1.0580665E-02
    2.3780000E+00    1.0823385E-02    1.0564069E-02
    2.3820000E+00    1.0806125E-02    1.0547513E-02
    2.3860000E+00    1.0788908E-02    1.0531000E-02
    2.3900000E+00    1.0771735E-02    1.0514527E-02
    2.3940000E+00    1.0754604E-02    1.0498096E-02
    2.3980000E+00    1.0737517E-02    1.0481706E-02
    2.4020000E+00    1.0720473E-02    1.0465357E-02
    2.4060000E+00    1.0703471E-02    1.0449050E-02
    2.4100000E+00    1.0686513E-02    1.0432783E-02
    2.4140000E+00    1.0669598E-02    1.0416558E-02
    2.4180000E+00    1.0652727E-02    1.0400375E-02
    2.4220000E+00    1.0635898E-02    1.0384232E-02
    2.4260000E+00    1.0619113E-02    1.0368131E-02
    2.4300000E+00    1.0602370E-02    1.0352071E-02
    2.4340000E+00    1.0585671E-02    1.0336053E-02
    2.4380000E+00    1.0569015E-02    1.0320075E-02
    2.4420000E+00    1.0552402E-02    1.0304139E-02
    2.4460000E+00    1.0535832E-02    1.0288245E-02
    2.4500000E+00    1.0519306E-02    1.0272391E-02
    2.4540000E+00    1.0502822E-02    1.0256579E-02
    2.4580000E+00    1.0486382E-02    1.0240808E-02
    2.4620000E+00    1.0469985E-02    1.0225079E-02
    2.4660000E+00    1.0453631E-02    1.0209390E-02
    2.4700000E+00    1.0437320E-02    1.0193744E-02
    2.4740000E+00    1.0421053E-02    1.0178138E-02
    2.4780000E+00    1.0404828E-02    1.0162574E-02
    2.4820000E+00    1.0388647E-02    1.0147051E-02
    2.4860000E+00    1.0372509E-02    1.0131569E-02
    2.4900000E+00    1.0356414E-02    1.0116129E-02
    2.4940000E+00    1.0340362E-02    1.0100729E-02
    2.4980000E+00    1.0324353E-02    1.0085372E-02
    2.5020000E+00    1.0308388E-02    1.0070055E-02
    2.5060000E+00    1.0292465E-02    1.0054780E-02
    2.5100000E+00    1.0276586E-02    1.0039546E-02
    2.5140000E+00    1.0260750E-02    1.0024354E-02
    2.5180000E+00    1.0244957E-02    1.0009203E-02
    2.5220000E+00    1.0229208E-02    9.9940929E-03
    2.5260000E+00    1.0213501E-02    9.9790244E-03
    2.5300000E+00    1.0197838E-02    9.9639972E-03
    2.5340000E+00    1.0182218E-02    9.9490113E-03
    2.5380000E+00    1.0166641E-02    9.9340668E-03
    2.5420000E+00    1.0151107E-02    9.9191636E-03
    2.5460000E+00    1.0135616E-02    9.9043017E-03
    2.5500000E+00    1.0120169E-02    9.8894812E-03
    2.5540000E+00    1.0104765E-02    9.8747020E-03
    2.5580000E+00    1.0089404E-02    9.8599641E-03
    2.5620000E+00    1.0074086E-02    9.8452675E-03
    2.5660000E+00    1.0058811E-02    9.8306123E-03
    2.5700000E+00    1.0043579E-02    9.8159984E-03
    2.5740000E+00    1.0028391E-02    9.8014258E-03
    2.5780000E+00    1.0013246E-02    9.7868946E-03
    2.5820000E+00    9.9981436E-03    9.7724047E-03
    2.5860000E+00    9.9830847E-03    9.7579561E-03
    2.5900000E+00    9.9680689E-03    9.7435489E-03
    2.5940000E+00    9.9530963E-03    9.7291830E-03
    2.5980000E+00    9.9381669E-03    9.7148584E-03
    2.6020000E+00    9.9232807E-03    9.7005752E-03
    2.6060000E+00    9.9084376E-03    9.6863332E-03
    2.6100000E+00    9.8936377E-03    9.6721327E-03
    2.6140000E+00    9.8788809E-03    9.6579734E-03
    2.6180000E+00    9.8641673E-03    9.6438555E-03
    2.6220000E+00    9.8494969E-03    9.6297789E-03
    2.6260000E+00    9.8348696E-03    9.6157436E-03
    2.6300000E+00    9.8202855E-03    9.6017497E-03
    2.6340000E+00    9.8057445E-03    9.5877971E-03
    2.6380000E+00    9.7912467E-03    9.5738858E-03
    2.6420000E+00    9.7767921E-03    9.5600159E-03
    2.6460000E+00    9.7623806E-03    9.5461872E-03
    2.6500000E+00    9.7480122E-03    9.5323999E-03
    2.6540000E+00    9.7336870E-03    9.5186540E-03
    2.6580000E+00    9.7194050E-03    9.5049493E-03
    2.6620000E+00    9.7051661E-03    9.4912860E-03
    2.6660000E+00    9.6909703E-03    9.4776640E-03
    2.6700000E+00    9.6768177E-03    9.4640833E-03
    2.6740000E+00    9.6627082E-03    9.4505439E-03
    2.6780000E+00    9.6486418E-03    9.4370458E-03
    2.6820000E+00    9.6346186E-03    9.4235891E-03
    2.6860000E+00    9.6206385E-03    9.4101737E-03
    2.6900000E+00    9.6067016E-03    9.3967996E-03
    2.6940000E+00    9.5928078E-03    9.3834668E-03
    2.6980000E+00    9.5789571E-03    9.3701753E-03
    2.7020000E+00    9.5651496E-03    9.3569251E-03
    2.7060000E+00    9.5513851E-03    9.3437162E-03
    2.7100000E+00    9.5376638E-03    9.3305487E-03
    2.7140000E+00    9.5239856E-03    9.3174224E-03
    2.7180000E+00    9.5103505E-03    9.3043375E-03
    2.7220000E+00    9.4967586E-03    9.2912938E-03
    2.7260000E+00    9.4832097E-03    9.2782915E-03
    2.7300000E+00    9.4697040E-03    9.2653304E-03
    2.7340000E+00    9.4562413E-03    9.2524107E-03
    2.7380000E+00    9.4428218E-03    9.2395322E-03
    2.7420000E+00    9.4294454E-03    9.2266950E-03
    2.7460000E+00    9.4161120E-03    9.2138991E-03
    2.7500000E+00    9.4028218E-03    9.2011445E-03
    2.7540000E+00    9.3895747E-03    9.1884312E-03
    2.7580000E+00    9.3763706E-03    9.1757592E-03
    2.7620000E+00    9.3632096E-03    9.1631285E-03
    2.7660000E+00    9.3500917E-03    9.1505390E-03
    2.7700000E+00    9.3370169E-03    9.1379908E-03
    2.7740000E+00    9.3239852E-03    9.1254839E-03
    2.7780000E+00    9.3109966E-03    9.1130183E-03
    2.7820000E+00    9.2980510E-03    9.1005939E-03
    2.7860000E+00    9.2851485E-03    9.0882108E-03
    2.7900000E+00    9.2722891E-03    9.0758690E-03
    2.7940000E+00    9.2594727E-03    9.0635684E-03
    2.7980000E+00    9.2466994E-03    9.0513091E-03
    2.8020000E+00    9.2339691E-03    9.0390911E-03
    2.8060000E+00    9.2212819E-03    9.0269143E-03
    2.8100000E+00    9.2086377E-03    9.0147788E-03
    2.8140000E+00    9.1960366E-03    9.0026845E-03
    2.8180000E+00    9.1834786E-03    8.9906314E-03
    2.8220000E+00    9.1709635E-03    8.9786196E-03
    2.8260000E+00    9.1584915E-03    8.9666491E-03
    2.8300000E+00    9.1460626E-03    8.9547198E-03
    2.8340000E+00    9.1336766E-03    8.9428317E-03
    2.8380000E+00    9.1213337E-03    8.9309849E-03
    2.8420000E+00    9.1090339E-03    8.9191793E-03
    2.8460000E+00    9.0967770E-03    8.9074149E-03
    2.8500000E+00    9.0845631E-03    8.8956917E-03
    2.8540000E+00    9.0723923E-03    8.8840098E-03
    2.8580000E+00    9.0602645E-03    8.8723691E-03
    2.8620000E+00    9.0481796E-03    8.8607696E-03
    2.8660000E+00    9.0361378E-03    8.8492113E-03
    2.8700000E+00    9.0241390E-03    8.8376942E-03
    2.8740000E+00    9.0121831E-03    8.8262183E-03
    2.8780000E+00    9.0002702E-03    8.8147837E-03
    2.8820000E+00    8.9884004E-03    8.8033902E-03
    2.8860000E+00    8.9765735E-03    8.7920380E-03
    2.8900000E+00    8.9647896E-03    8.7807269E-03
    2.8940000E+00    8.9530486E-03    8.7694570E-03
    2.8980000E+00    8.9413506E-03    8.7582283E-03
    2.9020000E+00    8.9296956E-03    8.7470408E-03
    2.9060000E+00    8.9180836E-03    8.7358945E-03
    2.9100000E+00    8.9065145E-03    8.7247893E-03
    2.9140000E+00    8.8949883E-03    8.7137253E-03
    2.9180000E+00    8.8835051E-03    8.7027025E-03
    2.9220000E+00    8.8720649E-03    8.6917209E-03
    2.9260000E+00    8.8606675E-03    8.6807804E-03
    2.9300000E+00    8.8493132E-03    8.6698811E-03
    2.9340000E+00    8.8380017E-03    8.6590230E-03
    2.9380000E+00    8.8267332E-03    8.6482060E-03
    2.9420000E+00    8.8155076E-03    8.6374301E-03
    2.9460000E+00    8.8043249E-03    8.6266954E-03
    2.9500000E+00    8.7931851E-03    8.6160018E-03
    2.9540000E+00    8.7820882E-03    8.6053494E-03
    2.9580000E+00    8.7710343E-03    8.5947381E-03
    2.9620000E+00    8.7600232E-03    8.5841679E-03
    2.9660000E+00    8.7490550E-03    8.5736389E-03
    2.9700000E+00    8.7381297E-03    8.5631510E-03
    2.9740000E+00    8.7272474E-03    8.5527042E-03
    2.9780000E+00    8.7164078E-03    8.5422985E-03
    2.9820000E+00    8.7056112E-03    8.5319340E-03
    2.9860000E+00    8.6948575E-03    8.5216105E-03
    2.9900000E+00    8.6841466E-03    8.5113282E-03
    2.9940000E+00    8.6734785E-03    8.5010869E-03
    2.9980000E+00    8.6628534E-03    8.4908868E-03
    3.0020000E+00    8.6522710E-03    8.4807277E-03
    3.0060000E+00    8.6417316E-03    8.4706097E-03
    3.0100000E+00    8.6312350E-03    8.4605329E-03
    3.0140000E+00    8.6207812E-03    8.4504971E-03
    3.0180000E+00    8.6103702E-03    8.4405023E-03
    3.0220000E+00    8.6000021E-03    8.4305487E-03
    3.0260000E+00    8.5896768E-03    8.4206361E-03
    3.0300000E+00    8.5793944E-03    8.4107646E-03
    3.0340000E+00    8.5691547E-03    8.4009341E-03
    3.0380000E+00    8.5589579E-03    8.3911447E-03
    3.0420000E+00    8.5488039E-03    8.3813964E-03
    3.0460000E+00    8.5386927E-03    8.3716891E-03
    3.0500000E+00    8.5286242E-03    8.3620229E-03
    3.0540000E+00    8.5185986E-03    8.3523977E-03
    3.0580000E+00    8.5086158E-03    8.3428135E-03
    3.0620000E+00    8.4986757E-03    8.3332704E-03
    3.0660000E+00    8.4887784E-03    8.3237683E-03
    3.0700000E+00    8.4789239E-03    8.3143072E-03
    3.0740000E+00    8.4691122E-03    8.3048871E-03
    3.0780000E+00    8.4593432E-03    8.2955081E-03
    3.0820000E+00    8.4496170E-03    8.2861700E-03
    3.0860000E+00    8.4399335E-03    8.2768730E-03
    3.0900000E+00    8.4302928E-03    8.2676170E-03
    3.0940000E+00    8.4206949E-03    8.2584020E-03
    3.0980000E+00    8.4111396E-03    8.2492280E-03
    3.1020000E+00    8.4016271E-03    8.2400949E-03
    3.1060000E+00    8.3921574E-03    8.2310029E-03
    3.1100000E+00    8.3827304E-03    8.2219518E-03
    3.1140000E+00    8.3733460E-03    8.2129417E-03
    3.1180000E+00    8.3640044E-03    8.2039726E-03
    3.1220000E+00    8.3547056E-03    8.1950445E-03
    3.1260000E+00    8.3454494E-03    8.1861573E-03
    3.1300000E+00    8.3362359E-03    8.1773111E-03
    3.1340000E+00    8.3270651E-03    8.1685059E-03
    3.1380000E+00    8.3179370E-03    8.1597416E-03
    3.1420000E+00    8.3088516E-03    8.1510182E-03
    3.1460000E+00    8.2998089E-03    8.1423358E-03
    3.1500000E+00    8.2908088E-03    8.1336944E-03
    3.1540000E+00    8.2818515E-03    8.1250938E-03
    3.1580000E+00    8.2729368E-03    8.1165342E-03
    3.1620000E+00    8.2640647E-03    8.1080156E-03
    3.1660000E+00    8.2552353E-03    8.0995378E-03
    3.1700000E+00    8.2464486E-03    8.0911010E-03
    3.1740000E+00    8.2377045E-03    8.0827051E-03
    3.1780000E+00    8.2290030E-03    8.0743501E-03
    3.1820000E+00    8.2203442E-03    8.0660360E-03
    3.1860000E+00    8.2117280E-03    8.0577628E-03
    3.1900000E+00    8.2031544E-03    8.0495305E-03
    3.1940000E+00    8.1946235E-03    8.0413391E-03
    3.1980000E+00    8.1861352E-03    8.0331886E-03
    3.2020000E+00    8.1776895E-03    8.0250790E-03
    3.2060000E+00    8.1692864E-03    8.0170103E-03
    3.2100000E+00    8.1609259E-03    8.0089824E-03
    3.2140000E+00    8.1526080E-03    8.0009954E-03
    3.2180000E+00    8.1443327E-03    7.9930493E-03
    3.2220000E+00    8.1360999E-03    7.9851440E-03
    3.2260000E+00    8.1279098E-03    7.9772796E-03
    3.2300000E+00    8.1197622E-03    7.9694561E-03
    3.2340000E+00    8.1116572E-03    7.9616734E-03
    3.2380000E+00    8.1035948E-03    7.9539315E-03
    3.2420000E+00    8.0955749E-03    7.9462305E-03
    3.2460000E+00    8.0875976E-03    7.9385703E-03
    3.2500000E+00    8.0796629E-03    7.9309510E-03
    3.2540000E+00    8.0717707E-03    7.9233725E-03
    3.2580000E+00    8.0639210E-03    7.9158348E-03
    3.2620000E+00    8.0561139E-03    7.9083379E-03
    3.2660000E+00    8.0483493E-03    7.9008819E-03
    3.2700000E+00    8.0406272E-03    7.8934667E-03
    3.2740000E+00    8.0329477E-03    7.8860922E-03
    3.2780000E+00    8.0253107E-03    7.8787586E-03
    3.2820000E+00    8.0177162E-03    7.8714658E-03
    3.2860000E+00    8.0101642E-03    7.8642138E-03
    3.2900000E+00    8.0026547E-03    7.8570025E-03
    3.2940000E+00    7.9951877E-03    7.8498321E-03
    3.2980000E+00    7.9877632E-03    7.8427024E-03
    3.3020000E+00    7.9803812E-03    7.8356135E-03
    3.3060000E+00    7.9730416E-03    7.8285654E-03
    3.3100000E+00    7.9657446E-03    7.8215581E-03
    3.3140000E+00    7.9584900E-03    7.8145915E-03
    3.3180000E+00    7.9512779E-03    7.8076657E-03
    3.3220000E+00    7.9441083E-03    7.8007806E-03
    3.3260000E+00    7.9369811E-03    7.7939363E-03
    3.3300000E+00    7.9298964E-03    7.7871327E-03
    3.3340000E+00    7.9228542E-03    7.7803699E-03
    3.3380000E+00    7.9158543E-03    7.7736479E-03
    3.3420000E+00    7.9088970E-03    7.7669665E-03
    3.3460000E+00    7.9019820E-03    7.7603259E-03
    3.3500000E+00    7.8951095E-03    7.7537261E-03
    3.3540000E+00    7.8882795E-03    7.7471669E-03
    3.3580000E+00    7.8814918E-03    7.7406485E-03
    3.3620000E+00    7.8747466E-03    7.7341708E-03
    3.3660000E+00    7.8680438E-03    7.7277338E-03
    3.3700000E+00    7.8613834E-03    7.7213375E-03
    3.3740000E+00    7.8547654E-03    7.7149819E-03
    3.3780000E+00    7.8481898E-03    7.7086671E-03
    3.3820000E+00    7.8416566E-03    7.7023929E-03
    3.3860000E+00    7.8351658E-03    7.6961594E-03
    3.3900000E+00    7.8287174E-03    7.6899666E-03
    3.3940000E+00    7.8223114E-03    7.6838145E-03
    3.3980000E+00    7.8159477E-03    7.6777030E-03
    3.4020000E+00    7.8096264E-03    7.6716323E-03
    3.4060000E+00    7.8033475E-03    7.6656022E-03
    3.4100000E+00    7.7971110E-03    7.6596128E-03
    3.4140000E+00    7.7909168E-03    7.6536640E-03
    3.4180000E+00    7.7847650E-03    7.6477559E-03
    3.4220000E+00    7.7786555E-03    7.6418885E-03
    3.4260000E+00    7.7725884E-03    7.6360617E-03
    3.4300000E+00    7.7665636E-03    7.6302756E-03
    3.4340000E+00    7.7605812E-03    7.6245301E-03
    3.4380000E+00    7.7546411E-03    7.6188253E-03
    3.4420000E+00    7.7487433E-03    7.6131611E-03
    3.4460000E+00    7.7428879E-03    7.6075376E-03
    3.4500000E+00    7.7370747E-03    7.6019546E-03
    3.4540000E+00    7.7313039E-03    7.5964123E-03
    3.4580000E+00    7.7255754E-03    7.5909107E-03
    3.4620000E+00    7.7198893E-03    7.5854496E-03
    3.4660000E+00    7.7142454E-03    7.5800292E-03
    3.4700000E+00    7.7086438E-03    7.5746493E-03
    3.4740000E+00    7.7030846E-03    7.5693101E-03
    3.4780000E+00    7.6975676E-03    7.5640115E-03
    3.4820000E+00    7.6920929E-03    7.5587535E-03
    3.4860000E+00    7.6866605E-03    7.5535361E-03
    3.4900000E+00    7.6812704E-03    7.5483593E-03
    3.4940000E+00    7.6759226E-03    7.5432231E-03
    3.4980000E+00    7.6706170E-03    7.5381275E-03
    3.5020000E+00    7.6653537E-03    7.5330724E-03
    3.5060000E+00    7.6601327E-03    7.5280580E-03
    3.5100000E+00    7.6549539E-03    7.5230841E-03
    3.5140000E+00    7.6498174E-03    7.5181508E-03
    3.5180000E+00    7.6447232E-03    7.5132581E-03
    3.5220000E+00    7.6396712E-03    7.5084059E-03
    3.5260000E+00    7.6346614E-03    7.5035943E-03
    3.5300000E+00    7.6296939E-03    7.4988233E-03
    3.5340000E+00    7.6247687E-03    7.4940928E-03
    3.5380000E+00    7.6198857E-03    7.4894029E-03
    3.5420000E+00    7.6150449E-03    7.4847535E-03
    3.5460000E+00    7.6102463E-03    7.4801447E-03
    3.5500000E+00    7.6054900E-03    7.4755764E-03
    3.5540000E+00    7.6007758E-03    7.4710487E-03
    3.5580000E+00    7.5961040E-03    7.4665615E-03
    3.5620000E+00    7.5914743E-03    7.4621148E-03
    3.5660000E+00    7.5868868E-03    7.4577087E-03
    3.5700000E+00    7.5823415E-03    7.4533431E-03
    3.5740000E+00    7.5778385E-03    7.4490180E-03
    3.5780000E+00    7.5733776E-03    7.4447335E-03
    3.5820000E+00    7.5689590E-03    7.4404895E-03
    3.5860000E+00    7.5645825E-03    7.4362860E-03
    3.5900000E+00    7.5602483E-03    7.4321230E-03
    3.5940000E+00    7.5559562E-03    7.4280005E-03
    3.5980000E+00    7.5517063E-03    7.4239186E-03
    3.6020000E+00    7.5474986E-03    7.4198771E-03
    3.6060000E+00    7.5433330E-03    7.4158762E-03
    3.6100000E+00    7.5392097E-03    7.4119157E-03
    3.6140000E+00    7.5351285E-03    7.4079958E-03
    3.6180000E+00    7.5310895E-03    7.4041163E-03
    3.6220000E+00    7.5270926E-03    7.4002774E-03
    3.6260000E+00    7.5231379E-03    7.3964789E-03
    3.6300000E+00    7.5192254E-03    7.3927209E-03
    3.6340000E+00    7.5153551E-03    7.3890034E-03
    3.6380000E+00    7.5115268E-03    7.3853264E-03
    3.6420000E+00    7.5077408E-03    7.3816899E-03
    3.6460000E+00    7.5039969E-03    7.3780938E-03
    3.6500000E+00    7.5002951E-03    7.3745382E-03
    3.6540000E+00    7.4966355E-03    7.3710231E-03
    3.6580000E+00    7.4930180E-03    7.3675485E-03
    3.6620000E+00    7.4894426E-03    7.3641143E-03
    3.6660000E+00    7.4859094E-03    7.3607206E-03
    3.6700000E+00    7.4824183E-03    7.3573674E-03
    3.6740000E+00    7.4789694E-03    7.3540546E-03
    3.6780000E+00    7.4755626E-03    7.3507823E-03
    3.6820000E+00    7.4721979E-03    7.3475504E-03
    3.6860000E+00    7.4688753E-03    7.3443590E-03
    3.6900000E+00    7.4655948E-03    7.3412080E-03
    3.6940000E+00    7.4623565E-03    7.3380975E-03
    3.6980000E+00    7.4591602E-03    7.3350274E-03
    3.7020000E+00    7.4560061E-03    7.3319978E-03
    3.7060000E+00    7.4528941E-03    7.3290086E-03
    3.7100000E+00    7.4498242E-03    7.3260599E-03
    3.7140000E+00    7.4467964E-03    7.3231516E-03
    3.7180000E+00    7.4438107E-03    7.3202837E-03
    3.7220000E+00    7.4408671E-03    7.3174563E-03
    3.7260000E+00    7.4379656E-03    7.3146693E-03
    3.7300000E+00    7.4351062E-03    7.3119227E-03
    3.7340000E+00    7.4322889E-03    7.3092166E-03
    3.7380000E+00    7.4295137E-03    7.3065509E-03
    3.7420000E+00    7.4267806E-03    7.3039256E-03
    3.7460000E+00    7.4240895E-03    7.3013407E-03
    3.7500000E+00    7.4214406E-03    7.2987963E-03
    3.7540000E+00    7.4188337E-03    7.2962923E-03
    3.7580000E+00    7.4162689E-03    7.2938287E-03
    3.7620000E+00    7.4137462E-03    7.2914055E-03
    3.7660000E+00    7.4112656E-03    7.2890227E-03
    3.7700000E+00    7.4088270E-03    7.2866803E-03
    3.7740000E+00    7.4064305E-03    7.2843784E-03
    3.7780000E+00    7.4040761E-03    7.2821169E-03
    3.7820000E+00    7.4017638E-03    7.2798957E-03
    3.7860000E+00    7.3994935E-03    7.2777150E-03
    3.7900000E+00    7.3972653E-03    7.2755747E-03
    3.7940000E+00    7.3950792E-03    7.2734748E-03
    3.7980000E+00    7.3929351E-03    7.2714153E-03
    3.8020000E+00    7.3908331E-03    7.2693962E-03
    3.8060000E+00    7.3887731E-03    7.2674175E-03
    3.8100000E+00    7.3867552E-03    7.2654792E-03
    3.8140000E+00    7.3847794E-03    7.2635812E-03
    3.8180000E+00    7.3828456E-03    7.2617237E-03
    3.8220000E+00    7.3809539E-03    7.2599066E-03
    3.8260000E+00    7.3791043E-03    7.2581299E-03
    3.8300000E+00    7.3772966E-03    7.2563936E-03
    3.8340000E+00    7.3755311E-03    7.2546976E-03
    3.8380000E+00    7.3738076E-03    7.2530421E-03
    3.8420000E+00    7.3721261E-03    7.2514269E-03
    3.8460000E+00    7.3704867E-03    7.2498521E-03
    3.8500000E+00    7.3688893E-03    7.2483178E-03
    3.8540000E+00    7.3673340E-03    7.2468238E-03
    3.8580000E+00    7.3658207E-03    7.2453702E-03
    3.8620000E+00    7.3643495E-03    7.2439569E-03
    3.8660000E+00    7.3629203E-03    7.2425841E-03
    3.8700000E+00    7.3615332E-03    7.2412516E-03
    3.8740000E+00    7.3601881E-03    7.2399596E-03
    3.8780000E+00    7.3588850E-03    7.2387079E-03
    3.8820000E+00    7.3576240E-03    7.2374966E-03
    3.8860000E+00    7.3564050E-03    7.2363256E-03
    3.8900000E+00    7.3552280E-03    7.2351951E-03
    3.8940000E+00    7.3540931E-03    7.2341049E-03
    3.8980000E+00    7.3530003E-03    7.2330551E-03
    3.9020000E+00    7.3519494E-03    7.2320457E-03
    3.9060000E+00    7.3509406E-03    7.2310767E-03
    3.9100000E+00    7.3499739E-03    7.2301480E-03
    3.9140000E+00    7.3490491E-03    7.2292598E-03
    3.9180000E+00    7.3481664E-03    7.2284119E-03
    3.9220000E+00    7.3473258E-03    7.2276043E-03
    3.9260000E+00    7.3465271E-03    7.2268372E-03
    3.9300000E+00    7.3457705E-03    7.2261104E-03
    3.9340000E+00    7.3450560E-03    7.2254240E-03
    3.9380000E+00    7.3443835E-03    7.2247780E-03
    3.9420000E+00    7.3437530E-03    7.2241724E-03
    3.9460000E+00    7.3431645E-03    7.2236071E-03
    3.9500000E+00    7.3426181E-03    7.2230822E-03
    3.9540000E+00    7.3421137E-03    7.2225977E-03
    3.9580000E+00    7.3416513E-03    7.2221536E-03
    3.9620000E+00    7.3412310E-03    7.2217498E-03
    3.9660000E+00    7.3408527E-03    7.2213864E-03
    3.9700000E+00    7.3405164E-03    7.2210634E-03
    3.9740000E+00    7.3402222E-03    7.2207808E-03
    3.9780000E+00    7.3399700E-03    7.2205385E-03
    3.9820000E+00    7.3397598E-03    7.2203366E-03
    3.9860000E+00    7.3395917E-03    7.2201751E-03
    3.9900000E+00    7.3394656E-03    7.2200540E-03
    3.9940000E+00    7.3393815E-03    7.2199732E-03
    3.9980000E+00    7.3393395E-03    7.2199328E-03
