# Time          1.0000E+01
# Units: Permil
    Distance        SO4--            SO164--         
    2.0000000E-03    2.1030011E+01    8.7527267E+00
    6.0000000E-03    2.1090159E+01    8.9002619E+00
    1.0000000E-02    2.1150496E+01    9.0460972E+00
    1.4000000E-02    2.1211022E+01    9.1902511E+00
    1.8000000E-02    2.1271736E+01    9.3327419E+00
    2.2000000E-02    2.1332638E+01    9.4735877E+00
    2.6000000E-02    2.1393730E+01    9.6128063E+00
    3.0000000E-02    2.1455010E+01    9.7504155E+00
    3.4000000E-02    2.1516480E+01    9.8864328E+00
    3.8000000E-02    2.1578138E+01    1.0020875E+01
    4.2000000E-02    2.1639986E+01    1.0153761E+01
    4.6000000E-02    2.1702023E+01    1.0285105E+01
    5.0000000E-02    2.1764249E+01    1.0414927E+01
    5.4000000E-02    2.1826665E+01    1.0543241E+01
    5.8000000E-02    2.1889270E+01    1.0670064E+01
    6.2000000E-02    2.1952064E+01    1.0795413E+01
    6.6000000E-02    2.2015049E+01    1.0919304E+01
    7.0000000E-02    2.2078223E+01    1.1041753E+01
    7.4000000E-02    2.2141586E+01    1.1162775E+01
    7.8000000E-02    2.2205140E+01    1.1282386E+01
    8.2000000E-02    2.2268883E+01    1.1400602E+01
    8.6000000E-02    2.2332816E+01    1.1517438E+01
    9.0000000E-02    2.2396939E+01    1.1632908E+01
    9.4000000E-02    2.2461252E+01    1.1747028E+01
    9.8000000E-02    2.2525755E+01    1.1859813E+01
    1.0200000E-01    2.2590447E+01    1.1971277E+01
    1.0600000E-01    2.2655330E+01    1.2081435E+01
    1.1000000E-01    2.2720403E+01    1.2190302E+01
    1.1400000E-01    2.2785666E+01    1.2297890E+01
    1.1800000E-01    2.2851119E+01    1.2404215E+01
    1.2200000E-01    2.2916762E+01    1.2509290E+01
    1.2600000E-01    2.2982595E+01    1.2613128E+01
    1.3000000E-01    2.3048618E+01    1.2715745E+01
    1.3400000E-01    2.3114831E+01    1.2817152E+01
    1.3800000E-01    2.3181234E+01    1.2917364E+01
    1.4200000E-01    2.3247828E+01    1.3016394E+01
    1.4600000E-01    2.3314611E+01    1.3114253E+01
    1.5000000E-01    2.3381584E+01    1.3210957E+01
    1.5400000E-01    2.3448747E+01    1.3306516E+01
    1.5800000E-01    2.3516100E+01    1.3400945E+01
    1.6200000E-01    2.3583643E+01    1.3494254E+01
    1.6600000E-01    2.3651375E+01    1.3586458E+01
    1.7000000E-01    2.3719298E+01    1.3677567E+01
    1.7400000E-01    2.3787410E+01    1.3767594E+01
    1.7800000E-01    2.3855712E+01    1.3856551E+01
    1.8200000E-01    2.3924203E+01    1.3944451E+01
    1.8600000E-01    2.3992884E+01    1.4031303E+01
    1.9000000E-01    2.4061755E+01    1.4117121E+01
    1.9400000E-01    2.4130815E+01    1.4201916E+01
    1.9800000E-01    2.4200064E+01    1.4285698E+01
    2.0200000E-01    2.4269503E+01    1.4368480E+01
    2.0600000E-01    2.4339131E+01    1.4450272E+01
    2.1000000E-01    2.4408948E+01    1.4531086E+01
    2.1400000E-01    2.4478954E+01    1.4610932E+01
    2.1800000E-01    2.4549149E+01    1.4689821E+01
    2.2200000E-01    2.4619532E+01    1.4767764E+01
    2.2600000E-01    2.4690105E+01    1.4844770E+01
    2.3000000E-01    2.4760866E+01    1.4920852E+01
    2.3400000E-01    2.4831816E+01    1.4996019E+01
    2.3800000E-01    2.4902954E+01    1.5070281E+01
    2.4200000E-01    2.4974280E+01    1.5143648E+01
    2.4600000E-01    2.5045795E+01    1.5216130E+01
    2.5000000E-01    2.5117497E+01    1.5287738E+01
    2.5400000E-01    2.5189388E+01    1.5358481E+01
    2.5800000E-01    2.5261466E+01    1.5428369E+01
    2.6200000E-01    2.5333732E+01    1.5497411E+01
    2.6600000E-01    2.5406186E+01    1.5565616E+01
    2.7000000E-01    2.5478827E+01    1.5632995E+01
    2.7400000E-01    2.5551655E+01    1.5699557E+01
    2.7800000E-01    2.5624671E+01    1.5765310E+01
    2.8200000E-01    2.5697873E+01    1.5830264E+01
    2.8600000E-01    2.5771262E+01    1.5894427E+01
    2.9000000E-01    2.5844838E+01    1.5957809E+01
    2.9400000E-01    2.5918600E+01    1.6020419E+01
    2.9800000E-01    2.5992549E+01    1.6082265E+01
    3.0200000E-01    2.6066683E+01    1.6143356E+01
    3.0600000E-01    2.6141004E+01    1.6203699E+01
    3.1000000E-01    2.6215510E+01    1.6263305E+01
    3.1400000E-01    2.6290203E+01    1.6322181E+01
    3.1800000E-01    2.6365080E+01    1.6380335E+01
    3.2200000E-01    2.6440143E+01    1.6437776E+01
    3.2600000E-01    2.6515391E+01    1.6494511E+01
    3.3000000E-01    2.6590823E+01    1.6550549E+01
    3.3400000E-01    2.6666441E+01    1.6605897E+01
    3.3800000E-01    2.6742242E+01    1.6660564E+01
    3.4200000E-01    2.6818229E+01    1.6714557E+01
    3.4600000E-01    2.6894399E+01    1.6767884E+01
    3.5000000E-01    2.6970753E+01    1.6820552E+01
    3.5400000E-01    2.7047290E+01    1.6872569E+01
    3.5800000E-01    2.7124011E+01    1.6923942E+01
    3.6200000E-01    2.7200916E+01    1.6974679E+01
    3.6600000E-01    2.7278003E+01    1.7024787E+01
    3.7000000E-01    2.7355273E+01    1.7074272E+01
    3.7400000E-01    2.7432725E+01    1.7123143E+01
    3.7800000E-01    2.7510360E+01    1.7171407E+01
    3.8200000E-01    2.7588177E+01    1.7219069E+01
    3.8600000E-01    2.7666176E+01    1.7266138E+01
    3.9000000E-01    2.7744356E+01    1.7312619E+01
    3.9400000E-01    2.7822718E+01    1.7358520E+01
    3.9800000E-01    2.7901261E+01    1.7403848E+01
    4.0200000E-01    2.7979984E+01    1.7448608E+01
    4.0600000E-01    2.8058888E+01    1.7492808E+01
    4.1000000E-01    2.8137973E+01    1.7536454E+01
    4.1400000E-01    2.8217237E+01    1.7579552E+01
    4.1800000E-01    2.8296682E+01    1.7622108E+01
    4.2200000E-01    2.8376306E+01    1.7664130E+01
    4.2600000E-01    2.8456109E+01    1.7705622E+01
    4.3000000E-01    2.8536091E+01    1.7746592E+01
    4.3400000E-01    2.8616253E+01    1.7787045E+01
    4.3800000E-01    2.8696592E+01    1.7826987E+01
    4.4200000E-01    2.8777110E+01    1.7866424E+01
    4.4600000E-01    2.8857806E+01    1.7905363E+01
    4.5000000E-01    2.8938679E+01    1.7943808E+01
    4.5400000E-01    2.9019730E+01    1.7981765E+01
    4.5800000E-01    2.9100957E+01    1.8019241E+01
    4.6200000E-01    2.9182362E+01    1.8056241E+01
    4.6600000E-01    2.9263943E+01    1.8092770E+01
    4.7000000E-01    2.9345700E+01    1.8128834E+01
    4.7400000E-01    2.9427634E+01    1.8164438E+01
    4.7800000E-01    2.9509742E+01    1.8199588E+01
    4.8200000E-01    2.9592026E+01    1.8234289E+01
    4.8600000E-01    2.9674486E+01    1.8268546E+01
    4.9000000E-01    2.9757119E+01    1.8302365E+01
    4.9400000E-01    2.9839928E+01    1.8335750E+01
    4.9800000E-01    2.9922910E+01    1.8368707E+01
    5.0200000E-01    3.0006066E+01    1.8401241E+01
    5.0600000E-01    3.0089396E+01    1.8433356E+01
    5.1000000E-01    3.0172898E+01    1.8465058E+01
    5.1400000E-01    3.0256574E+01    1.8496352E+01
    5.1800000E-01    3.0340422E+01    1.8527242E+01
    5.2200000E-01    3.0424442E+01    1.8557733E+01
    5.2600000E-01    3.0508634E+01    1.8587830E+01
    5.3000000E-01    3.0592997E+01    1.8617538E+01
    5.3400000E-01    3.0677532E+01    1.8646860E+01
    5.3800000E-01    3.0762238E+01    1.8675803E+01
    5.4200000E-01    3.0847114E+01    1.8704369E+01
    5.4600000E-01    3.0932160E+01    1.8732565E+01
    5.5000000E-01    3.1017377E+01    1.8760393E+01
    5.5400000E-01    3.1102762E+01    1.8787859E+01
    5.5800000E-01    3.1188317E+01    1.8814967E+01
    5.6200000E-01    3.1274041E+01    1.8841721E+01
    5.6600000E-01    3.1359934E+01    1.8868125E+01
    5.7000000E-01    3.1445994E+01    1.8894183E+01
    5.7400000E-01    3.1532222E+01    1.8919900E+01
    5.7800000E-01    3.1618618E+01    1.8945280E+01
    5.8200000E-01    3.1705181E+01    1.8970327E+01
    5.8600000E-01    3.1791911E+01    1.8995045E+01
    5.9000000E-01    3.1878807E+01    1.9019437E+01
    5.9400000E-01    3.1965869E+01    1.9043508E+01
    5.9800000E-01    3.2053097E+01    1.9067261E+01
    6.0200000E-01    3.2140490E+01    1.9090701E+01
    6.0600000E-01    3.2228048E+01    1.9113831E+01
    6.1000000E-01    3.2315771E+01    1.9136655E+01
    6.1400000E-01    3.2403658E+01    1.9159177E+01
    6.1800000E-01    3.2491709E+01    1.9181399E+01
    6.2200000E-01    3.2579924E+01    1.9203327E+01
    6.2600000E-01    3.2668302E+01    1.9224963E+01
    6.3000000E-01    3.2756842E+01    1.9246311E+01
    6.3400000E-01    3.2845545E+01    1.9267375E+01
    6.3800000E-01    3.2934411E+01    1.9288158E+01
    6.4200000E-01    3.3023437E+01    1.9308663E+01
    6.4600000E-01    3.3112626E+01    1.9328894E+01
    6.5000000E-01    3.3201975E+01    1.9348854E+01
    6.5400000E-01    3.3291484E+01    1.9368547E+01
    6.5800000E-01    3.3381154E+01    1.9387975E+01
    6.6200000E-01    3.3470984E+01    1.9407143E+01
    6.6600000E-01    3.3560974E+01    1.9426052E+01
    6.7000000E-01    3.3651122E+01    1.9444707E+01
    6.7400000E-01    3.3741429E+01    1.9463111E+01
    6.7800000E-01    3.3831894E+01    1.9481266E+01
    6.8200000E-01    3.3922518E+01    1.9499176E+01
    6.8600000E-01    3.4013299E+01    1.9516844E+01
    6.9000000E-01    3.4104237E+01    1.9534272E+01
    6.9400000E-01    3.4195332E+01    1.9551464E+01
    6.9800000E-01    3.4286583E+01    1.9568423E+01
    7.0200000E-01    3.4377991E+01    1.9585151E+01
    7.0600000E-01    3.4469554E+01    1.9601652E+01
    7.1000000E-01    3.4561272E+01    1.9617928E+01
    7.1400000E-01    3.4653145E+01    1.9633981E+01
    7.1800000E-01    3.4745173E+01    1.9649816E+01
    7.2200000E-01    3.4837355E+01    1.9665434E+01
    7.2600000E-01    3.4929691E+01    1.9680839E+01
    7.3000000E-01    3.5022180E+01    1.9696032E+01
    7.3400000E-01    3.5114822E+01    1.9711017E+01
    7.3800000E-01    3.5207616E+01    1.9725796E+01
    7.4200000E-01    3.5300563E+01    1.9740372E+01
    7.4600000E-01    3.5393661E+01    1.9754747E+01
    7.5000000E-01    3.5486911E+01    1.9768925E+01
    7.5400000E-01    3.5580312E+01    1.9782906E+01
    7.5800000E-01    3.5673863E+01    1.9796694E+01
    7.6200000E-01    3.5767565E+01    1.9810292E+01
    7.6600000E-01    3.5861417E+01    1.9823701E+01
    7.7000000E-01    3.5955418E+01    1.9836925E+01
    7.7400000E-01    3.6049568E+01    1.9849965E+01
    7.7800000E-01    3.6143866E+01    1.9862823E+01
    7.8200000E-01    3.6238313E+01    1.9875503E+01
    7.8600000E-01    3.6332908E+01    1.9888006E+01
    7.9000000E-01    3.6427650E+01    1.9900335E+01
    7.9400000E-01    3.6522540E+01    1.9912492E+01
    7.9800000E-01    3.6617576E+01    1.9924478E+01
    8.0200000E-01    3.6712758E+01    1.9936297E+01
    8.0600000E-01    3.6808086E+01    1.9947951E+01
    8.1000000E-01    3.6903560E+01    1.9959441E+01
    8.1400000E-01    3.6999179E+01    1.9970769E+01
    8.1800000E-01    3.7094942E+01    1.9981938E+01
    8.2200000E-01    3.7190850E+01    1.9992950E+01
    8.2600000E-01    3.7286902E+01    2.0003807E+01
    8.3000000E-01    3.7383097E+01    2.0014511E+01
    8.3400000E-01    3.7479436E+01    2.0025063E+01
    8.3800000E-01    3.7575917E+01    2.0035466E+01
    8.4200000E-01    3.7672541E+01    2.0045722E+01
    8.4600000E-01    3.7769306E+01    2.0055832E+01
    8.5000000E-01    3.7866214E+01    2.0065799E+01
    8.5400000E-01    3.7963262E+01    2.0075625E+01
    8.5800000E-01    3.8060451E+01    2.0085310E+01
    8.6200000E-01    3.8157781E+01    2.0094858E+01
    8.6600000E-01    3.8255250E+01    2.0104269E+01
    8.7000000E-01    3.8352859E+01    2.0113546E+01
    8.7400000E-01    3.8450608E+01    2.0122691E+01
    8.7800000E-01    3.8548495E+01    2.0131705E+01
    8.8200000E-01    3.8646520E+01    2.0140589E+01
    8.8600000E-01    3.8744684E+01    2.0149346E+01
    8.9000000E-01    3.8842985E+01    2.0157978E+01
    8.9400000E-01    3.8941424E+01    2.0166485E+01
    8.9800000E-01    3.9040000E+01    2.0174870E+01
    9.0200000E-01    3.9138712E+01    2.0183134E+01
    9.0600000E-01    3.9237560E+01    2.0191279E+01
    9.1000000E-01    3.9336543E+01    2.0199306E+01
    9.1400000E-01    3.9435662E+01    2.0207217E+01
    9.1800000E-01    3.9534916E+01    2.0215014E+01
    9.2200000E-01    3.9634305E+01    2.0222698E+01
    9.2600000E-01    3.9733828E+01    2.0230270E+01
    9.3000000E-01    3.9833484E+01    2.0237732E+01
    9.3400000E-01    3.9933274E+01    2.0245086E+01
    9.3800000E-01    4.0033197E+01    2.0252333E+01
    9.4200000E-01    4.0133253E+01    2.0259474E+01
    9.4600000E-01    4.0233440E+01    2.0266511E+01
    9.5000000E-01    4.0333760E+01    2.0273445E+01
    9.5400000E-01    4.0434211E+01    2.0280278E+01
    9.5800000E-01    4.0534793E+01    2.0287011E+01
    9.6200000E-01    4.0635506E+01    2.0293645E+01
    9.6600000E-01    4.0736350E+01    2.0300182E+01
    9.7000000E-01    4.0837323E+01    2.0306623E+01
    9.7400000E-01    4.0938426E+01    2.0312969E+01
    9.7800000E-01    4.1039657E+01    2.0319222E+01
    9.8200000E-01    4.1141018E+01    2.0325383E+01
    9.8600000E-01    4.1242507E+01    2.0331453E+01
    9.9000000E-01    4.1344125E+01    2.0337433E+01
    9.9400000E-01    4.1445870E+01    2.0343325E+01
    9.9800000E-01    4.1547742E+01    2.0349129E+01
    1.0020000E+00    4.1649741E+01    2.0354848E+01
    1.0060000E+00    4.1751867E+01    2.0360482E+01
    1.0100000E+00    4.1854119E+01    2.0366032E+01
    1.0140000E+00    4.1956497E+01    2.0371500E+01
    1.0180000E+00    4.2059000E+01    2.0376886E+01
    1.0220000E+00    4.2161628E+01    2.0382192E+01
    1.0260000E+00    4.2264381E+01    2.0387419E+01
    1.0300000E+00    4.2367259E+01    2.0392569E+01
    1.0340000E+00    4.2470260E+01    2.0397641E+01
    1.0380000E+00    4.2573385E+01    2.0402637E+01
    1.0420000E+00    4.2676633E+01    2.0407559E+01
    1.0460000E+00    4.2780004E+01    2.0412407E+01
    1.0500000E+00    4.2883498E+01    2.0417182E+01
    1.0540000E+00    4.2987114E+01    2.0421885E+01
    1.0580000E+00    4.3090851E+01    2.0426518E+01
    1.0620000E+00    4.3194710E+01    2.0431081E+01
    1.0660000E+00    4.3298690E+01    2.0435575E+01
    1.0700000E+00    4.3402791E+01    2.0440002E+01
    1.0740000E+00    4.3507012E+01    2.0444362E+01
    1.0780000E+00    4.3611353E+01    2.0448656E+01
    1.0820000E+00    4.3715814E+01    2.0452885E+01
    1.0860000E+00    4.3820394E+01    2.0457050E+01
    1.0900000E+00    4.3925093E+01    2.0461152E+01
    1.0940000E+00    4.4029911E+01    2.0465192E+01
    1.0980000E+00    4.4134847E+01    2.0469171E+01
    1.1020000E+00    4.4239900E+01    2.0473089E+01
    1.1060000E+00    4.4345071E+01    2.0476947E+01
    1.1100000E+00    4.4450360E+01    2.0480747E+01
    1.1140000E+00    4.4555765E+01    2.0484489E+01
    1.1180000E+00    4.4661287E+01    2.0488174E+01
    1.1220000E+00    4.4766924E+01    2.0491803E+01
    1.1260000E+00    4.4872678E+01    2.0495376E+01
    1.1300000E+00    4.4978547E+01    2.0498895E+01
    1.1340000E+00    4.5084531E+01    2.0502360E+01
    1.1380000E+00    4.5190630E+01    2.0505772E+01
    1.1420000E+00    4.5296843E+01    2.0509132E+01
    1.1460000E+00    4.5403171E+01    2.0512440E+01
    1.1500000E+00    4.5509612E+01    2.0515697E+01
    1.1540000E+00    4.5616166E+01    2.0518904E+01
    1.1580000E+00    4.5722834E+01    2.0522062E+01
    1.1620000E+00    4.5829614E+01    2.0525172E+01
    1.1660000E+00    4.5936507E+01    2.0528233E+01
    1.1700000E+00    4.6043511E+01    2.0531248E+01
    1.1740000E+00    4.6150628E+01    2.0534215E+01
    1.1780000E+00    4.6257856E+01    2.0537138E+01
    1.1820000E+00    4.6365195E+01    2.0540015E+01
    1.1860000E+00    4.6472644E+01    2.0542847E+01
    1.1900000E+00    4.6580204E+01    2.0545636E+01
    1.1940000E+00    4.6687874E+01    2.0548381E+01
    1.1980000E+00    4.6795654E+01    2.0551084E+01
    1.2020000E+00    4.6903543E+01    2.0553745E+01
    1.2060000E+00    4.7011542E+01    2.0556365E+01
    1.2100000E+00    4.7119649E+01    2.0558944E+01
    1.2140000E+00    4.7227864E+01    2.0561483E+01
    1.2180000E+00    4.7336188E+01    2.0563983E+01
    1.2220000E+00    4.7444620E+01    2.0566444E+01
    1.2260000E+00    4.7553159E+01    2.0568866E+01
    1.2300000E+00    4.7661805E+01    2.0571251E+01
    1.2340000E+00    4.7770558E+01    2.0573599E+01
    1.2380000E+00    4.7879417E+01    2.0575910E+01
    1.2420000E+00    4.7988383E+01    2.0578185E+01
    1.2460000E+00    4.8097455E+01    2.0580424E+01
    1.2500000E+00    4.8206632E+01    2.0582629E+01
    1.2540000E+00    4.8315914E+01    2.0584799E+01
    1.2580000E+00    4.8425302E+01    2.0586935E+01
    1.2620000E+00    4.8534794E+01    2.0589038E+01
    1.2660000E+00    4.8644390E+01    2.0591108E+01
    1.2700000E+00    4.8754091E+01    2.0593145E+01
    1.2740000E+00    4.8863895E+01    2.0595151E+01
    1.2780000E+00    4.8973803E+01    2.0597125E+01
    1.2820000E+00    4.9083813E+01    2.0599068E+01
    1.2860000E+00    4.9193927E+01    2.0600981E+01
    1.2900000E+00    4.9304143E+01    2.0602863E+01
    1.2940000E+00    4.9414461E+01    2.0604716E+01
    1.2980000E+00    4.9524881E+01    2.0606541E+01
    1.3020000E+00    4.9635403E+01    2.0608336E+01
    1.3060000E+00    4.9746026E+01    2.0610103E+01
    1.3100000E+00    4.9856750E+01    2.0611843E+01
    1.3140000E+00    4.9967575E+01    2.0613555E+01
    1.3180000E+00    5.0078500E+01    2.0615240E+01
    1.3220000E+00    5.0189525E+01    2.0616899E+01
    1.3260000E+00    5.0300651E+01    2.0618531E+01
    1.3300000E+00    5.0411875E+01    2.0620138E+01
    1.3340000E+00    5.0523199E+01    2.0621720E+01
    1.3380000E+00    5.0634622E+01    2.0623277E+01
    1.3420000E+00    5.0746143E+01    2.0624809E+01
    1.3460000E+00    5.0857763E+01    2.0626317E+01
    1.3500000E+00    5.0969481E+01    2.0627801E+01
    1.3540000E+00    5.1081296E+01    2.0629262E+01
    1.3580000E+00    5.1193209E+01    2.0630700E+01
    1.3620000E+00    5.1305219E+01    2.0632115E+01
    1.3660000E+00    5.1417326E+01    2.0633509E+01
    1.3700000E+00    5.1529530E+01    2.0634880E+01
    1.3740000E+00    5.1641830E+01    2.0636229E+01
    1.3780000E+00    5.1754226E+01    2.0637557E+01
    1.3820000E+00    5.1866718E+01    2.0638865E+01
    1.3860000E+00    5.1979305E+01    2.0640151E+01
    1.3900000E+00    5.2091988E+01    2.0641418E+01
    1.3940000E+00    5.2204765E+01    2.0642664E+01
    1.3980000E+00    5.2317637E+01    2.0643891E+01
    1.4020000E+00    5.2430604E+01    2.0645099E+01
    1.4060000E+00    5.2543664E+01    2.0646288E+01
    1.4100000E+00    5.2656819E+01    2.0647458E+01
    1.4140000E+00    5.2770066E+01    2.0648609E+01
    1.4180000E+00    5.2883407E+01    2.0649742E+01
    1.4220000E+00    5.2996841E+01    2.0650858E+01
    1.4260000E+00    5.3110368E+01    2.0651956E+01
    1.4300000E+00    5.3223987E+01    2.0653037E+01
    1.4340000E+00    5.3337698E+01    2.0654101E+01
    1.4380000E+00    5.3451501E+01    2.0655148E+01
    1.4420000E+00    5.3565396E+01    2.0656179E+01
    1.4460000E+00    5.3679381E+01    2.0657193E+01
    1.4500000E+00    5.3793458E+01    2.0658192E+01
    1.4540000E+00    5.3907626E+01    2.0659175E+01
    1.4580000E+00    5.4021884E+01    2.0660142E+01
    1.4620000E+00    5.4136232E+01    2.0661095E+01
    1.4660000E+00    5.4250671E+01    2.0662032E+01
    1.4700000E+00    5.4365199E+01    2.0662955E+01
    1.4740000E+00    5.4479816E+01    2.0663864E+01
    1.4780000E+00    5.4594522E+01    2.0664758E+01
    1.4820000E+00    5.4709318E+01    2.0665639E+01
    1.4860000E+00    5.4824202E+01    2.0666505E+01
    1.4900000E+00    5.4939174E+01    2.0667358E+01
    1.4940000E+00    5.5054234E+01    2.0668198E+01
    1.4980000E+00    5.5169382E+01    2.0669025E+01
    1.5020000E+00    5.5284618E+01    2.0669839E+01
    1.5060000E+00    5.5399941E+01    2.0670641E+01
    1.5100000E+00    5.5515350E+01    2.0671430E+01
    1.5140000E+00    5.5630847E+01    2.0672206E+01
    1.5180000E+00    5.5746430E+01    2.0672971E+01
    1.5220000E+00    5.5862099E+01    2.0673724E+01
    1.5260000E+00    5.5977854E+01    2.0674465E+01
    1.5300000E+00    5.6093694E+01    2.0675195E+01
    1.5340000E+00    5.6209620E+01    2.0675914E+01
    1.5380000E+00    5.6325632E+01    2.0676622E+01
    1.5420000E+00    5.6441727E+01    2.0677318E+01
    1.5460000E+00    5.6557908E+01    2.0678004E+01
    1.5500000E+00    5.6674173E+01    2.0678680E+01
    1.5540000E+00    5.6790522E+01    2.0679345E+01
    1.5580000E+00    5.6906954E+01    2.0680000E+01
    1.5620000E+00    5.7023471E+01    2.0680645E+01
    1.5660000E+00    5.7140070E+01    2.0681281E+01
    1.5700000E+00    5.7256752E+01    2.0681906E+01
    1.5740000E+00    5.7373518E+01    2.0682522E+01
    1.5780000E+00    5.7490365E+01    2.0683129E+01
    1.5820000E+00    5.7607295E+01    2.0683727E+01
    1.5860000E+00    5.7724307E+01    2.0684315E+01
    1.5900000E+00    5.7841400E+01    2.0684895E+01
    1.5940000E+00    5.7958575E+01    2.0685466E+01
    1.5980000E+00    5.8075830E+01    2.0686028E+01
    1.6020000E+00    5.8193167E+01    2.0686582E+01
    1.6060000E+00    5.8310584E+01    2.0687128E+01
    1.6100000E+00    5.8428082E+01    2.0687666E+01
    1.6140000E+00    5.8545660E+01    2.0688195E+01
    1.6180000E+00    5.8663317E+01    2.0688717E+01
    1.6220000E+00    5.8781054E+01    2.0689231E+01
    1.6260000E+00    5.8898870E+01    2.0689737E+01
    1.6300000E+00    5.9016765E+01    2.0690236E+01
    1.6340000E+00    5.9134739E+01    2.0690727E+01
    1.6380000E+00    5.9252792E+01    2.0691212E+01
    1.6420000E+00    5.9370922E+01    2.0691689E+01
    1.6460000E+00    5.9489131E+01    2.0692159E+01
    1.6500000E+00    5.9607417E+01    2.0692622E+01
    1.6540000E+00    5.9725780E+01    2.0693079E+01
    1.6580000E+00    5.9844221E+01    2.0693529E+01
    1.6620000E+00    5.9962738E+01    2.0693973E+01
    1.6660000E+00    6.0081332E+01    2.0694410E+01
    1.6700000E+00    6.0200002E+01    2.0694840E+01
    1.6740000E+00    6.0318749E+01    2.0695265E+01
    1.6780000E+00    6.0437571E+01    2.0695684E+01
    1.6820000E+00    6.0556468E+01    2.0696096E+01
    1.6860000E+00    6.0675441E+01    2.0696503E+01
    1.6900000E+00    6.0794488E+01    2.0696904E+01
    1.6940000E+00    6.0913610E+01    2.0697299E+01
    1.6980000E+00    6.1032807E+01    2.0697689E+01
    1.7020000E+00    6.1152078E+01    2.0698073E+01
    1.7060000E+00    6.1271422E+01    2.0698452E+01
    1.7100000E+00    6.1390840E+01    2.0698825E+01
    1.7140000E+00    6.1510331E+01    2.0699194E+01
    1.7180000E+00    6.1629895E+01    2.0699557E+01
    1.7220000E+00    6.1749532E+01    2.0699915E+01
    1.7260000E+00    6.1869241E+01    2.0700268E+01
    1.7300000E+00    6.1989023E+01    2.0700617E+01
    1.7340000E+00    6.2108876E+01    2.0700960E+01
    1.7380000E+00    6.2228800E+01    2.0701299E+01
    1.7420000E+00    6.2348796E+01    2.0701634E+01
    1.7460000E+00    6.2468863E+01    2.0701964E+01
    1.7500000E+00    6.2589001E+01    2.0702289E+01
    1.7540000E+00    6.2709209E+01    2.0702610E+01
    1.7580000E+00    6.2829487E+01    2.0702927E+01
    1.7620000E+00    6.2949835E+01    2.0703240E+01
    1.7660000E+00    6.3070253E+01    2.0703548E+01
    1.7700000E+00    6.3190739E+01    2.0703853E+01
    1.7740000E+00    6.3311295E+01    2.0704153E+01
    1.7780000E+00    6.3431919E+01    2.0704450E+01
    1.7820000E+00    6.3552612E+01    2.0704742E+01
    1.7860000E+00    6.3673372E+01    2.0705031E+01
    1.7900000E+00    6.3794201E+01    2.0705316E+01
    1.7940000E+00    6.3915097E+01    2.0705598E+01
    1.7980000E+00    6.4036060E+01    2.0705875E+01
    1.8020000E+00    6.4157089E+01    2.0706150E+01
    1.8060000E+00    6.4278186E+01    2.0706421E+01
    1.8100000E+00    6.4399348E+01    2.0706688E+01
    1.8140000E+00    6.4520577E+01    2.0706952E+01
    1.8180000E+00    6.4641871E+01    2.0707213E+01
    1.8220000E+00    6.4763230E+01    2.0707471E+01
    1.8260000E+00    6.4884654E+01    2.0707725E+01
    1.8300000E+00    6.5006143E+01    2.0707976E+01
    1.8340000E+00    6.5127697E+01    2.0708224E+01
    1.8380000E+00    6.5249314E+01    2.0708470E+01
    1.8420000E+00    6.5370995E+01    2.0708712E+01
    1.8460000E+00    6.5492739E+01    2.0708951E+01
    1.8500000E+00    6.5614547E+01    2.0709188E+01
    1.8540000E+00    6.5736417E+01    2.0709421E+01
    1.8580000E+00    6.5858350E+01    2.0709652E+01
    1.8620000E+00    6.5980344E+01    2.0709880E+01
    1.8660000E+00    6.6102401E+01    2.0710106E+01
    1.8700000E+00    6.6224519E+01    2.0710329E+01
    1.8740000E+00    6.6346698E+01    2.0710549E+01
    1.8780000E+00    6.6468938E+01    2.0710767E+01
    1.8820000E+00    6.6591238E+01    2.0710982E+01
    1.8860000E+00    6.6713598E+01    2.0711195E+01
    1.8900000E+00    6.6836018E+01    2.0711406E+01
    1.8940000E+00    6.6958497E+01    2.0711614E+01
    1.8980000E+00    6.7081036E+01    2.0711820E+01
    1.9020000E+00    6.7203633E+01    2.0712023E+01
    1.9060000E+00    6.7326288E+01    2.0712224E+01
    1.9100000E+00    6.7449002E+01    2.0712423E+01
    1.9140000E+00    6.7571773E+01    2.0712620E+01
    1.9180000E+00    6.7694601E+01    2.0712815E+01
    1.9220000E+00    6.7817486E+01    2.0713008E+01
    1.9260000E+00    6.7940428E+01    2.0713198E+01
    1.9300000E+00    6.8063426E+01    2.0713387E+01
    1.9340000E+00    6.8186480E+01    2.0713574E+01
    1.9380000E+00    6.8309589E+01    2.0713758E+01
    1.9420000E+00    6.8432754E+01    2.0713941E+01
    1.9460000E+00    6.8555973E+01    2.0714122E+01
    1.9500000E+00    6.8679247E+01    2.0714301E+01
    1.9540000E+00    6.8802574E+01    2.0714478E+01
    1.9580000E+00    6.8925955E+01    2.0714654E+01
    1.9620000E+00    6.9049389E+01    2.0714828E+01
    1.9660000E+00    6.9172876E+01    2.0715000E+01
    1.9700000E+00    6.9296416E+01    2.0715170E+01
    1.9740000E+00    6.9420007E+01    2.0715338E+01
    1.9780000E+00    6.9543651E+01    2.0715505E+01
    1.9820000E+00    6.9667345E+01    2.0715671E+01
    1.9860000E+00    6.9791090E+01    2.0715835E+01
    1.9900000E+00    6.9914886E+01    2.0715997E+01
    1.9940000E+00    7.0038732E+01    2.0716157E+01
    1.9980000E+00    7.0162627E+01    2.0716317E+01
    2.0020000E+00    7.0286572E+01    2.0716474E+01
    2.0060000E+00    7.0410565E+01    2.0716631E+01
    2.0100000E+00    7.0534607E+01    2.0716785E+01
    2.0140000E+00    7.0658697E+01    2.0716939E+01
    2.0180000E+00    7.0782834E+01    2.0717091E+01
    2.0220000E+00    7.0907019E+01    2.0717241E+01
    2.0260000E+00    7.1031250E+01    2.0717391E+01
    2.0300000E+00    7.1155528E+01    2.0717539E+01
    2.0340000E+00    7.1279851E+01    2.0717685E+01
    2.0380000E+00    7.1404220E+01    2.0717831E+01
    2.0420000E+00    7.1528633E+01    2.0717975E+01
    2.0460000E+00    7.1653092E+01    2.0718118E+01
    2.0500000E+00    7.1777594E+01    2.0718260E+01
    2.0540000E+00    7.1902140E+01    2.0718400E+01
    2.0580000E+00    7.2026729E+01    2.0718539E+01
    2.0620000E+00    7.2151360E+01    2.0718678E+01
    2.0660000E+00    7.2276034E+01    2.0718815E+01
    2.0700000E+00    7.2400750E+01    2.0718951E+01
    2.0740000E+00    7.2525507E+01    2.0719085E+01
    2.0780000E+00    7.2650305E+01    2.0719219E+01
    2.0820000E+00    7.2775143E+01    2.0719352E+01
    2.0860000E+00    7.2900021E+01    2.0719483E+01
    2.0900000E+00    7.3024939E+01    2.0719614E+01
    2.0940000E+00    7.3149896E+01    2.0719744E+01
    2.0980000E+00    7.3274890E+01    2.0719872E+01
    2.1020000E+00    7.3399923E+01    2.0720000E+01
    2.1060000E+00    7.3524994E+01    2.0720126E+01
    2.1100000E+00    7.3650101E+01    2.0720252E+01
    2.1140000E+00    7.3775244E+01    2.0720377E+01
    2.1180000E+00    7.3900424E+01    2.0720501E+01
    2.1220000E+00    7.4025639E+01    2.0720623E+01
    2.1260000E+00    7.4150889E+01    2.0720745E+01
    2.1300000E+00    7.4276173E+01    2.0720867E+01
    2.1340000E+00    7.4401492E+01    2.0720987E+01
    2.1380000E+00    7.4526843E+01    2.0721106E+01
    2.1420000E+00    7.4652227E+01    2.0721225E+01
    2.1460000E+00    7.4777644E+01    2.0721342E+01
    2.1500000E+00    7.4903092E+01    2.0721459E+01
    2.1540000E+00    7.5028572E+01    2.0721575E+01
    2.1580000E+00    7.5154082E+01    2.0721691E+01
    2.1620000E+00    7.5279622E+01    2.0721805E+01
    2.1660000E+00    7.5405192E+01    2.0721919E+01
    2.1700000E+00    7.5530791E+01    2.0722032E+01
    2.1740000E+00    7.5656418E+01    2.0722144E+01
    2.1780000E+00    7.5782073E+01    2.0722255E+01
    2.1820000E+00    7.5907755E+01    2.0722366E+01
    2.1860000E+00    7.6033464E+01    2.0722476E+01
    2.1900000E+00    7.6159199E+01    2.0722585E+01
    2.1940000E+00    7.6284960E+01    2.0722694E+01
    2.1980000E+00    7.6410745E+01    2.0722802E+01
    2.2020000E+00    7.6536555E+01    2.0722909E+01
    2.2060000E+00    7.6662389E+01    2.0723016E+01
    2.2100000E+00    7.6788246E+01    2.0723121E+01
    2.2140000E+00    7.6914125E+01    2.0723227E+01
    2.2180000E+00    7.7040026E+01    2.0723331E+01
    2.2220000E+00    7.7165949E+01    2.0723435E+01
    2.2260000E+00    7.7291892E+01    2.0723539E+01
    2.2300000E+00    7.7417855E+01    2.0723641E+01
    2.2340000E+00    7.7543837E+01    2.0723743E+01
    2.2380000E+00    7.7669839E+01    2.0723845E+01
    2.2420000E+00    7.7795858E+01    2.0723946E+01
    2.2460000E+00    7.7921895E+01    2.0724046E+01
    2.2500000E+00    7.8047949E+01    2.0724146E+01
    2.2540000E+00    7.8174019E+01    2.0724245E+01
    2.2580000E+00    7.8300105E+01    2.0724343E+01
    2.2620000E+00    7.8426205E+01    2.0724442E+01
    2.2660000E+00    7.8552320E+01    2.0724539E+01
    2.2700000E+00    7.8678448E+01    2.0724636E+01
    2.2740000E+00    7.8804589E+01    2.0724732E+01
    2.2780000E+00    7.8930742E+01    2.0724828E+01
    2.2820000E+00    7.9056906E+01    2.0724924E+01
    2.2860000E+00    7.9183082E+01    2.0725018E+01
    2.2900000E+00    7.9309267E+01    2.0725113E+01
    2.2940000E+00    7.9435462E+01    2.0725206E+01
    2.2980000E+00    7.9561665E+01    2.0725300E+01
    2.3020000E+00    7.9687876E+01    2.0725393E+01
    2.3060000E+00    7.9814094E+01    2.0725485E+01
    2.3100000E+00    7.9940319E+01    2.0725577E+01
    2.3140000E+00    8.0066550E+01    2.0725668E+01
    2.3180000E+00    8.0192785E+01    2.0725759E+01
    2.3220000E+00    8.0319025E+01    2.0725849E+01
    2.3260000E+00    8.0445269E+01    2.0725939E+01
    2.3300000E+00    8.0571515E+01    2.0726029E+01
    2.3340000E+00    8.0697763E+01    2.0726118E+01
    2.3380000E+00    8.0824012E+01    2.0726206E+01
    2.3420000E+00    8.0950262E+01    2.0726294E+01
    2.3460000E+00    8.1076511E+01    2.0726382E+01
    2.3500000E+00    8.1202759E+01    2.0726469E+01
    2.3540000E+00    8.1329006E+01    2.0726556E+01
    2.3580000E+00    8.1455249E+01    2.0726643E+01
    2.3620000E+00    8.1581490E+01    2.0726729E+01
    2.3660000E+00    8.1707725E+01    2.0726814E+01
    2.3700000E+00    8.1833956E+01    2.0726899E+01
    2.3740000E+00    8.1960181E+01    2.0726984E+01
    2.3780000E+00    8.2086399E+01    2.0727068E+01
    2.3820000E+00    8.2212610E+01    2.0727152E+01
    2.3860000E+00    8.2338812E+01    2.0727236E+01
    2.3900000E+00    8.2465004E+01    2.0727319E+01
    2.3940000E+00    8.2591187E+01    2.0727402E+01
    2.3980000E+00    8.2717359E+01    2.0727484E+01
    2.4020000E+00    8.2843519E+01    2.0727566E+01
    2.4060000E+00    8.2969666E+01    2.0727648E+01
    2.4100000E+00    8.3095800E+01    2.0727729E+01
    2.4140000E+00    8.3221919E+01    2.0727810E+01
    2.4180000E+00    8.3348023E+01    2.0727890E+01
    2.4220000E+00    8.3474111E+01    2.0727971E+01
    2.4260000E+00    8.3600181E+01    2.0728050E+01
    2.4300000E+00    8.3726234E+01    2.0728130E+01
    2.4340000E+00    8.3852268E+01    2.0728209E+01
    2.4380000E+00    8.3978282E+01    2.0728287E+01
    2.4420000E+00    8.4104275E+01    2.0728366E+01
    2.4460000E+00    8.4230246E+01    2.0728444E+01
    2.4500000E+00    8.4356195E+01    2.0728521E+01
    2.4540000E+00    8.4482121E+01    2.0728599E+01
    2.4580000E+00    8.4608022E+01    2.0728676E+01
    2.4620000E+00    8.4733897E+01    2.0728752E+01
    2.4660000E+00    8.4859746E+01    2.0728828E+01
    2.4700000E+00    8.4985568E+01    2.0728904E+01
    2.4740000E+00    8.5111361E+01    2.0728980E+01
    2.4780000E+00    8.5237126E+01    2.0729055E+01
    2.4820000E+00    8.5362859E+01    2.0729130E+01
    2.4860000E+00    8.5488562E+01    2.0729205E+01
    2.4900000E+00    8.5614232E+01    2.0729279E+01
    2.4940000E+00    8.5739869E+01    2.0729353E+01
    2.4980000E+00    8.5865472E+01    2.0729427E+01
    2.5020000E+00    8.5991039E+01    2.0729500E+01
    2.5060000E+00    8.6116570E+01    2.0729573E+01
    2.5100000E+00    8.6242064E+01    2.0729646E+01
    2.5140000E+00    8.6367519E+01    2.0729719E+01
    2.5180000E+00    8.6492935E+01    2.0729791E+01
    2.5220000E+00    8.6618311E+01    2.0729862E+01
    2.5260000E+00    8.6743645E+01    2.0729934E+01
    2.5300000E+00    8.6868936E+01    2.0730005E+01
    2.5340000E+00    8.6994184E+01    2.0730076E+01
    2.5380000E+00    8.7119386E+01    2.0730147E+01
    2.5420000E+00    8.7244543E+01    2.0730217E+01
    2.5460000E+00    8.7369653E+01    2.0730287E+01
    2.5500000E+00    8.7494715E+01    2.0730357E+01
    2.5540000E+00    8.7619728E+01    2.0730426E+01
    2.5580000E+00    8.7744691E+01    2.0730495E+01
    2.5620000E+00    8.7869602E+01    2.0730564E+01
    2.5660000E+00    8.7994461E+01    2.0730633E+01
    2.5700000E+00    8.8119267E+01    2.0730701E+01
    2.5740000E+00    8.8244017E+01    2.0730769E+01
    2.5780000E+00    8.8368712E+01    2.0730837E+01
    2.5820000E+00    8.8493349E+01    2.0730905E+01
    2.5860000E+00    8.8617929E+01    2.0730972E+01
    2.5900000E+00    8.8742448E+01    2.0731039E+01
    2.5940000E+00    8.8866908E+01    2.0731105E+01
    2.5980000E+00    8.8991306E+01    2.0731172E+01
    2.6020000E+00    8.9115640E+01    2.0731238E+01
    2.6060000E+00    8.9239911E+01    2.0731304E+01
    2.6100000E+00    8.9364116E+01    2.0731369E+01
    2.6140000E+00    8.9488255E+01    2.0731434E+01
    2.6180000E+00    8.9612326E+01    2.0731499E+01
    2.6220000E+00    8.9736329E+01    2.0731564E+01
    2.6260000E+00    8.9860261E+01    2.0731629E+01
    2.6300000E+00    8.9984121E+01    2.0731693E+01
    2.6340000E+00    9.0107909E+01    2.0731757E+01
    2.6380000E+00    9.0231623E+01    2.0731820E+01
    2.6420000E+00    9.0355262E+01    2.0731884E+01
    2.6460000E+00    9.0478824E+01    2.0731947E+01
    2.6500000E+00    9.0602309E+01    2.0732010E+01
    2.6540000E+00    9.0725715E+01    2.0732073E+01
    2.6580000E+00    9.0849040E+01    2.0732135E+01
    2.6620000E+00    9.0972284E+01    2.0732197E+01
    2.6660000E+00    9.1095445E+01    2.0732259E+01
    2.6700000E+00    9.1218522E+01    2.0732321E+01
    2.6740000E+00    9.1341513E+01    2.0732382E+01
    2.6780000E+00    9.1464418E+01    2.0732443E+01
    2.6820000E+00    9.1587234E+01    2.0732504E+01
    2.6860000E+00    9.1709961E+01    2.0732565E+01
    2.6900000E+00    9.1832597E+01    2.0732625E+01
    2.6940000E+00    9.1955141E+01    2.0732686E+01
    2.6980000E+00    9.2077591E+01    2.0732745E+01
    2.7020000E+00    9.2199947E+01    2.0732805E+01
    2.7060000E+00    9.2322206E+01    2.0732865E+01
    2.7100000E+00    9.2444368E+01    2.0732924E+01
    2.7140000E+00    9.2566430E+01    2.0732983E+01
    2.7180000E+00    9.2688392E+01    2.0733041E+01
    2.7220000E+00    9.2810253E+01    2.0733100E+01
    2.7260000E+00    9.2932010E+01    2.0733158E+01
    2.7300000E+00    9.3053662E+01    2.0733216E+01
    2.7340000E+00    9.3175209E+01    2.0733274E+01
    2.7380000E+00    9.3296648E+01    2.0733331E+01
    2.7420000E+00    9.3417977E+01    2.0733389E+01
    2.7460000E+00    9.3539197E+01    2.0733446E+01
    2.7500000E+00    9.3660305E+01    2.0733502E+01
    2.7540000E+00    9.3781299E+01    2.0733559E+01
    2.7580000E+00    9.3902179E+01    2.0733615E+01
    2.7620000E+00    9.4022942E+01    2.0733671E+01
    2.7660000E+00    9.4143588E+01    2.0733727E+01
    2.7700000E+00    9.4264115E+01    2.0733783E+01
    2.7740000E+00    9.4384521E+01    2.0733838E+01
    2.7780000E+00    9.4504804E+01    2.0733894E+01
    2.7820000E+00    9.4624965E+01    2.0733949E+01
    2.7860000E+00    9.4744999E+01    2.0734003E+01
    2.7900000E+00    9.4864908E+01    2.0734058E+01
    2.7940000E+00    9.4984687E+01    2.0734112E+01
    2.7980000E+00    9.5104338E+01    2.0734166E+01
    2.8020000E+00    9.5223856E+01    2.0734220E+01
    2.8060000E+00    9.5343242E+01    2.0734273E+01
    2.8100000E+00    9.5462494E+01    2.0734327E+01
    2.8140000E+00    9.5581609E+01    2.0734380E+01
    2.8180000E+00    9.5700587E+01    2.0734433E+01
    2.8220000E+00    9.5819426E+01    2.0734486E+01
    2.8260000E+00    9.5938124E+01    2.0734538E+01
    2.8300000E+00    9.6056680E+01    2.0734590E+01
    2.8340000E+00    9.6175092E+01    2.0734642E+01
    2.8380000E+00    9.6293358E+01    2.0734694E+01
    2.8420000E+00    9.6411477E+01    2.0734746E+01
    2.8460000E+00    9.6529448E+01    2.0734797E+01
    2.8500000E+00    9.6647268E+01    2.0734848E+01
    2.8540000E+00    9.6764936E+01    2.0734899E+01
    2.8580000E+00    9.6882450E+01    2.0734950E+01
    2.8620000E+00    9.6999810E+01    2.0735001E+01
    2.8660000E+00    9.7117012E+01    2.0735051E+01
    2.8700000E+00    9.7234056E+01    2.0735101E+01
    2.8740000E+00    9.7350939E+01    2.0735151E+01
    2.8780000E+00    9.7467661E+01    2.0735200E+01
    2.8820000E+00    9.7584219E+01    2.0735250E+01
    2.8860000E+00    9.7700611E+01    2.0735299E+01
    2.8900000E+00    9.7816837E+01    2.0735348E+01
    2.8940000E+00    9.7932894E+01    2.0735397E+01
    2.8980000E+00    9.8048781E+01    2.0735445E+01
    2.9020000E+00    9.8164495E+01    2.0735494E+01
    2.9060000E+00    9.8280036E+01    2.0735542E+01
    2.9100000E+00    9.8395401E+01    2.0735590E+01
    2.9140000E+00    9.8510589E+01    2.0735638E+01
    2.9180000E+00    9.8625599E+01    2.0735685E+01
    2.9220000E+00    9.8740427E+01    2.0735732E+01
    2.9260000E+00    9.8855073E+01    2.0735780E+01
    2.9300000E+00    9.8969535E+01    2.0735826E+01
    2.9340000E+00    9.9083810E+01    2.0735873E+01
    2.9380000E+00    9.9197898E+01    2.0735920E+01
    2.9420000E+00    9.9311797E+01    2.0735966E+01
    2.9460000E+00    9.9425504E+01    2.0736012E+01
    2.9500000E+00    9.9539018E+01    2.0736058E+01
    2.9540000E+00    9.9652337E+01    2.0736104E+01
    2.9580000E+00    9.9765460E+01    2.0736149E+01
    2.9620000E+00    9.9878384E+01    2.0736194E+01
    2.9660000E+00    9.9991108E+01    2.0736239E+01
    2.9700000E+00    1.0010363E+02    2.0736284E+01
    2.9740000E+00    1.0021595E+02    2.0736329E+01
    2.9780000E+00    1.0032806E+02    2.0736373E+01
    2.9820000E+00    1.0043997E+02    2.0736417E+01
    2.9860000E+00    1.0055166E+02    2.0736461E+01
    2.9900000E+00    1.0066315E+02    2.0736505E+01
    2.9940000E+00    1.0077442E+02    2.0736549E+01
    2.9980000E+00    1.0088547E+02    2.0736592E+01
    3.0020000E+00    1.0099631E+02    2.0736636E+01
    3.0060000E+00    1.0110693E+02    2.0736679E+01
    3.0100000E+00    1.0121733E+02    2.0736721E+01
    3.0140000E+00    1.0132751E+02    2.0736764E+01
    3.0180000E+00    1.0143747E+02    2.0736806E+01
    3.0220000E+00    1.0154719E+02    2.0736849E+01
    3.0260000E+00    1.0165669E+02    2.0736891E+01
    3.0300000E+00    1.0176596E+02    2.0736932E+01
    3.0340000E+00    1.0187500E+02    2.0736974E+01
    3.0380000E+00    1.0198381E+02    2.0737016E+01
    3.0420000E+00    1.0209238E+02    2.0737057E+01
    3.0460000E+00    1.0220071E+02    2.0737098E+01
    3.0500000E+00    1.0230880E+02    2.0737139E+01
    3.0540000E+00    1.0241665E+02    2.0737179E+01
    3.0580000E+00    1.0252426E+02    2.0737220E+01
    3.0620000E+00    1.0263162E+02    2.0737260E+01
    3.0660000E+00    1.0273874E+02    2.0737300E+01
    3.0700000E+00    1.0284561E+02    2.0737340E+01
    3.0740000E+00    1.0295222E+02    2.0737380E+01
    3.0780000E+00    1.0305858E+02    2.0737419E+01
    3.0820000E+00    1.0316469E+02    2.0737458E+01
    3.0860000E+00    1.0327054E+02    2.0737497E+01
    3.0900000E+00    1.0337614E+02    2.0737536E+01
    3.0940000E+00    1.0348147E+02    2.0737575E+01
    3.0980000E+00    1.0358654E+02    2.0737614E+01
    3.1020000E+00    1.0369134E+02    2.0737652E+01
    3.1060000E+00    1.0379588E+02    2.0737690E+01
    3.1100000E+00    1.0390015E+02    2.0737728E+01
    3.1140000E+00    1.0400415E+02    2.0737766E+01
    3.1180000E+00    1.0410787E+02    2.0737803E+01
    3.1220000E+00    1.0421133E+02    2.0737841E+01
    3.1260000E+00    1.0431450E+02    2.0737878E+01
    3.1300000E+00    1.0441740E+02    2.0737915E+01
    3.1340000E+00    1.0452002E+02    2.0737951E+01
    3.1380000E+00    1.0462235E+02    2.0737988E+01
    3.1420000E+00    1.0472440E+02    2.0738024E+01
    3.1460000E+00    1.0482616E+02    2.0738061E+01
    3.1500000E+00    1.0492764E+02    2.0738097E+01
    3.1540000E+00    1.0502882E+02    2.0738133E+01
    3.1580000E+00    1.0512972E+02    2.0738168E+01
    3.1620000E+00    1.0523031E+02    2.0738204E+01
    3.1660000E+00    1.0533061E+02    2.0738239E+01
    3.1700000E+00    1.0543062E+02    2.0738274E+01
    3.1740000E+00    1.0553032E+02    2.0738309E+01
    3.1780000E+00    1.0562972E+02    2.0738344E+01
    3.1820000E+00    1.0572881E+02    2.0738378E+01
    3.1860000E+00    1.0582760E+02    2.0738413E+01
    3.1900000E+00    1.0592608E+02    2.0738447E+01
    3.1940000E+00    1.0602425E+02    2.0738481E+01
    3.1980000E+00    1.0612211E+02    2.0738514E+01
    3.2020000E+00    1.0621965E+02    2.0738548E+01
    3.2060000E+00    1.0631688E+02    2.0738581E+01
    3.2100000E+00    1.0641379E+02    2.0738615E+01
    3.2140000E+00    1.0651037E+02    2.0738648E+01
    3.2180000E+00    1.0660664E+02    2.0738681E+01
    3.2220000E+00    1.0670257E+02    2.0738713E+01
    3.2260000E+00    1.0679819E+02    2.0738746E+01
    3.2300000E+00    1.0689347E+02    2.0738778E+01
    3.2340000E+00    1.0698842E+02    2.0738810E+01
    3.2380000E+00    1.0708304E+02    2.0738842E+01
    3.2420000E+00    1.0717733E+02    2.0738874E+01
    3.2460000E+00    1.0727127E+02    2.0738906E+01
    3.2500000E+00    1.0736488E+02    2.0738937E+01
    3.2540000E+00    1.0745815E+02    2.0738968E+01
    3.2580000E+00    1.0755107E+02    2.0738999E+01
    3.2620000E+00    1.0764365E+02    2.0739030E+01
    3.2660000E+00    1.0773589E+02    2.0739061E+01
    3.2700000E+00    1.0782777E+02    2.0739091E+01
    3.2740000E+00    1.0791930E+02    2.0739122E+01
    3.2780000E+00    1.0801048E+02    2.0739152E+01
    3.2820000E+00    1.0810130E+02    2.0739182E+01
    3.2860000E+00    1.0819177E+02    2.0739211E+01
    3.2900000E+00    1.0828187E+02    2.0739241E+01
    3.2940000E+00    1.0837162E+02    2.0739270E+01
    3.2980000E+00    1.0846100E+02    2.0739300E+01
    3.3020000E+00    1.0855002E+02    2.0739329E+01
    3.3060000E+00    1.0863867E+02    2.0739358E+01
    3.3100000E+00    1.0872695E+02    2.0739386E+01
    3.3140000E+00    1.0881485E+02    2.0739415E+01
    3.3180000E+00    1.0890239E+02    2.0739443E+01
    3.3220000E+00    1.0898955E+02    2.0739471E+01
    3.3260000E+00    1.0907633E+02    2.0739499E+01
    3.3300000E+00    1.0916273E+02    2.0739527E+01
    3.3340000E+00    1.0924875E+02    2.0739555E+01
    3.3380000E+00    1.0933439E+02    2.0739582E+01
    3.3420000E+00    1.0941964E+02    2.0739610E+01
    3.3460000E+00    1.0950450E+02    2.0739637E+01
    3.3500000E+00    1.0958897E+02    2.0739664E+01
    3.3540000E+00    1.0967306E+02    2.0739690E+01
    3.3580000E+00    1.0975675E+02    2.0739717E+01
    3.3620000E+00    1.0984004E+02    2.0739743E+01
    3.3660000E+00    1.0992293E+02    2.0739770E+01
    3.3700000E+00    1.1000543E+02    2.0739796E+01
    3.3740000E+00    1.1008752E+02    2.0739822E+01
    3.3780000E+00    1.1016921E+02    2.0739847E+01
    3.3820000E+00    1.1025050E+02    2.0739873E+01
    3.3860000E+00    1.1033138E+02    2.0739898E+01
    3.3900000E+00    1.1041184E+02    2.0739923E+01
    3.3940000E+00    1.1049190E+02    2.0739948E+01
    3.3980000E+00    1.1057154E+02    2.0739973E+01
    3.4020000E+00    1.1065077E+02    2.0739998E+01
    3.4060000E+00    1.1072958E+02    2.0740022E+01
    3.4100000E+00    1.1080798E+02    2.0740047E+01
    3.4140000E+00    1.1088595E+02    2.0740071E+01
    3.4180000E+00    1.1096349E+02    2.0740095E+01
    3.4220000E+00    1.1104061E+02    2.0740118E+01
    3.4260000E+00    1.1111731E+02    2.0740142E+01
    3.4300000E+00    1.1119358E+02    2.0740166E+01
    3.4340000E+00    1.1126941E+02    2.0740189E+01
    3.4380000E+00    1.1134481E+02    2.0740212E+01
    3.4420000E+00    1.1141978E+02    2.0740235E+01
    3.4460000E+00    1.1149431E+02    2.0740258E+01
    3.4500000E+00    1.1156841E+02    2.0740280E+01
    3.4540000E+00    1.1164206E+02    2.0740303E+01
    3.4580000E+00    1.1171527E+02    2.0740325E+01
    3.4620000E+00    1.1178804E+02    2.0740347E+01
    3.4660000E+00    1.1186036E+02    2.0740369E+01
    3.4700000E+00    1.1193223E+02    2.0740391E+01
    3.4740000E+00    1.1200365E+02    2.0740412E+01
    3.4780000E+00    1.1207463E+02    2.0740434E+01
    3.4820000E+00    1.1214514E+02    2.0740455E+01
    3.4860000E+00    1.1221521E+02    2.0740476E+01
    3.4900000E+00    1.1228481E+02    2.0740497E+01
    3.4940000E+00    1.1235396E+02    2.0740517E+01
    3.4980000E+00    1.1242265E+02    2.0740538E+01
    3.5020000E+00    1.1249087E+02    2.0740558E+01
    3.5060000E+00    1.1255863E+02    2.0740579E+01
    3.5100000E+00    1.1262593E+02    2.0740599E+01
    3.5140000E+00    1.1269275E+02    2.0740618E+01
    3.5180000E+00    1.1275911E+02    2.0740638E+01
    3.5220000E+00    1.1282499E+02    2.0740658E+01
    3.5260000E+00    1.1289041E+02    2.0740677E+01
    3.5300000E+00    1.1295534E+02    2.0740696E+01
    3.5340000E+00    1.1301980E+02    2.0740715E+01
    3.5380000E+00    1.1308379E+02    2.0740734E+01
    3.5420000E+00    1.1314729E+02    2.0740753E+01
    3.5460000E+00    1.1321031E+02    2.0740771E+01
    3.5500000E+00    1.1327284E+02    2.0740790E+01
    3.5540000E+00    1.1333490E+02    2.0740808E+01
    3.5580000E+00    1.1339646E+02    2.0740826E+01
    3.5620000E+00    1.1345754E+02    2.0740844E+01
    3.5660000E+00    1.1351812E+02    2.0740861E+01
    3.5700000E+00    1.1357822E+02    2.0740879E+01
    3.5740000E+00    1.1363782E+02    2.0740896E+01
    3.5780000E+00    1.1369692E+02    2.0740913E+01
    3.5820000E+00    1.1375553E+02    2.0740930E+01
    3.5860000E+00    1.1381364E+02    2.0740947E+01
    3.5900000E+00    1.1387125E+02    2.0740964E+01
    3.5940000E+00    1.1392836E+02    2.0740981E+01
    3.5980000E+00    1.1398497E+02    2.0740997E+01
    3.6020000E+00    1.1404107E+02    2.0741013E+01
    3.6060000E+00    1.1409666E+02    2.0741029E+01
    3.6100000E+00    1.1415175E+02    2.0741045E+01
    3.6140000E+00    1.1420633E+02    2.0741061E+01
    3.6180000E+00    1.1426039E+02    2.0741076E+01
    3.6220000E+00    1.1431395E+02    2.0741092E+01
    3.6260000E+00    1.1436699E+02    2.0741107E+01
    3.6300000E+00    1.1441951E+02    2.0741122E+01
    3.6340000E+00    1.1447152E+02    2.0741137E+01
    3.6380000E+00    1.1452301E+02    2.0741151E+01
    3.6420000E+00    1.1457398E+02    2.0741166E+01
    3.6460000E+00    1.1462443E+02    2.0741180E+01
    3.6500000E+00    1.1467435E+02    2.0741194E+01
    3.6540000E+00    1.1472375E+02    2.0741208E+01
    3.6580000E+00    1.1477263E+02    2.0741222E+01
    3.6620000E+00    1.1482098E+02    2.0741236E+01
    3.6660000E+00    1.1486880E+02    2.0741250E+01
    3.6700000E+00    1.1491609E+02    2.0741263E+01
    3.6740000E+00    1.1496285E+02    2.0741276E+01
    3.6780000E+00    1.1500907E+02    2.0741289E+01
    3.6820000E+00    1.1505476E+02    2.0741302E+01
    3.6860000E+00    1.1509992E+02    2.0741315E+01
    3.6900000E+00    1.1514454E+02    2.0741327E+01
    3.6940000E+00    1.1518863E+02    2.0741340E+01
    3.6980000E+00    1.1523217E+02    2.0741352E+01
    3.7020000E+00    1.1527518E+02    2.0741364E+01
    3.7060000E+00    1.1531764E+02    2.0741376E+01
    3.7100000E+00    1.1535956E+02    2.0741388E+01
    3.7140000E+00    1.1540093E+02    2.0741399E+01
    3.7180000E+00    1.1544177E+02    2.0741411E+01
    3.7220000E+00    1.1548205E+02    2.0741422E+01
    3.7260000E+00    1.1552179E+02    2.0741433E+01
    3.7300000E+00    1.1556097E+02    2.0741444E+01
    3.7340000E+00    1.1559961E+02    2.0741455E+01
    3.7380000E+00    1.1563770E+02    2.0741465E+01
    3.7420000E+00    1.1567524E+02    2.0741476E+01
    3.7460000E+00    1.1571222E+02    2.0741486E+01
    3.7500000E+00    1.1574864E+02    2.0741496E+01
    3.7540000E+00    1.1578452E+02    2.0741506E+01
    3.7580000E+00    1.1581983E+02    2.0741516E+01
    3.7620000E+00    1.1585459E+02    2.0741526E+01
    3.7660000E+00    1.1588879E+02    2.0741535E+01
    3.7700000E+00    1.1592243E+02    2.0741544E+01
    3.7740000E+00    1.1595551E+02    2.0741554E+01
    3.7780000E+00    1.1598802E+02    2.0741563E+01
    3.7820000E+00    1.1601998E+02    2.0741571E+01
    3.7860000E+00    1.1605137E+02    2.0741580E+01
    3.7900000E+00    1.1608220E+02    2.0741589E+01
    3.7940000E+00    1.1611246E+02    2.0741597E+01
    3.7980000E+00    1.1614215E+02    2.0741605E+01
    3.8020000E+00    1.1617128E+02    2.0741613E+01
    3.8060000E+00    1.1619984E+02    2.0741621E+01
    3.8100000E+00    1.1622783E+02    2.0741629E+01
    3.8140000E+00    1.1625525E+02    2.0741636E+01
    3.8180000E+00    1.1628210E+02    2.0741644E+01
    3.8220000E+00    1.1630838E+02    2.0741651E+01
    3.8260000E+00    1.1633409E+02    2.0741658E+01
    3.8300000E+00    1.1635922E+02    2.0741665E+01
    3.8340000E+00    1.1638378E+02    2.0741671E+01
    3.8380000E+00    1.1640777E+02    2.0741678E+01
    3.8420000E+00    1.1643118E+02    2.0741684E+01
    3.8460000E+00    1.1645401E+02    2.0741691E+01
    3.8500000E+00    1.1647627E+02    2.0741697E+01
    3.8540000E+00    1.1649795E+02    2.0741703E+01
    3.8580000E+00    1.1651905E+02    2.0741709E+01
    3.8620000E+00    1.1653957E+02    2.0741714E+01
    3.8660000E+00    1.1655952E+02    2.0741720E+01
    3.8700000E+00    1.1657888E+02    2.0741725E+01
    3.8740000E+00    1.1659767E+02    2.0741730E+01
    3.8780000E+00    1.1661587E+02    2.0741735E+01
    3.8820000E+00    1.1663349E+02    2.0741740E+01
    3.8860000E+00    1.1665053E+02    2.0741744E+01
    3.8900000E+00    1.1666699E+02    2.0741749E+01
    3.8940000E+00    1.1668286E+02    2.0741753E+01
    3.8980000E+00    1.1669815E+02    2.0741757E+01
    3.9020000E+00    1.1671285E+02    2.0741761E+01
    3.9060000E+00    1.1672697E+02    2.0741765E+01
    3.9100000E+00    1.1674051E+02    2.0741769E+01
    3.9140000E+00    1.1675346E+02    2.0741772E+01
    3.9180000E+00    1.1676582E+02    2.0741776E+01
    3.9220000E+00    1.1677760E+02    2.0741779E+01
    3.9260000E+00    1.1678879E+02    2.0741782E+01
    3.9300000E+00    1.1679940E+02    2.0741785E+01
    3.9340000E+00    1.1680942E+02    2.0741788E+01
    3.9380000E+00    1.1681885E+02    2.0741790E+01
    3.9420000E+00    1.1682769E+02    2.0741793E+01
    3.9460000E+00    1.1683594E+02    2.0741795E+01
    3.9500000E+00    1.1684361E+02    2.0741797E+01
    3.9540000E+00    1.1685068E+02    2.0741799E+01
    3.9580000E+00    1.1685717E+02    2.0741801E+01
    3.9620000E+00    1.1686307E+02    2.0741802E+01
    3.9660000E+00    1.1686838E+02    2.0741804E+01
    3.9700000E+00    1.1687310E+02    2.0741805E+01
    3.9740000E+00    1.1687723E+02    2.0741806E+01
    3.9780000E+00    1.1688077E+02    2.0741807E+01
    3.9820000E+00    1.1688372E+02    2.0741808E+01
    3.9860000E+00    1.1688608E+02    2.0741808E+01
    3.9900000E+00    1.1688785E+02    2.0741809E+01
    3.9940000E+00    1.1688903E+02    2.0741809E+01
    3.9980000E+00    1.1688962E+02    2.0741809E+01
