# Time          2.5000E+02
# Units: Mol/kgw
    Distance        SO4--            SO164--         
    2.0000000E-03    2.7991446E-02    2.6987746E-02
    6.0000000E-03    2.7965708E-02    2.6963257E-02
    1.0000000E-02    2.7939990E-02    2.6938787E-02
    1.4000000E-02    2.7914293E-02    2.6914337E-02
    1.8000000E-02    2.7888617E-02    2.6889906E-02
    2.2000000E-02    2.7862962E-02    2.6865495E-02
    2.6000000E-02    2.7837327E-02    2.6841103E-02
    3.0000000E-02    2.7811714E-02    2.6816731E-02
    3.4000000E-02    2.7786121E-02    2.6792379E-02
    3.8000000E-02    2.7760549E-02    2.6768046E-02
    4.2000000E-02    2.7734998E-02    2.6743732E-02
    4.6000000E-02    2.7709467E-02    2.6719438E-02
    5.0000000E-02    2.7683958E-02    2.6695163E-02
    5.4000000E-02    2.7658470E-02    2.6670909E-02
    5.8000000E-02    2.7633002E-02    2.6646673E-02
    6.2000000E-02    2.7607556E-02    2.6622458E-02
    6.6000000E-02    2.7582130E-02    2.6598261E-02
    7.0000000E-02    2.7556725E-02    2.6574085E-02
    7.4000000E-02    2.7531341E-02    2.6549928E-02
    7.8000000E-02    2.7505978E-02    2.6525791E-02
    8.2000000E-02    2.7480637E-02    2.6501673E-02
    8.6000000E-02    2.7455316E-02    2.6477575E-02
    9.0000000E-02    2.7430016E-02    2.6453497E-02
    9.4000000E-02    2.7404737E-02    2.6429438E-02
    9.8000000E-02    2.7379479E-02    2.6405399E-02
    1.0200000E-01    2.7354242E-02    2.6381380E-02
    1.0600000E-01    2.7329026E-02    2.6357380E-02
    1.1000000E-01    2.7303831E-02    2.6333400E-02
    1.1400000E-01    2.7278657E-02    2.6309440E-02
    1.1800000E-01    2.7253505E-02    2.6285500E-02
    1.2200000E-01    2.7228373E-02    2.6261579E-02
    1.2600000E-01    2.7203262E-02    2.6237678E-02
    1.3000000E-01    2.7178173E-02    2.6213797E-02
    1.3400000E-01    2.7153104E-02    2.6189936E-02
    1.3800000E-01    2.7128057E-02    2.6166094E-02
    1.4200000E-01    2.7103031E-02    2.6142272E-02
    1.4600000E-01    2.7078025E-02    2.6118470E-02
    1.5000000E-01    2.7053041E-02    2.6094688E-02
    1.5400000E-01    2.7028079E-02    2.6070926E-02
    1.5800000E-01    2.7003137E-02    2.6047183E-02
    1.6200000E-01    2.6978216E-02    2.6023461E-02
    1.6600000E-01    2.6953317E-02    2.5999758E-02
    1.7000000E-01    2.6928439E-02    2.5976075E-02
    1.7400000E-01    2.6903582E-02    2.5952412E-02
    1.7800000E-01    2.6878746E-02    2.5928769E-02
    1.8200000E-01    2.6853932E-02    2.5905146E-02
    1.8600000E-01    2.6829138E-02    2.5881542E-02
    1.9000000E-01    2.6804366E-02    2.5857959E-02
    1.9400000E-01    2.6779615E-02    2.5834395E-02
    1.9800000E-01    2.6754886E-02    2.5810852E-02
    2.0200000E-01    2.6730177E-02    2.5787328E-02
    2.0600000E-01    2.6705490E-02    2.5763825E-02
    2.1000000E-01    2.6680825E-02    2.5740341E-02
    2.1400000E-01    2.6656180E-02    2.5716877E-02
    2.1800000E-01    2.6631557E-02    2.5693434E-02
    2.2200000E-01    2.6606955E-02    2.5670010E-02
    2.2600000E-01    2.6582375E-02    2.5646606E-02
    2.3000000E-01    2.6557815E-02    2.5623223E-02
    2.3400000E-01    2.6533278E-02    2.5599859E-02
    2.3800000E-01    2.6508761E-02    2.5576516E-02
    2.4200000E-01    2.6484266E-02    2.5553192E-02
    2.4600000E-01    2.6459792E-02    2.5529889E-02
    2.5000000E-01    2.6435340E-02    2.5506605E-02
    2.5400000E-01    2.6410909E-02    2.5483342E-02
    2.5800000E-01    2.6386500E-02    2.5460099E-02
    2.6200000E-01    2.6362111E-02    2.5436876E-02
    2.6600000E-01    2.6337745E-02    2.5413673E-02
    2.7000000E-01    2.6313400E-02    2.5390490E-02
    2.7400000E-01    2.6289076E-02    2.5367328E-02
    2.7800000E-01    2.6264773E-02    2.5344185E-02
    2.8200000E-01    2.6240493E-02    2.5321063E-02
    2.8600000E-01    2.6216233E-02    2.5297961E-02
    2.9000000E-01    2.6191995E-02    2.5274879E-02
    2.9400000E-01    2.6167779E-02    2.5251817E-02
    2.9800000E-01    2.6143584E-02    2.5228776E-02
    3.0200000E-01    2.6119411E-02    2.5205755E-02
    3.0600000E-01    2.6095259E-02    2.5182754E-02
    3.1000000E-01    2.6071129E-02    2.5159773E-02
    3.1400000E-01    2.6047020E-02    2.5136812E-02
    3.1800000E-01    2.6022933E-02    2.5113872E-02
    3.2200000E-01    2.5998868E-02    2.5090952E-02
    3.2600000E-01    2.5974824E-02    2.5068052E-02
    3.3000000E-01    2.5950801E-02    2.5045173E-02
    3.3400000E-01    2.5926801E-02    2.5022314E-02
    3.3800000E-01    2.5902821E-02    2.4999475E-02
    3.4200000E-01    2.5878864E-02    2.4976657E-02
    3.4600000E-01    2.5854928E-02    2.4953859E-02
    3.5000000E-01    2.5831014E-02    2.4931081E-02
    3.5400000E-01    2.5807122E-02    2.4908324E-02
    3.5800000E-01    2.5783251E-02    2.4885587E-02
    3.6200000E-01    2.5759402E-02    2.4862870E-02
    3.6600000E-01    2.5735574E-02    2.4840174E-02
    3.7000000E-01    2.5711768E-02    2.4817498E-02
    3.7400000E-01    2.5687984E-02    2.4794843E-02
    3.7800000E-01    2.5664222E-02    2.4772208E-02
    3.8200000E-01    2.5640481E-02    2.4749593E-02
    3.8600000E-01    2.5616763E-02    2.4726999E-02
    3.9000000E-01    2.5593066E-02    2.4704426E-02
    3.9400000E-01    2.5569390E-02    2.4681873E-02
    3.9800000E-01    2.5545737E-02    2.4659340E-02
    4.0200000E-01    2.5522105E-02    2.4636828E-02
    4.0600000E-01    2.5498495E-02    2.4614336E-02
    4.1000000E-01    2.5474907E-02    2.4591865E-02
    4.1400000E-01    2.5451341E-02    2.4569415E-02
    4.1800000E-01    2.5427796E-02    2.4546985E-02
    4.2200000E-01    2.5404274E-02    2.4524575E-02
    4.2600000E-01    2.5380773E-02    2.4502186E-02
    4.3000000E-01    2.5357294E-02    2.4479818E-02
    4.3400000E-01    2.5333837E-02    2.4457470E-02
    4.3800000E-01    2.5310402E-02    2.4435143E-02
    4.4200000E-01    2.5286989E-02    2.4412837E-02
    4.4600000E-01    2.5263598E-02    2.4390551E-02
    4.5000000E-01    2.5240228E-02    2.4368285E-02
    4.5400000E-01    2.5216881E-02    2.4346041E-02
    4.5800000E-01    2.5193556E-02    2.4323817E-02
    4.6200000E-01    2.5170252E-02    2.4301614E-02
    4.6600000E-01    2.5146970E-02    2.4279431E-02
    4.7000000E-01    2.5123711E-02    2.4257269E-02
    4.7400000E-01    2.5100473E-02    2.4235128E-02
    4.7800000E-01    2.5077258E-02    2.4213007E-02
    4.8200000E-01    2.5054064E-02    2.4190907E-02
    4.8600000E-01    2.5030893E-02    2.4168828E-02
    4.9000000E-01    2.5007743E-02    2.4146770E-02
    4.9400000E-01    2.4984616E-02    2.4124733E-02
    4.9800000E-01    2.4961510E-02    2.4102716E-02
    5.0200000E-01    2.4938427E-02    2.4080720E-02
    5.0600000E-01    2.4915366E-02    2.4058745E-02
    5.1000000E-01    2.4892327E-02    2.4036790E-02
    5.1400000E-01    2.4869309E-02    2.4014857E-02
    5.1800000E-01    2.4846314E-02    2.3992944E-02
    5.2200000E-01    2.4823342E-02    2.3971052E-02
    5.2600000E-01    2.4800391E-02    2.3949181E-02
    5.3000000E-01    2.4777462E-02    2.3927330E-02
    5.3400000E-01    2.4754556E-02    2.3905501E-02
    5.3800000E-01    2.4731672E-02    2.3883693E-02
    5.4200000E-01    2.4708810E-02    2.3861905E-02
    5.4600000E-01    2.4685970E-02    2.3840138E-02
    5.5000000E-01    2.4663152E-02    2.3818393E-02
    5.5400000E-01    2.4640357E-02    2.3796668E-02
    5.5800000E-01    2.4617583E-02    2.3774964E-02
    5.6200000E-01    2.4594832E-02    2.3753281E-02
    5.6600000E-01    2.4572104E-02    2.3731619E-02
    5.7000000E-01    2.4549397E-02    2.3709978E-02
    5.7400000E-01    2.4526713E-02    2.3688358E-02
    5.7800000E-01    2.4504051E-02    2.3666759E-02
    5.8200000E-01    2.4481411E-02    2.3645181E-02
    5.8600000E-01    2.4458794E-02    2.3623624E-02
    5.9000000E-01    2.4436199E-02    2.3602088E-02
    5.9400000E-01    2.4413626E-02    2.3580573E-02
    5.9800000E-01    2.4391075E-02    2.3559079E-02
    6.0200000E-01    2.4368547E-02    2.3537606E-02
    6.0600000E-01    2.4346042E-02    2.3516154E-02
    6.1000000E-01    2.4323558E-02    2.3494724E-02
    6.1400000E-01    2.4301097E-02    2.3473314E-02
    6.1800000E-01    2.4278659E-02    2.3451926E-02
    6.2200000E-01    2.4256243E-02    2.3430558E-02
    6.2600000E-01    2.4233849E-02    2.3409212E-02
    6.3000000E-01    2.4211477E-02    2.3387887E-02
    6.3400000E-01    2.4189128E-02    2.3366583E-02
    6.3800000E-01    2.4166802E-02    2.3345300E-02
    6.4200000E-01    2.4144498E-02    2.3324039E-02
    6.4600000E-01    2.4122216E-02    2.3302798E-02
    6.5000000E-01    2.4099957E-02    2.3281579E-02
    6.5400000E-01    2.4077721E-02    2.3260381E-02
    6.5800000E-01    2.4055507E-02    2.3239205E-02
    6.6200000E-01    2.4033315E-02    2.3218049E-02
    6.6600000E-01    2.4011146E-02    2.3196915E-02
    6.7000000E-01    2.3989000E-02    2.3175802E-02
    6.7400000E-01    2.3966876E-02    2.3154710E-02
    6.7800000E-01    2.3944774E-02    2.3133640E-02
    6.8200000E-01    2.3922695E-02    2.3112591E-02
    6.8600000E-01    2.3900639E-02    2.3091563E-02
    6.9000000E-01    2.3878605E-02    2.3070556E-02
    6.9400000E-01    2.3856594E-02    2.3049571E-02
    6.9800000E-01    2.3834606E-02    2.3028607E-02
    7.0200000E-01    2.3812640E-02    2.3007665E-02
    7.0600000E-01    2.3790697E-02    2.2986744E-02
    7.1000000E-01    2.3768776E-02    2.2965844E-02
    7.1400000E-01    2.3746879E-02    2.2944966E-02
    7.1800000E-01    2.3725003E-02    2.2924109E-02
    7.2200000E-01    2.3703151E-02    2.2903273E-02
    7.2600000E-01    2.3681321E-02    2.2882459E-02
    7.3000000E-01    2.3659514E-02    2.2861666E-02
    7.3400000E-01    2.3637729E-02    2.2840895E-02
    7.3800000E-01    2.3615968E-02    2.2820145E-02
    7.4200000E-01    2.3594229E-02    2.2799417E-02
    7.4600000E-01    2.3572513E-02    2.2778710E-02
    7.5000000E-01    2.3550819E-02    2.2758025E-02
    7.5400000E-01    2.3529149E-02    2.2737361E-02
    7.5800000E-01    2.3507501E-02    2.2716718E-02
    7.6200000E-01    2.3485876E-02    2.2696098E-02
    7.6600000E-01    2.3464273E-02    2.2675498E-02
    7.7000000E-01    2.3442694E-02    2.2654921E-02
    7.7400000E-01    2.3421137E-02    2.2634365E-02
    7.7800000E-01    2.3399604E-02    2.2613830E-02
    7.8200000E-01    2.3378093E-02    2.2593317E-02
    7.8600000E-01    2.3356605E-02    2.2572826E-02
    7.9000000E-01    2.3335140E-02    2.2552356E-02
    7.9400000E-01    2.3313697E-02    2.2531908E-02
    7.9800000E-01    2.3292278E-02    2.2511481E-02
    8.0200000E-01    2.3270881E-02    2.2491076E-02
    8.0600000E-01    2.3249508E-02    2.2470693E-02
    8.1000000E-01    2.3228157E-02    2.2450331E-02
    8.1400000E-01    2.3206830E-02    2.2429991E-02
    8.1800000E-01    2.3185525E-02    2.2409673E-02
    8.2200000E-01    2.3164243E-02    2.2389377E-02
    8.2600000E-01    2.3142984E-02    2.2369102E-02
    8.3000000E-01    2.3121749E-02    2.2348849E-02
    8.3400000E-01    2.3100536E-02    2.2328617E-02
    8.3800000E-01    2.3079346E-02    2.2308408E-02
    8.4200000E-01    2.3058179E-02    2.2288220E-02
    8.4600000E-01    2.3037036E-02    2.2268054E-02
    8.5000000E-01    2.3015915E-02    2.2247910E-02
    8.5400000E-01    2.2994817E-02    2.2227787E-02
    8.5800000E-01    2.2973743E-02    2.2207686E-02
    8.6200000E-01    2.2952691E-02    2.2187608E-02
    8.6600000E-01    2.2931663E-02    2.2167551E-02
    8.7000000E-01    2.2910658E-02    2.2147515E-02
    8.7400000E-01    2.2889676E-02    2.2127502E-02
    8.7800000E-01    2.2868717E-02    2.2107511E-02
    8.8200000E-01    2.2847781E-02    2.2087541E-02
    8.8600000E-01    2.2826868E-02    2.2067593E-02
    8.9000000E-01    2.2805979E-02    2.2047667E-02
    8.9400000E-01    2.2785112E-02    2.2027763E-02
    8.9800000E-01    2.2764269E-02    2.2007882E-02
    9.0200000E-01    2.2743449E-02    2.1988021E-02
    9.0600000E-01    2.2722652E-02    2.1968183E-02
    9.1000000E-01    2.2701879E-02    2.1948367E-02
    9.1400000E-01    2.2681129E-02    2.1928573E-02
    9.1800000E-01    2.2660402E-02    2.1908801E-02
    9.2200000E-01    2.2639698E-02    2.1889051E-02
    9.2600000E-01    2.2619017E-02    2.1869322E-02
    9.3000000E-01    2.2598360E-02    2.1849616E-02
    9.3400000E-01    2.2577726E-02    2.1829932E-02
    9.3800000E-01    2.2557115E-02    2.1810270E-02
    9.4200000E-01    2.2536528E-02    2.1790630E-02
    9.4600000E-01    2.2515964E-02    2.1771012E-02
    9.5000000E-01    2.2495423E-02    2.1751416E-02
    9.5400000E-01    2.2474906E-02    2.1731842E-02
    9.5800000E-01    2.2454412E-02    2.1712291E-02
    9.6200000E-01    2.2433941E-02    2.1692761E-02
    9.6600000E-01    2.2413494E-02    2.1673253E-02
    9.7000000E-01    2.2393070E-02    2.1653768E-02
    9.7400000E-01    2.2372670E-02    2.1634305E-02
    9.7800000E-01    2.2352293E-02    2.1614864E-02
    9.8200000E-01    2.2331939E-02    2.1595445E-02
    9.8600000E-01    2.2311609E-02    2.1576048E-02
    9.9000000E-01    2.2291302E-02    2.1556674E-02
    9.9400000E-01    2.2271019E-02    2.1537321E-02
    9.9800000E-01    2.2250759E-02    2.1517991E-02
    1.0020000E+00    2.2230523E-02    2.1498683E-02
    1.0060000E+00    2.2210310E-02    2.1479398E-02
    1.0100000E+00    2.2190121E-02    2.1460134E-02
    1.0140000E+00    2.2169955E-02    2.1440893E-02
    1.0180000E+00    2.2149813E-02    2.1421674E-02
    1.0220000E+00    2.2129694E-02    2.1402478E-02
    1.0260000E+00    2.2109599E-02    2.1383304E-02
    1.0300000E+00    2.2089527E-02    2.1364152E-02
    1.0340000E+00    2.2069480E-02    2.1345022E-02
    1.0380000E+00    2.2049455E-02    2.1325915E-02
    1.0420000E+00    2.2029454E-02    2.1306830E-02
    1.0460000E+00    2.2009477E-02    2.1287767E-02
    1.0500000E+00    2.1989524E-02    2.1268727E-02
    1.0540000E+00    2.1969594E-02    2.1249709E-02
    1.0580000E+00    2.1949687E-02    2.1230713E-02
    1.0620000E+00    2.1929805E-02    2.1211740E-02
    1.0660000E+00    2.1909946E-02    2.1192790E-02
    1.0700000E+00    2.1890111E-02    2.1173862E-02
    1.0740000E+00    2.1870299E-02    2.1154956E-02
    1.0780000E+00    2.1850511E-02    2.1136072E-02
    1.0820000E+00    2.1830747E-02    2.1117212E-02
    1.0860000E+00    2.1811006E-02    2.1098373E-02
    1.0900000E+00    2.1791290E-02    2.1079557E-02
    1.0940000E+00    2.1771597E-02    2.1060764E-02
    1.0980000E+00    2.1751928E-02    2.1041993E-02
    1.1020000E+00    2.1732282E-02    2.1023244E-02
    1.1060000E+00    2.1712661E-02    2.1004519E-02
    1.1100000E+00    2.1693063E-02    2.0985815E-02
    1.1140000E+00    2.1673489E-02    2.0967134E-02
    1.1180000E+00    2.1653939E-02    2.0948476E-02
    1.1220000E+00    2.1634412E-02    2.0929841E-02
    1.1260000E+00    2.1614910E-02    2.0911228E-02
    1.1300000E+00    2.1595431E-02    2.0892637E-02
    1.1340000E+00    2.1575976E-02    2.0874069E-02
    1.1380000E+00    2.1556545E-02    2.0855524E-02
    1.1420000E+00    2.1537138E-02    2.0837001E-02
    1.1460000E+00    2.1517755E-02    2.0818502E-02
    1.1500000E+00    2.1498396E-02    2.0800024E-02
    1.1540000E+00    2.1479061E-02    2.0781570E-02
    1.1580000E+00    2.1459749E-02    2.0763138E-02
    1.1620000E+00    2.1440462E-02    2.0744729E-02
    1.1660000E+00    2.1421198E-02    2.0726342E-02
    1.1700000E+00    2.1401959E-02    2.0707978E-02
    1.1740000E+00    2.1382743E-02    2.0689637E-02
    1.1780000E+00    2.1363552E-02    2.0671319E-02
    1.1820000E+00    2.1344384E-02    2.0653023E-02
    1.1860000E+00    2.1325241E-02    2.0634750E-02
    1.1900000E+00    2.1306121E-02    2.0616500E-02
    1.1940000E+00    2.1287026E-02    2.0598273E-02
    1.1980000E+00    2.1267955E-02    2.0580069E-02
    1.2020000E+00    2.1248907E-02    2.0561887E-02
    1.2060000E+00    2.1229884E-02    2.0543728E-02
    1.2100000E+00    2.1210885E-02    2.0525592E-02
    1.2140000E+00    2.1191910E-02    2.0507479E-02
    1.2180000E+00    2.1172959E-02    2.0489389E-02
    1.2220000E+00    2.1154032E-02    2.0471321E-02
    1.2260000E+00    2.1135129E-02    2.0453277E-02
    1.2300000E+00    2.1116251E-02    2.0435255E-02
    1.2340000E+00    2.1097396E-02    2.0417256E-02
    1.2380000E+00    2.1078566E-02    2.0399281E-02
    1.2420000E+00    2.1059760E-02    2.0381328E-02
    1.2460000E+00    2.1040978E-02    2.0363398E-02
    1.2500000E+00    2.1022220E-02    2.0345491E-02
    1.2540000E+00    2.1003487E-02    2.0327607E-02
    1.2580000E+00    2.0984777E-02    2.0309746E-02
    1.2620000E+00    2.0966092E-02    2.0291907E-02
    1.2660000E+00    2.0947432E-02    2.0274092E-02
    1.2700000E+00    2.0928795E-02    2.0256300E-02
    1.2740000E+00    2.0910183E-02    2.0238531E-02
    1.2780000E+00    2.0891595E-02    2.0220785E-02
    1.2820000E+00    2.0873031E-02    2.0203062E-02
    1.2860000E+00    2.0854492E-02    2.0185362E-02
    1.2900000E+00    2.0835977E-02    2.0167685E-02
    1.2940000E+00    2.0817486E-02    2.0150031E-02
    1.2980000E+00    2.0799019E-02    2.0132401E-02
    1.3020000E+00    2.0780577E-02    2.0114793E-02
    1.3060000E+00    2.0762159E-02    2.0097208E-02
    1.3100000E+00    2.0743766E-02    2.0079647E-02
    1.3140000E+00    2.0725397E-02    2.0062109E-02
    1.3180000E+00    2.0707053E-02    2.0044594E-02
    1.3220000E+00    2.0688732E-02    2.0027102E-02
    1.3260000E+00    2.0670437E-02    2.0009633E-02
    1.3300000E+00    2.0652165E-02    1.9992187E-02
    1.3340000E+00    2.0633918E-02    1.9974765E-02
    1.3380000E+00    2.0615696E-02    1.9957365E-02
    1.3420000E+00    2.0597498E-02    1.9939989E-02
    1.3460000E+00    2.0579324E-02    1.9922637E-02
    1.3500000E+00    2.0561175E-02    1.9905307E-02
    1.3540000E+00    2.0543051E-02    1.9888001E-02
    1.3580000E+00    2.0524951E-02    1.9870718E-02
    1.3620000E+00    2.0506875E-02    1.9853458E-02
    1.3660000E+00    2.0488824E-02    1.9836221E-02
    1.3700000E+00    2.0470798E-02    1.9819008E-02
    1.3740000E+00    2.0452796E-02    1.9801818E-02
    1.3780000E+00    2.0434818E-02    1.9784652E-02
    1.3820000E+00    2.0416865E-02    1.9767508E-02
    1.3860000E+00    2.0398937E-02    1.9750388E-02
    1.3900000E+00    2.0381034E-02    1.9733292E-02
    1.3940000E+00    2.0363155E-02    1.9716219E-02
    1.3980000E+00    2.0345300E-02    1.9699169E-02
    1.4020000E+00    2.0327470E-02    1.9682142E-02
    1.4060000E+00    2.0309665E-02    1.9665139E-02
    1.4100000E+00    2.0291885E-02    1.9648160E-02
    1.4140000E+00    2.0274129E-02    1.9631203E-02
    1.4180000E+00    2.0256398E-02    1.9614271E-02
    1.4220000E+00    2.0238692E-02    1.9597361E-02
    1.4260000E+00    2.0221010E-02    1.9580475E-02
    1.4300000E+00    2.0203353E-02    1.9563613E-02
    1.4340000E+00    2.0185720E-02    1.9546774E-02
    1.4380000E+00    2.0168113E-02    1.9529958E-02
    1.4420000E+00    2.0150530E-02    1.9513166E-02
    1.4460000E+00    2.0132972E-02    1.9496398E-02
    1.4500000E+00    2.0115439E-02    1.9479653E-02
    1.4540000E+00    2.0097930E-02    1.9462931E-02
    1.4580000E+00    2.0080446E-02    1.9446234E-02
    1.4620000E+00    2.0062987E-02    1.9429559E-02
    1.4660000E+00    2.0045553E-02    1.9412908E-02
    1.4700000E+00    2.0028144E-02    1.9396281E-02
    1.4740000E+00    2.0010759E-02    1.9379678E-02
    1.4780000E+00    1.9993400E-02    1.9363098E-02
    1.4820000E+00    1.9976065E-02    1.9346541E-02
    1.4860000E+00    1.9958755E-02    1.9330008E-02
    1.4900000E+00    1.9941470E-02    1.9313499E-02
    1.4940000E+00    1.9924210E-02    1.9297014E-02
    1.4980000E+00    1.9906974E-02    1.9280552E-02
    1.5020000E+00    1.9889764E-02    1.9264114E-02
    1.5060000E+00    1.9872578E-02    1.9247699E-02
    1.5100000E+00    1.9855418E-02    1.9231308E-02
    1.5140000E+00    1.9838282E-02    1.9214941E-02
    1.5180000E+00    1.9821172E-02    1.9198598E-02
    1.5220000E+00    1.9804086E-02    1.9182278E-02
    1.5260000E+00    1.9787025E-02    1.9165982E-02
    1.5300000E+00    1.9769990E-02    1.9149710E-02
    1.5340000E+00    1.9752979E-02    1.9133462E-02
    1.5380000E+00    1.9735993E-02    1.9117237E-02
    1.5420000E+00    1.9719032E-02    1.9101036E-02
    1.5460000E+00    1.9702097E-02    1.9084859E-02
    1.5500000E+00    1.9685186E-02    1.9068705E-02
    1.5540000E+00    1.9668301E-02    1.9052576E-02
    1.5580000E+00    1.9651440E-02    1.9036470E-02
    1.5620000E+00    1.9634605E-02    1.9020388E-02
    1.5660000E+00    1.9617794E-02    1.9004330E-02
    1.5700000E+00    1.9601009E-02    1.8988296E-02
    1.5740000E+00    1.9584249E-02    1.8972286E-02
    1.5780000E+00    1.9567514E-02    1.8956300E-02
    1.5820000E+00    1.9550804E-02    1.8940337E-02
    1.5860000E+00    1.9534119E-02    1.8924398E-02
    1.5900000E+00    1.9517460E-02    1.8908484E-02
    1.5940000E+00    1.9500825E-02    1.8892593E-02
    1.5980000E+00    1.9484216E-02    1.8876726E-02
    1.6020000E+00    1.9467632E-02    1.8860883E-02
    1.6060000E+00    1.9451073E-02    1.8845064E-02
    1.6100000E+00    1.9434539E-02    1.8829269E-02
    1.6140000E+00    1.9418031E-02    1.8813498E-02
    1.6180000E+00    1.9401548E-02    1.8797751E-02
    1.6220000E+00    1.9385090E-02    1.8782028E-02
    1.6260000E+00    1.9368657E-02    1.8766329E-02
    1.6300000E+00    1.9352250E-02    1.8750654E-02
    1.6340000E+00    1.9335867E-02    1.8735003E-02
    1.6380000E+00    1.9319510E-02    1.8719376E-02
    1.6420000E+00    1.9303179E-02    1.8703773E-02
    1.6460000E+00    1.9286872E-02    1.8688194E-02
    1.6500000E+00    1.9270591E-02    1.8672640E-02
    1.6540000E+00    1.9254336E-02    1.8657109E-02
    1.6580000E+00    1.9238105E-02    1.8641602E-02
    1.6620000E+00    1.9221900E-02    1.8626120E-02
    1.6660000E+00    1.9205721E-02    1.8610662E-02
    1.6700000E+00    1.9189566E-02    1.8595227E-02
    1.6740000E+00    1.9173438E-02    1.8579817E-02
    1.6780000E+00    1.9157334E-02    1.8564431E-02
    1.6820000E+00    1.9141256E-02    1.8549070E-02
    1.6860000E+00    1.9125203E-02    1.8533732E-02
    1.6900000E+00    1.9109176E-02    1.8518419E-02
    1.6940000E+00    1.9093174E-02    1.8503130E-02
    1.6980000E+00    1.9077198E-02    1.8487865E-02
    1.7020000E+00    1.9061247E-02    1.8472624E-02
    1.7060000E+00    1.9045321E-02    1.8457407E-02
    1.7100000E+00    1.9029421E-02    1.8442215E-02
    1.7140000E+00    1.9013547E-02    1.8427047E-02
    1.7180000E+00    1.8997698E-02    1.8411903E-02
    1.7220000E+00    1.8981874E-02    1.8396784E-02
    1.7260000E+00    1.8966076E-02    1.8381688E-02
    1.7300000E+00    1.8950304E-02    1.8366617E-02
    1.7340000E+00    1.8934557E-02    1.8351571E-02
    1.7380000E+00    1.8918836E-02    1.8336548E-02
    1.7420000E+00    1.8903140E-02    1.8321550E-02
    1.7460000E+00    1.8887470E-02    1.8306577E-02
    1.7500000E+00    1.8871825E-02    1.8291627E-02
    1.7540000E+00    1.8856206E-02    1.8276702E-02
    1.7580000E+00    1.8840612E-02    1.8261802E-02
    1.7620000E+00    1.8825045E-02    1.8246925E-02
    1.7660000E+00    1.8809502E-02    1.8232073E-02
    1.7700000E+00    1.8793986E-02    1.8217246E-02
    1.7740000E+00    1.8778495E-02    1.8202443E-02
    1.7780000E+00    1.8763030E-02    1.8187664E-02
    1.7820000E+00    1.8747590E-02    1.8172910E-02
    1.7860000E+00    1.8732176E-02    1.8158180E-02
    1.7900000E+00    1.8716788E-02    1.8143475E-02
    1.7940000E+00    1.8701425E-02    1.8128794E-02
    1.7980000E+00    1.8686088E-02    1.8114138E-02
    1.8020000E+00    1.8670777E-02    1.8099506E-02
    1.8060000E+00    1.8655492E-02    1.8084898E-02
    1.8100000E+00    1.8640232E-02    1.8070316E-02
    1.8140000E+00    1.8624998E-02    1.8055757E-02
    1.8180000E+00    1.8609790E-02    1.8041223E-02
    1.8220000E+00    1.8594608E-02    1.8026714E-02
    1.8260000E+00    1.8579451E-02    1.8012229E-02
    1.8300000E+00    1.8564321E-02    1.7997769E-02
    1.8340000E+00    1.8549216E-02    1.7983333E-02
    1.8380000E+00    1.8534136E-02    1.7968922E-02
    1.8420000E+00    1.8519083E-02    1.7954536E-02
    1.8460000E+00    1.8504056E-02    1.7940174E-02
    1.8500000E+00    1.8489054E-02    1.7925836E-02
    1.8540000E+00    1.8474078E-02    1.7911524E-02
    1.8580000E+00    1.8459128E-02    1.7897236E-02
    1.8620000E+00    1.8444204E-02    1.7882972E-02
    1.8660000E+00    1.8429306E-02    1.7868734E-02
    1.8700000E+00    1.8414434E-02    1.7854519E-02
    1.8740000E+00    1.8399587E-02    1.7840330E-02
    1.8780000E+00    1.8384767E-02    1.7826165E-02
    1.8820000E+00    1.8369972E-02    1.7812025E-02
    1.8860000E+00    1.8355204E-02    1.7797910E-02
    1.8900000E+00    1.8340461E-02    1.7783819E-02
    1.8940000E+00    1.8325744E-02    1.7769753E-02
    1.8980000E+00    1.8311054E-02    1.7755712E-02
    1.9020000E+00    1.8296389E-02    1.7741696E-02
    1.9060000E+00    1.8281750E-02    1.7727704E-02
    1.9100000E+00    1.8267137E-02    1.7713737E-02
    1.9140000E+00    1.8252551E-02    1.7699795E-02
    1.9180000E+00    1.8237990E-02    1.7685877E-02
    1.9220000E+00    1.8223455E-02    1.7671985E-02
    1.9260000E+00    1.8208946E-02    1.7658117E-02
    1.9300000E+00    1.8194464E-02    1.7644274E-02
    1.9340000E+00    1.8180007E-02    1.7630456E-02
    1.9380000E+00    1.8165577E-02    1.7616662E-02
    1.9420000E+00    1.8151172E-02    1.7602894E-02
    1.9460000E+00    1.8136794E-02    1.7589150E-02
    1.9500000E+00    1.8122442E-02    1.7575432E-02
    1.9540000E+00    1.8108116E-02    1.7561738E-02
    1.9580000E+00    1.8093816E-02    1.7548069E-02
    1.9620000E+00    1.8079542E-02    1.7534425E-02
    1.9660000E+00    1.8065294E-02    1.7520805E-02
    1.9700000E+00    1.8051073E-02    1.7507211E-02
    1.9740000E+00    1.8036877E-02    1.7493642E-02
    1.9780000E+00    1.8022708E-02    1.7480097E-02
    1.9820000E+00    1.8008565E-02    1.7466578E-02
    1.9860000E+00    1.7994448E-02    1.7453083E-02
    1.9900000E+00    1.7980357E-02    1.7439614E-02
    1.9940000E+00    1.7966293E-02    1.7426169E-02
    1.9980000E+00    1.7952255E-02    1.7412750E-02
    2.0020000E+00    1.7938243E-02    1.7399355E-02
    2.0060000E+00    1.7924257E-02    1.7385985E-02
    2.0100000E+00    1.7910297E-02    1.7372641E-02
    2.0140000E+00    1.7896364E-02    1.7359321E-02
    2.0180000E+00    1.7882457E-02    1.7346027E-02
    2.0220000E+00    1.7868577E-02    1.7332757E-02
    2.0260000E+00    1.7854722E-02    1.7319513E-02
    2.0300000E+00    1.7840894E-02    1.7306293E-02
    2.0340000E+00    1.7827092E-02    1.7293099E-02
    2.0380000E+00    1.7813317E-02    1.7279930E-02
    2.0420000E+00    1.7799568E-02    1.7266786E-02
    2.0460000E+00    1.7785845E-02    1.7253667E-02
    2.0500000E+00    1.7772148E-02    1.7240573E-02
    2.0540000E+00    1.7758478E-02    1.7227504E-02
    2.0580000E+00    1.7744834E-02    1.7214460E-02
    2.0620000E+00    1.7731217E-02    1.7201442E-02
    2.0660000E+00    1.7717626E-02    1.7188448E-02
    2.0700000E+00    1.7704061E-02    1.7175480E-02
    2.0740000E+00    1.7690523E-02    1.7162537E-02
    2.0780000E+00    1.7677011E-02    1.7149619E-02
    2.0820000E+00    1.7663526E-02    1.7136727E-02
    2.0860000E+00    1.7650067E-02    1.7123859E-02
    2.0900000E+00    1.7636635E-02    1.7111017E-02
    2.0940000E+00    1.7623229E-02    1.7098200E-02
    2.0980000E+00    1.7609849E-02    1.7085408E-02
    2.1020000E+00    1.7596496E-02    1.7072642E-02
    2.1060000E+00    1.7583169E-02    1.7059900E-02
    2.1100000E+00    1.7569869E-02    1.7047184E-02
    2.1140000E+00    1.7556596E-02    1.7034493E-02
    2.1180000E+00    1.7543349E-02    1.7021828E-02
    2.1220000E+00    1.7530128E-02    1.7009188E-02
    2.1260000E+00    1.7516934E-02    1.6996573E-02
    2.1300000E+00    1.7503767E-02    1.6983983E-02
    2.1340000E+00    1.7490626E-02    1.6971419E-02
    2.1380000E+00    1.7477511E-02    1.6958880E-02
    2.1420000E+00    1.7464423E-02    1.6946366E-02
    2.1460000E+00    1.7451362E-02    1.6933878E-02
    2.1500000E+00    1.7438328E-02    1.6921415E-02
    2.1540000E+00    1.7425320E-02    1.6908977E-02
    2.1580000E+00    1.7412338E-02    1.6896565E-02
    2.1620000E+00    1.7399383E-02    1.6884178E-02
    2.1660000E+00    1.7386455E-02    1.6871817E-02
    2.1700000E+00    1.7373553E-02    1.6859481E-02
    2.1740000E+00    1.7360679E-02    1.6847170E-02
    2.1780000E+00    1.7347830E-02    1.6834885E-02
    2.1820000E+00    1.7335009E-02    1.6822625E-02
    2.1860000E+00    1.7322214E-02    1.6810391E-02
    2.1900000E+00    1.7309445E-02    1.6798182E-02
    2.1940000E+00    1.7296704E-02    1.6785998E-02
    2.1980000E+00    1.7283989E-02    1.6773840E-02
    2.2020000E+00    1.7271301E-02    1.6761708E-02
    2.2060000E+00    1.7258639E-02    1.6749601E-02
    2.2100000E+00    1.7246005E-02    1.6737519E-02
    2.2140000E+00    1.7233397E-02    1.6725463E-02
    2.2180000E+00    1.7220815E-02    1.6713433E-02
    2.2220000E+00    1.7208261E-02    1.6701428E-02
    2.2260000E+00    1.7195733E-02    1.6689448E-02
    2.2300000E+00    1.7183232E-02    1.6677494E-02
    2.2340000E+00    1.7170758E-02    1.6665566E-02
    2.2380000E+00    1.7158311E-02    1.6653663E-02
    2.2420000E+00    1.7145890E-02    1.6641786E-02
    2.2460000E+00    1.7133497E-02    1.6629934E-02
    2.2500000E+00    1.7121130E-02    1.6618108E-02
    2.2540000E+00    1.7108789E-02    1.6606308E-02
    2.2580000E+00    1.7096476E-02    1.6594533E-02
    2.2620000E+00    1.7084190E-02    1.6582784E-02
    2.2660000E+00    1.7071930E-02    1.6571060E-02
    2.2700000E+00    1.7059697E-02    1.6559362E-02
    2.2740000E+00    1.7047492E-02    1.6547689E-02
    2.2780000E+00    1.7035313E-02    1.6536043E-02
    2.2820000E+00    1.7023161E-02    1.6524422E-02
    2.2860000E+00    1.7011035E-02    1.6512826E-02
    2.2900000E+00    1.6998937E-02    1.6501256E-02
    2.2940000E+00    1.6986866E-02    1.6489712E-02
    2.2980000E+00    1.6974821E-02    1.6478194E-02
    2.3020000E+00    1.6962804E-02    1.6466701E-02
    2.3060000E+00    1.6950813E-02    1.6455234E-02
    2.3100000E+00    1.6938850E-02    1.6443793E-02
    2.3140000E+00    1.6926913E-02    1.6432378E-02
    2.3180000E+00    1.6915004E-02    1.6420988E-02
    2.3220000E+00    1.6903121E-02    1.6409624E-02
    2.3260000E+00    1.6891265E-02    1.6398286E-02
    2.3300000E+00    1.6879437E-02    1.6386973E-02
    2.3340000E+00    1.6867635E-02    1.6375686E-02
    2.3380000E+00    1.6855860E-02    1.6364425E-02
    2.3420000E+00    1.6844113E-02    1.6353190E-02
    2.3460000E+00    1.6832392E-02    1.6341981E-02
    2.3500000E+00    1.6820698E-02    1.6330797E-02
    2.3540000E+00    1.6809032E-02    1.6319640E-02
    2.3580000E+00    1.6797392E-02    1.6308508E-02
    2.3620000E+00    1.6785780E-02    1.6297402E-02
    2.3660000E+00    1.6774195E-02    1.6286321E-02
    2.3700000E+00    1.6762637E-02    1.6275267E-02
    2.3740000E+00    1.6751105E-02    1.6264238E-02
    2.3780000E+00    1.6739601E-02    1.6253236E-02
    2.3820000E+00    1.6728124E-02    1.6242259E-02
    2.3860000E+00    1.6716675E-02    1.6231308E-02
    2.3900000E+00    1.6705252E-02    1.6220383E-02
    2.3940000E+00    1.6693856E-02    1.6209484E-02
    2.3980000E+00    1.6682488E-02    1.6198611E-02
    2.4020000E+00    1.6671147E-02    1.6187763E-02
    2.4060000E+00    1.6659833E-02    1.6176942E-02
    2.4100000E+00    1.6648546E-02    1.6166147E-02
    2.4140000E+00    1.6637286E-02    1.6155377E-02
    2.4180000E+00    1.6626053E-02    1.6144634E-02
    2.4220000E+00    1.6614848E-02    1.6133916E-02
    2.4260000E+00    1.6603670E-02    1.6123224E-02
    2.4300000E+00    1.6592519E-02    1.6112559E-02
    2.4340000E+00    1.6581395E-02    1.6101919E-02
    2.4380000E+00    1.6570299E-02    1.6091306E-02
    2.4420000E+00    1.6559229E-02    1.6080718E-02
    2.4460000E+00    1.6548187E-02    1.6070156E-02
    2.4500000E+00    1.6537173E-02    1.6059621E-02
    2.4540000E+00    1.6526185E-02    1.6049111E-02
    2.4580000E+00    1.6515225E-02    1.6038628E-02
    2.4620000E+00    1.6504292E-02    1.6028170E-02
    2.4660000E+00    1.6493386E-02    1.6017739E-02
    2.4700000E+00    1.6482508E-02    1.6007333E-02
    2.4740000E+00    1.6471657E-02    1.5996954E-02
    2.4780000E+00    1.6460833E-02    1.5986601E-02
    2.4820000E+00    1.6450037E-02    1.5976274E-02
    2.4860000E+00    1.6439267E-02    1.5965973E-02
    2.4900000E+00    1.6428526E-02    1.5955698E-02
    2.4940000E+00    1.6417811E-02    1.5945449E-02
    2.4980000E+00    1.6407124E-02    1.5935226E-02
    2.5020000E+00    1.6396464E-02    1.5925029E-02
    2.5060000E+00    1.6385832E-02    1.5914859E-02
    2.5100000E+00    1.6375227E-02    1.5904715E-02
    2.5140000E+00    1.6364649E-02    1.5894596E-02
    2.5180000E+00    1.6354099E-02    1.5884504E-02
    2.5220000E+00    1.6343576E-02    1.5874439E-02
    2.5260000E+00    1.6333081E-02    1.5864399E-02
    2.5300000E+00    1.6322613E-02    1.5854385E-02
    2.5340000E+00    1.6312172E-02    1.5844398E-02
    2.5380000E+00    1.6301759E-02    1.5834437E-02
    2.5420000E+00    1.6291374E-02    1.5824502E-02
    2.5460000E+00    1.6281015E-02    1.5814593E-02
    2.5500000E+00    1.6270685E-02    1.5804711E-02
    2.5540000E+00    1.6260381E-02    1.5794855E-02
    2.5580000E+00    1.6250105E-02    1.5785025E-02
    2.5620000E+00    1.6239857E-02    1.5775221E-02
    2.5660000E+00    1.6229636E-02    1.5765443E-02
    2.5700000E+00    1.6219443E-02    1.5755692E-02
    2.5740000E+00    1.6209277E-02    1.5745967E-02
    2.5780000E+00    1.6199138E-02    1.5736269E-02
    2.5820000E+00    1.6189027E-02    1.5726596E-02
    2.5860000E+00    1.6178944E-02    1.5716950E-02
    2.5900000E+00    1.6168888E-02    1.5707330E-02
    2.5940000E+00    1.6158860E-02    1.5697737E-02
    2.5980000E+00    1.6148859E-02    1.5688169E-02
    2.6020000E+00    1.6138886E-02    1.5678629E-02
    2.6060000E+00    1.6128941E-02    1.5669114E-02
    2.6100000E+00    1.6119022E-02    1.5659626E-02
    2.6140000E+00    1.6109132E-02    1.5650164E-02
    2.6180000E+00    1.6099269E-02    1.5640728E-02
    2.6220000E+00    1.6089434E-02    1.5631319E-02
    2.6260000E+00    1.6079626E-02    1.5621936E-02
    2.6300000E+00    1.6069846E-02    1.5612580E-02
    2.6340000E+00    1.6060094E-02    1.5603250E-02
    2.6380000E+00    1.6050369E-02    1.5593946E-02
    2.6420000E+00    1.6040672E-02    1.5584669E-02
    2.6460000E+00    1.6031002E-02    1.5575418E-02
    2.6500000E+00    1.6021360E-02    1.5566194E-02
    2.6540000E+00    1.6011746E-02    1.5556996E-02
    2.6580000E+00    1.6002159E-02    1.5547824E-02
    2.6620000E+00    1.5992600E-02    1.5538679E-02
    2.6660000E+00    1.5983069E-02    1.5529561E-02
    2.6700000E+00    1.5973565E-02    1.5520468E-02
    2.6740000E+00    1.5964090E-02    1.5511402E-02
    2.6780000E+00    1.5954641E-02    1.5502363E-02
    2.6820000E+00    1.5945221E-02    1.5493350E-02
    2.6860000E+00    1.5935828E-02    1.5484364E-02
    2.6900000E+00    1.5926463E-02    1.5475404E-02
    2.6940000E+00    1.5917126E-02    1.5466471E-02
    2.6980000E+00    1.5907816E-02    1.5457564E-02
    2.7020000E+00    1.5898534E-02    1.5448683E-02
    2.7060000E+00    1.5889280E-02    1.5439830E-02
    2.7100000E+00    1.5880054E-02    1.5431002E-02
    2.7140000E+00    1.5870855E-02    1.5422201E-02
    2.7180000E+00    1.5861684E-02    1.5413427E-02
    2.7220000E+00    1.5852541E-02    1.5404679E-02
    2.7260000E+00    1.5843426E-02    1.5395958E-02
    2.7300000E+00    1.5834339E-02    1.5387264E-02
    2.7340000E+00    1.5825279E-02    1.5378595E-02
    2.7380000E+00    1.5816247E-02    1.5369954E-02
    2.7420000E+00    1.5807243E-02    1.5361339E-02
    2.7460000E+00    1.5798267E-02    1.5352751E-02
    2.7500000E+00    1.5789319E-02    1.5344189E-02
    2.7540000E+00    1.5780398E-02    1.5335654E-02
    2.7580000E+00    1.5771505E-02    1.5327145E-02
    2.7620000E+00    1.5762640E-02    1.5318663E-02
    2.7660000E+00    1.5753803E-02    1.5310208E-02
    2.7700000E+00    1.5744994E-02    1.5301779E-02
    2.7740000E+00    1.5736213E-02    1.5293377E-02
    2.7780000E+00    1.5727459E-02    1.5285002E-02
    2.7820000E+00    1.5718734E-02    1.5276653E-02
    2.7860000E+00    1.5710036E-02    1.5268331E-02
    2.7900000E+00    1.5701366E-02    1.5260036E-02
    2.7940000E+00    1.5692725E-02    1.5251767E-02
    2.7980000E+00    1.5684111E-02    1.5243525E-02
    2.8020000E+00    1.5675525E-02    1.5235309E-02
    2.8060000E+00    1.5666966E-02    1.5227121E-02
    2.8100000E+00    1.5658436E-02    1.5218959E-02
    2.8140000E+00    1.5649934E-02    1.5210823E-02
    2.8180000E+00    1.5641460E-02    1.5202715E-02
    2.8220000E+00    1.5633013E-02    1.5194633E-02
    2.8260000E+00    1.5624595E-02    1.5186578E-02
    2.8300000E+00    1.5616205E-02    1.5178549E-02
    2.8340000E+00    1.5607842E-02    1.5170547E-02
    2.8380000E+00    1.5599508E-02    1.5162572E-02
    2.8420000E+00    1.5591201E-02    1.5154624E-02
    2.8460000E+00    1.5582922E-02    1.5146703E-02
    2.8500000E+00    1.5574672E-02    1.5138808E-02
    2.8540000E+00    1.5566449E-02    1.5130940E-02
    2.8580000E+00    1.5558255E-02    1.5123099E-02
    2.8620000E+00    1.5550088E-02    1.5115285E-02
    2.8660000E+00    1.5541950E-02    1.5107497E-02
    2.8700000E+00    1.5533839E-02    1.5099736E-02
    2.8740000E+00    1.5525757E-02    1.5092002E-02
    2.8780000E+00    1.5517703E-02    1.5084295E-02
    2.8820000E+00    1.5509676E-02    1.5076615E-02
    2.8860000E+00    1.5501678E-02    1.5068961E-02
    2.8900000E+00    1.5493708E-02    1.5061334E-02
    2.8940000E+00    1.5485765E-02    1.5053734E-02
    2.8980000E+00    1.5477851E-02    1.5046161E-02
    2.9020000E+00    1.5469965E-02    1.5038615E-02
    2.9060000E+00    1.5462107E-02    1.5031096E-02
    2.9100000E+00    1.5454278E-02    1.5023603E-02
    2.9140000E+00    1.5446476E-02    1.5016137E-02
    2.9180000E+00    1.5438702E-02    1.5008699E-02
    2.9220000E+00    1.5430957E-02    1.5001287E-02
    2.9260000E+00    1.5423239E-02    1.4993902E-02
    2.9300000E+00    1.5415550E-02    1.4986543E-02
    2.9340000E+00    1.5407889E-02    1.4979212E-02
    2.9380000E+00    1.5400256E-02    1.4971908E-02
    2.9420000E+00    1.5392651E-02    1.4964630E-02
    2.9460000E+00    1.5385074E-02    1.4957380E-02
    2.9500000E+00    1.5377525E-02    1.4950156E-02
    2.9540000E+00    1.5370005E-02    1.4942959E-02
    2.9580000E+00    1.5362513E-02    1.4935790E-02
    2.9620000E+00    1.5355048E-02    1.4928647E-02
    2.9660000E+00    1.5347612E-02    1.4921531E-02
    2.9700000E+00    1.5340205E-02    1.4914442E-02
    2.9740000E+00    1.5332825E-02    1.4907380E-02
    2.9780000E+00    1.5325474E-02    1.4900345E-02
    2.9820000E+00    1.5318151E-02    1.4893337E-02
    2.9860000E+00    1.5310856E-02    1.4886356E-02
    2.9900000E+00    1.5303589E-02    1.4879402E-02
    2.9940000E+00    1.5296350E-02    1.4872474E-02
    2.9980000E+00    1.5289140E-02    1.4865574E-02
    3.0020000E+00    1.5281958E-02    1.4858701E-02
    3.0060000E+00    1.5274804E-02    1.4851855E-02
    3.0100000E+00    1.5267678E-02    1.4845036E-02
    3.0140000E+00    1.5260581E-02    1.4838243E-02
    3.0180000E+00    1.5253512E-02    1.4831478E-02
    3.0220000E+00    1.5246471E-02    1.4824740E-02
    3.0260000E+00    1.5239458E-02    1.4818029E-02
    3.0300000E+00    1.5232474E-02    1.4811345E-02
    3.0340000E+00    1.5225518E-02    1.4804688E-02
    3.0380000E+00    1.5218590E-02    1.4798058E-02
    3.0420000E+00    1.5211690E-02    1.4791455E-02
    3.0460000E+00    1.5204819E-02    1.4784879E-02
    3.0500000E+00    1.5197976E-02    1.4778330E-02
    3.0540000E+00    1.5191161E-02    1.4771809E-02
    3.0580000E+00    1.5184375E-02    1.4765314E-02
    3.0620000E+00    1.5177617E-02    1.4758846E-02
    3.0660000E+00    1.5170887E-02    1.4752406E-02
    3.0700000E+00    1.5164186E-02    1.4745992E-02
    3.0740000E+00    1.5157513E-02    1.4739606E-02
    3.0780000E+00    1.5150868E-02    1.4733247E-02
    3.0820000E+00    1.5144252E-02    1.4726915E-02
    3.0860000E+00    1.5137664E-02    1.4720610E-02
    3.0900000E+00    1.5131104E-02    1.4714332E-02
    3.0940000E+00    1.5124573E-02    1.4708081E-02
    3.0980000E+00    1.5118070E-02    1.4701857E-02
    3.1020000E+00    1.5111595E-02    1.4695661E-02
    3.1060000E+00    1.5105149E-02    1.4689491E-02
    3.1100000E+00    1.5098731E-02    1.4683349E-02
    3.1140000E+00    1.5092342E-02    1.4677234E-02
    3.1180000E+00    1.5085980E-02    1.4671146E-02
    3.1220000E+00    1.5079648E-02    1.4665085E-02
    3.1260000E+00    1.5073343E-02    1.4659052E-02
    3.1300000E+00    1.5067067E-02    1.4653045E-02
    3.1340000E+00    1.5060820E-02    1.4647066E-02
    3.1380000E+00    1.5054601E-02    1.4641114E-02
    3.1420000E+00    1.5048410E-02    1.4635189E-02
    3.1460000E+00    1.5042248E-02    1.4629291E-02
    3.1500000E+00    1.5036114E-02    1.4623420E-02
    3.1540000E+00    1.5030009E-02    1.4617577E-02
    3.1580000E+00    1.5023932E-02    1.4611761E-02
    3.1620000E+00    1.5017883E-02    1.4605972E-02
    3.1660000E+00    1.5011863E-02    1.4600210E-02
    3.1700000E+00    1.5005871E-02    1.4594476E-02
    3.1740000E+00    1.4999908E-02    1.4588768E-02
    3.1780000E+00    1.4993973E-02    1.4583088E-02
    3.1820000E+00    1.4988067E-02    1.4577435E-02
    3.1860000E+00    1.4982189E-02    1.4571810E-02
    3.1900000E+00    1.4976340E-02    1.4566211E-02
    3.1940000E+00    1.4970519E-02    1.4560640E-02
    3.1980000E+00    1.4964727E-02    1.4555096E-02
    3.2020000E+00    1.4958963E-02    1.4549580E-02
    3.2060000E+00    1.4953228E-02    1.4544090E-02
    3.2100000E+00    1.4947521E-02    1.4538628E-02
    3.2140000E+00    1.4941843E-02    1.4533193E-02
    3.2180000E+00    1.4936193E-02    1.4527786E-02
    3.2220000E+00    1.4930571E-02    1.4522406E-02
    3.2260000E+00    1.4924979E-02    1.4517053E-02
    3.2300000E+00    1.4919414E-02    1.4511727E-02
    3.2340000E+00    1.4913878E-02    1.4506428E-02
    3.2380000E+00    1.4908371E-02    1.4501157E-02
    3.2420000E+00    1.4902893E-02    1.4495913E-02
    3.2460000E+00    1.4897442E-02    1.4490697E-02
    3.2500000E+00    1.4892021E-02    1.4485508E-02
    3.2540000E+00    1.4886628E-02    1.4480346E-02
    3.2580000E+00    1.4881263E-02    1.4475211E-02
    3.2620000E+00    1.4875927E-02    1.4470104E-02
    3.2660000E+00    1.4870620E-02    1.4465024E-02
    3.2700000E+00    1.4865341E-02    1.4459971E-02
    3.2740000E+00    1.4860091E-02    1.4454946E-02
    3.2780000E+00    1.4854869E-02    1.4449948E-02
    3.2820000E+00    1.4849676E-02    1.4444978E-02
    3.2860000E+00    1.4844511E-02    1.4440034E-02
    3.2900000E+00    1.4839376E-02    1.4435119E-02
    3.2940000E+00    1.4834268E-02    1.4430230E-02
    3.2980000E+00    1.4829189E-02    1.4425369E-02
    3.3020000E+00    1.4824139E-02    1.4420535E-02
    3.3060000E+00    1.4819118E-02    1.4415729E-02
    3.3100000E+00    1.4814125E-02    1.4410950E-02
    3.3140000E+00    1.4809161E-02    1.4406198E-02
    3.3180000E+00    1.4804225E-02    1.4401474E-02
    3.3220000E+00    1.4799318E-02    1.4396777E-02
    3.3260000E+00    1.4794439E-02    1.4392107E-02
    3.3300000E+00    1.4789590E-02    1.4387465E-02
    3.3340000E+00    1.4784768E-02    1.4382851E-02
    3.3380000E+00    1.4779976E-02    1.4378263E-02
    3.3420000E+00    1.4775212E-02    1.4373703E-02
    3.3460000E+00    1.4770477E-02    1.4369171E-02
    3.3500000E+00    1.4765770E-02    1.4364666E-02
    3.3540000E+00    1.4761092E-02    1.4360188E-02
    3.3580000E+00    1.4756443E-02    1.4355738E-02
    3.3620000E+00    1.4751822E-02    1.4351315E-02
    3.3660000E+00    1.4747230E-02    1.4346920E-02
    3.3700000E+00    1.4742667E-02    1.4342552E-02
    3.3740000E+00    1.4738132E-02    1.4338211E-02
    3.3780000E+00    1.4733626E-02    1.4333898E-02
    3.3820000E+00    1.4729149E-02    1.4329613E-02
    3.3860000E+00    1.4724701E-02    1.4325354E-02
    3.3900000E+00    1.4720281E-02    1.4321124E-02
    3.3940000E+00    1.4715889E-02    1.4316920E-02
    3.3980000E+00    1.4711527E-02    1.4312745E-02
    3.4020000E+00    1.4707193E-02    1.4308596E-02
    3.4060000E+00    1.4702888E-02    1.4304475E-02
    3.4100000E+00    1.4698612E-02    1.4300382E-02
    3.4140000E+00    1.4694364E-02    1.4296316E-02
    3.4180000E+00    1.4690145E-02    1.4292278E-02
    3.4220000E+00    1.4685955E-02    1.4288267E-02
    3.4260000E+00    1.4681793E-02    1.4284283E-02
    3.4300000E+00    1.4677660E-02    1.4280327E-02
    3.4340000E+00    1.4673556E-02    1.4276399E-02
    3.4380000E+00    1.4669481E-02    1.4272498E-02
    3.4420000E+00    1.4665434E-02    1.4268624E-02
    3.4460000E+00    1.4661416E-02    1.4264778E-02
    3.4500000E+00    1.4657427E-02    1.4260960E-02
    3.4540000E+00    1.4653467E-02    1.4257169E-02
    3.4580000E+00    1.4649535E-02    1.4253405E-02
    3.4620000E+00    1.4645632E-02    1.4249669E-02
    3.4660000E+00    1.4641758E-02    1.4245961E-02
    3.4700000E+00    1.4637913E-02    1.4242280E-02
    3.4740000E+00    1.4634096E-02    1.4238627E-02
    3.4780000E+00    1.4630308E-02    1.4235001E-02
    3.4820000E+00    1.4626549E-02    1.4231402E-02
    3.4860000E+00    1.4622819E-02    1.4227832E-02
    3.4900000E+00    1.4619117E-02    1.4224288E-02
    3.4940000E+00    1.4615445E-02    1.4220773E-02
    3.4980000E+00    1.4611801E-02    1.4217285E-02
    3.5020000E+00    1.4608186E-02    1.4213824E-02
    3.5060000E+00    1.4604599E-02    1.4210391E-02
    3.5100000E+00    1.4601042E-02    1.4206985E-02
    3.5140000E+00    1.4597513E-02    1.4203607E-02
    3.5180000E+00    1.4594013E-02    1.4200257E-02
    3.5220000E+00    1.4590541E-02    1.4196934E-02
    3.5260000E+00    1.4587099E-02    1.4193639E-02
    3.5300000E+00    1.4583685E-02    1.4190371E-02
    3.5340000E+00    1.4580301E-02    1.4187131E-02
    3.5380000E+00    1.4576945E-02    1.4183919E-02
    3.5420000E+00    1.4573617E-02    1.4180734E-02
    3.5460000E+00    1.4570319E-02    1.4177576E-02
    3.5500000E+00    1.4567049E-02    1.4174446E-02
    3.5540000E+00    1.4563809E-02    1.4171344E-02
    3.5580000E+00    1.4560597E-02    1.4168270E-02
    3.5620000E+00    1.4557414E-02    1.4165223E-02
    3.5660000E+00    1.4554260E-02    1.4162203E-02
    3.5700000E+00    1.4551134E-02    1.4159211E-02
    3.5740000E+00    1.4548038E-02    1.4156247E-02
    3.5780000E+00    1.4544970E-02    1.4153310E-02
    3.5820000E+00    1.4541931E-02    1.4150401E-02
    3.5860000E+00    1.4538921E-02    1.4147520E-02
    3.5900000E+00    1.4535940E-02    1.4144666E-02
    3.5940000E+00    1.4532987E-02    1.4141840E-02
    3.5980000E+00    1.4530064E-02    1.4139041E-02
    3.6020000E+00    1.4527169E-02    1.4136270E-02
    3.6060000E+00    1.4524303E-02    1.4133527E-02
    3.6100000E+00    1.4521466E-02    1.4130811E-02
    3.6140000E+00    1.4518658E-02    1.4128123E-02
    3.6180000E+00    1.4515879E-02    1.4125463E-02
    3.6220000E+00    1.4513129E-02    1.4122830E-02
    3.6260000E+00    1.4510407E-02    1.4120225E-02
    3.6300000E+00    1.4507715E-02    1.4117647E-02
    3.6340000E+00    1.4505051E-02    1.4115097E-02
    3.6380000E+00    1.4502416E-02    1.4112575E-02
    3.6420000E+00    1.4499810E-02    1.4110080E-02
    3.6460000E+00    1.4497233E-02    1.4107613E-02
    3.6500000E+00    1.4494685E-02    1.4105174E-02
    3.6540000E+00    1.4492166E-02    1.4102762E-02
    3.6580000E+00    1.4489675E-02    1.4100378E-02
    3.6620000E+00    1.4487214E-02    1.4098022E-02
    3.6660000E+00    1.4484781E-02    1.4095693E-02
    3.6700000E+00    1.4482377E-02    1.4093392E-02
    3.6740000E+00    1.4480003E-02    1.4091119E-02
    3.6780000E+00    1.4477657E-02    1.4088873E-02
    3.6820000E+00    1.4475340E-02    1.4086655E-02
    3.6860000E+00    1.4473051E-02    1.4084465E-02
    3.6900000E+00    1.4470792E-02    1.4082302E-02
    3.6940000E+00    1.4468562E-02    1.4080167E-02
    3.6980000E+00    1.4466361E-02    1.4078059E-02
    3.7020000E+00    1.4464188E-02    1.4075980E-02
    3.7060000E+00    1.4462044E-02    1.4073928E-02
    3.7100000E+00    1.4459930E-02    1.4071903E-02
    3.7140000E+00    1.4457844E-02    1.4069906E-02
    3.7180000E+00    1.4455787E-02    1.4067937E-02
    3.7220000E+00    1.4453759E-02    1.4065996E-02
    3.7260000E+00    1.4451760E-02    1.4064083E-02
    3.7300000E+00    1.4449790E-02    1.4062197E-02
    3.7340000E+00    1.4447849E-02    1.4060338E-02
    3.7380000E+00    1.4445937E-02    1.4058508E-02
    3.7420000E+00    1.4444054E-02    1.4056705E-02
    3.7460000E+00    1.4442199E-02    1.4054930E-02
    3.7500000E+00    1.4440374E-02    1.4053182E-02
    3.7540000E+00    1.4438577E-02    1.4051463E-02
    3.7580000E+00    1.4436810E-02    1.4049770E-02
    3.7620000E+00    1.4435071E-02    1.4048106E-02
    3.7660000E+00    1.4433362E-02    1.4046469E-02
    3.7700000E+00    1.4431681E-02    1.4044860E-02
    3.7740000E+00    1.4430029E-02    1.4043279E-02
    3.7780000E+00    1.4428406E-02    1.4041726E-02
    3.7820000E+00    1.4426812E-02    1.4040200E-02
    3.7860000E+00    1.4425248E-02    1.4038702E-02
    3.7900000E+00    1.4423712E-02    1.4037231E-02
    3.7940000E+00    1.4422205E-02    1.4035789E-02
    3.7980000E+00    1.4420726E-02    1.4034374E-02
    3.8020000E+00    1.4419277E-02    1.4032986E-02
    3.8060000E+00    1.4417857E-02    1.4031627E-02
    3.8100000E+00    1.4416466E-02    1.4030295E-02
    3.8140000E+00    1.4415104E-02    1.4028991E-02
    3.8180000E+00    1.4413771E-02    1.4027715E-02
    3.8220000E+00    1.4412466E-02    1.4026466E-02
    3.8260000E+00    1.4411191E-02    1.4025245E-02
    3.8300000E+00    1.4409944E-02    1.4024052E-02
    3.8340000E+00    1.4408727E-02    1.4022886E-02
    3.8380000E+00    1.4407539E-02    1.4021749E-02
    3.8420000E+00    1.4406379E-02    1.4020639E-02
    3.8460000E+00    1.4405249E-02    1.4019556E-02
    3.8500000E+00    1.4404147E-02    1.4018502E-02
    3.8540000E+00    1.4403074E-02    1.4017475E-02
    3.8580000E+00    1.4402031E-02    1.4016476E-02
    3.8620000E+00    1.4401016E-02    1.4015505E-02
    3.8660000E+00    1.4400031E-02    1.4014561E-02
    3.8700000E+00    1.4399074E-02    1.4013645E-02
    3.8740000E+00    1.4398146E-02    1.4012757E-02
    3.8780000E+00    1.4397248E-02    1.4011897E-02
    3.8820000E+00    1.4396378E-02    1.4011064E-02
    3.8860000E+00    1.4395537E-02    1.4010259E-02
    3.8900000E+00    1.4394725E-02    1.4009482E-02
    3.8940000E+00    1.4393942E-02    1.4008733E-02
    3.8980000E+00    1.4393189E-02    1.4008011E-02
    3.9020000E+00    1.4392464E-02    1.4007317E-02
    3.9060000E+00    1.4391768E-02    1.4006651E-02
    3.9100000E+00    1.4391101E-02    1.4006013E-02
    3.9140000E+00    1.4390463E-02    1.4005402E-02
    3.9180000E+00    1.4389854E-02    1.4004819E-02
    3.9220000E+00    1.4389274E-02    1.4004264E-02
    3.9260000E+00    1.4388724E-02    1.4003737E-02
    3.9300000E+00    1.4388202E-02    1.4003237E-02
    3.9340000E+00    1.4387709E-02    1.4002765E-02
    3.9380000E+00    1.4387245E-02    1.4002321E-02
    3.9420000E+00    1.4386810E-02    1.4001905E-02
    3.9460000E+00    1.4386404E-02    1.4001516E-02
    3.9500000E+00    1.4386027E-02    1.4001155E-02
    3.9540000E+00    1.4385679E-02    1.4000822E-02
    3.9580000E+00    1.4385360E-02    1.4000517E-02
    3.9620000E+00    1.4385070E-02    1.4000239E-02
    3.9660000E+00    1.4384809E-02    1.3999989E-02
    3.9700000E+00    1.4384577E-02    1.3999767E-02
    3.9740000E+00    1.4384374E-02    1.3999573E-02
    3.9780000E+00    1.4384200E-02    1.3999406E-02
    3.9820000E+00    1.4384055E-02    1.3999268E-02
    3.9860000E+00    1.4383939E-02    1.3999156E-02
    3.9900000E+00    1.4383852E-02    1.3999073E-02
    3.9940000E+00    1.4383794E-02    1.3999018E-02
    3.9980000E+00    1.4383765E-02    1.3998990E-02
