# Time          2.5000E+01
# Units: Mol/kgw
    Distance        SO4--            SO164--         
    2.0000000E-03    2.7979995E-02    2.6976794E-02
    6.0000000E-03    2.7931355E-02    2.6930401E-02
    1.0000000E-02    2.7882735E-02    2.6884028E-02
    1.4000000E-02    2.7834136E-02    2.6837674E-02
    1.8000000E-02    2.7785558E-02    2.6791340E-02
    2.2000000E-02    2.7737002E-02    2.6745027E-02
    2.6000000E-02    2.7688468E-02    2.6698734E-02
    3.0000000E-02    2.7639956E-02    2.6652461E-02
    3.4000000E-02    2.7591466E-02    2.6606209E-02
    3.8000000E-02    2.7542998E-02    2.6559978E-02
    4.2000000E-02    2.7494553E-02    2.6513769E-02
    4.6000000E-02    2.7446130E-02    2.6467580E-02
    5.0000000E-02    2.7397731E-02    2.6421413E-02
    5.4000000E-02    2.7349355E-02    2.6375268E-02
    5.8000000E-02    2.7301002E-02    2.6329145E-02
    6.2000000E-02    2.7252673E-02    2.6283045E-02
    6.6000000E-02    2.7204368E-02    2.6236966E-02
    7.0000000E-02    2.7156087E-02    2.6190911E-02
    7.4000000E-02    2.7107831E-02    2.6144878E-02
    7.8000000E-02    2.7059598E-02    2.6098868E-02
    8.2000000E-02    2.7011391E-02    2.6052881E-02
    8.6000000E-02    2.6963209E-02    2.6006918E-02
    9.0000000E-02    2.6915052E-02    2.5960978E-02
    9.4000000E-02    2.6866920E-02    2.5915062E-02
    9.8000000E-02    2.6818814E-02    2.5869171E-02
    1.0200000E-01    2.6770733E-02    2.5823303E-02
    1.0600000E-01    2.6722679E-02    2.5777460E-02
    1.1000000E-01    2.6674651E-02    2.5731642E-02
    1.1400000E-01    2.6626649E-02    2.5685848E-02
    1.1800000E-01    2.6578675E-02    2.5640080E-02
    1.2200000E-01    2.6530727E-02    2.5594337E-02
    1.2600000E-01    2.6482806E-02    2.5548619E-02
    1.3000000E-01    2.6434912E-02    2.5502927E-02
    1.3400000E-01    2.6387046E-02    2.5457261E-02
    1.3800000E-01    2.6339208E-02    2.5411621E-02
    1.4200000E-01    2.6291398E-02    2.5366007E-02
    1.4600000E-01    2.6243616E-02    2.5320420E-02
    1.5000000E-01    2.6195862E-02    2.5274859E-02
    1.5400000E-01    2.6148137E-02    2.5229326E-02
    1.5800000E-01    2.6100441E-02    2.5183819E-02
    1.6200000E-01    2.6052774E-02    2.5138340E-02
    1.6600000E-01    2.6005136E-02    2.5092888E-02
    1.7000000E-01    2.5957528E-02    2.5047464E-02
    1.7400000E-01    2.5909949E-02    2.5002068E-02
    1.7800000E-01    2.5862400E-02    2.4956700E-02
    1.8200000E-01    2.5814882E-02    2.4911361E-02
    1.8600000E-01    2.5767393E-02    2.4866049E-02
    1.9000000E-01    2.5719935E-02    2.4820767E-02
    1.9400000E-01    2.5672508E-02    2.4775513E-02
    1.9800000E-01    2.5625112E-02    2.4730289E-02
    2.0200000E-01    2.5577747E-02    2.4685094E-02
    2.0600000E-01    2.5530413E-02    2.4639928E-02
    2.1000000E-01    2.5483111E-02    2.4594793E-02
    2.1400000E-01    2.5435841E-02    2.4549687E-02
    2.1800000E-01    2.5388602E-02    2.4504611E-02
    2.2200000E-01    2.5341396E-02    2.4459565E-02
    2.2600000E-01    2.5294223E-02    2.4414550E-02
    2.3000000E-01    2.5247081E-02    2.4369566E-02
    2.3400000E-01    2.5199973E-02    2.4324612E-02
    2.3800000E-01    2.5152898E-02    2.4279690E-02
    2.4200000E-01    2.5105856E-02    2.4234799E-02
    2.4600000E-01    2.5058847E-02    2.4189940E-02
    2.5000000E-01    2.5011872E-02    2.4145112E-02
    2.5400000E-01    2.4964931E-02    2.4100316E-02
    2.5800000E-01    2.4918024E-02    2.4055552E-02
    2.6200000E-01    2.4871152E-02    2.4010821E-02
    2.6600000E-01    2.4824313E-02    2.3966121E-02
    2.7000000E-01    2.4777510E-02    2.3921455E-02
    2.7400000E-01    2.4730741E-02    2.3876821E-02
    2.7800000E-01    2.4684008E-02    2.3832221E-02
    2.8200000E-01    2.4637309E-02    2.3787654E-02
    2.8600000E-01    2.4590646E-02    2.3743120E-02
    2.9000000E-01    2.4544019E-02    2.3698620E-02
    2.9400000E-01    2.4497428E-02    2.3654153E-02
    2.9800000E-01    2.4450873E-02    2.3609721E-02
    3.0200000E-01    2.4404354E-02    2.3565323E-02
    3.0600000E-01    2.4357872E-02    2.3520959E-02
    3.1000000E-01    2.4311426E-02    2.3476630E-02
    3.1400000E-01    2.4265017E-02    2.3432336E-02
    3.1800000E-01    2.4218646E-02    2.3388076E-02
    3.2200000E-01    2.4172312E-02    2.3343852E-02
    3.2600000E-01    2.4126015E-02    2.3299663E-02
    3.3000000E-01    2.4079756E-02    2.3255510E-02
    3.3400000E-01    2.4033534E-02    2.3211392E-02
    3.3800000E-01    2.3987351E-02    2.3167311E-02
    3.4200000E-01    2.3941206E-02    2.3123265E-02
    3.4600000E-01    2.3895100E-02    2.3079256E-02
    3.5000000E-01    2.3849032E-02    2.3035283E-02
    3.5400000E-01    2.3803004E-02    2.2991347E-02
    3.5800000E-01    2.3757014E-02    2.2947448E-02
    3.6200000E-01    2.3711063E-02    2.2903586E-02
    3.6600000E-01    2.3665152E-02    2.2859761E-02
    3.7000000E-01    2.3619281E-02    2.2815973E-02
    3.7400000E-01    2.3573450E-02    2.2772223E-02
    3.7800000E-01    2.3527658E-02    2.2728511E-02
    3.8200000E-01    2.3481907E-02    2.2684836E-02
    3.8600000E-01    2.3436196E-02    2.2641200E-02
    3.9000000E-01    2.3390526E-02    2.2597602E-02
    3.9400000E-01    2.3344897E-02    2.2554043E-02
    3.9800000E-01    2.3299308E-02    2.2510522E-02
    4.0200000E-01    2.3253761E-02    2.2467041E-02
    4.0600000E-01    2.3208255E-02    2.2423598E-02
    4.1000000E-01    2.3162791E-02    2.2380194E-02
    4.1400000E-01    2.3117368E-02    2.2336830E-02
    4.1800000E-01    2.3071988E-02    2.2293506E-02
    4.2200000E-01    2.3026649E-02    2.2250221E-02
    4.2600000E-01    2.2981353E-02    2.2206976E-02
    4.3000000E-01    2.2936100E-02    2.2163771E-02
    4.3400000E-01    2.2890889E-02    2.2120607E-02
    4.3800000E-01    2.2845720E-02    2.2077483E-02
    4.4200000E-01    2.2800595E-02    2.2034399E-02
    4.4600000E-01    2.2755514E-02    2.1991357E-02
    4.5000000E-01    2.2710475E-02    2.1948355E-02
    4.5400000E-01    2.2665480E-02    2.1905395E-02
    4.5800000E-01    2.2620529E-02    2.1862476E-02
    4.6200000E-01    2.2575622E-02    2.1819598E-02
    4.6600000E-01    2.2530759E-02    2.1776762E-02
    4.7000000E-01    2.2485940E-02    2.1733968E-02
    4.7400000E-01    2.2441166E-02    2.1691216E-02
    4.7800000E-01    2.2396437E-02    2.1648506E-02
    4.8200000E-01    2.2351752E-02    2.1605838E-02
    4.8600000E-01    2.2307113E-02    2.1563213E-02
    4.9000000E-01    2.2262518E-02    2.1520631E-02
    4.9400000E-01    2.2217969E-02    2.1478091E-02
    4.9800000E-01    2.2173466E-02    2.1435595E-02
    5.0200000E-01    2.2129008E-02    2.1393142E-02
    5.0600000E-01    2.2084596E-02    2.1350732E-02
    5.1000000E-01    2.2040230E-02    2.1308365E-02
    5.1400000E-01    2.1995911E-02    2.1266042E-02
    5.1800000E-01    2.1951637E-02    2.1223764E-02
    5.2200000E-01    2.1907411E-02    2.1181529E-02
    5.2600000E-01    2.1863231E-02    2.1139338E-02
    5.3000000E-01    2.1819098E-02    2.1097192E-02
    5.3400000E-01    2.1775012E-02    2.1055090E-02
    5.3800000E-01    2.1730974E-02    2.1013032E-02
    5.4200000E-01    2.1686983E-02    2.0971020E-02
    5.4600000E-01    2.1643039E-02    2.0929053E-02
    5.5000000E-01    2.1599144E-02    2.0887130E-02
    5.5400000E-01    2.1555296E-02    2.0845253E-02
    5.5800000E-01    2.1511496E-02    2.0803422E-02
    5.6200000E-01    2.1467745E-02    2.0761636E-02
    5.6600000E-01    2.1424042E-02    2.0719895E-02
    5.7000000E-01    2.1380387E-02    2.0678201E-02
    5.7400000E-01    2.1336782E-02    2.0636553E-02
    5.7800000E-01    2.1293225E-02    2.0594951E-02
    5.8200000E-01    2.1249717E-02    2.0553395E-02
    5.8600000E-01    2.1206259E-02    2.0511886E-02
    5.9000000E-01    2.1162850E-02    2.0470424E-02
    5.9400000E-01    2.1119490E-02    2.0429008E-02
    5.9800000E-01    2.1076180E-02    2.0387639E-02
    6.0200000E-01    2.1032920E-02    2.0346318E-02
    6.0600000E-01    2.0989710E-02    2.0305044E-02
    6.1000000E-01    2.0946551E-02    2.0263817E-02
    6.1400000E-01    2.0903441E-02    2.0222638E-02
    6.1800000E-01    2.0860382E-02    2.0181506E-02
    6.2200000E-01    2.0817374E-02    2.0140422E-02
    6.2600000E-01    2.0774416E-02    2.0099387E-02
    6.3000000E-01    2.0731510E-02    2.0058399E-02
    6.3400000E-01    2.0688654E-02    2.0017460E-02
    6.3800000E-01    2.0645850E-02    1.9976569E-02
    6.4200000E-01    2.0603097E-02    1.9935727E-02
    6.4600000E-01    2.0560396E-02    1.9894934E-02
    6.5000000E-01    2.0517746E-02    1.9854189E-02
    6.5400000E-01    2.0475148E-02    1.9813494E-02
    6.5800000E-01    2.0432602E-02    1.9772848E-02
    6.6200000E-01    2.0390109E-02    1.9732250E-02
    6.6600000E-01    2.0347667E-02    1.9691703E-02
    6.7000000E-01    2.0305278E-02    1.9651205E-02
    6.7400000E-01    2.0262941E-02    1.9610756E-02
    6.7800000E-01    2.0220658E-02    1.9570358E-02
    6.8200000E-01    2.0178427E-02    1.9530009E-02
    6.8600000E-01    2.0136249E-02    1.9489711E-02
    6.9000000E-01    2.0094124E-02    1.9449463E-02
    6.9400000E-01    2.0052052E-02    1.9409265E-02
    6.9800000E-01    2.0010034E-02    1.9369117E-02
    7.0200000E-01    1.9968069E-02    1.9329021E-02
    7.0600000E-01    1.9926158E-02    1.9288975E-02
    7.1000000E-01    1.9884301E-02    1.9248980E-02
    7.1400000E-01    1.9842498E-02    1.9209036E-02
    7.1800000E-01    1.9800749E-02    1.9169143E-02
    7.2200000E-01    1.9759054E-02    1.9129302E-02
    7.2600000E-01    1.9717413E-02    1.9089511E-02
    7.3000000E-01    1.9675827E-02    1.9049773E-02
    7.3400000E-01    1.9634296E-02    1.9010086E-02
    7.3800000E-01    1.9592819E-02    1.8970451E-02
    7.4200000E-01    1.9551397E-02    1.8930868E-02
    7.4600000E-01    1.9510030E-02    1.8891336E-02
    7.5000000E-01    1.9468718E-02    1.8851857E-02
    7.5400000E-01    1.9427462E-02    1.8812431E-02
    7.5800000E-01    1.9386261E-02    1.8773056E-02
    7.6200000E-01    1.9345115E-02    1.8733734E-02
    7.6600000E-01    1.9304025E-02    1.8694465E-02
    7.7000000E-01    1.9262991E-02    1.8655249E-02
    7.7400000E-01    1.9222012E-02    1.8616085E-02
    7.7800000E-01    1.9181090E-02    1.8576975E-02
    7.8200000E-01    1.9140224E-02    1.8537917E-02
    7.8600000E-01    1.9099414E-02    1.8498913E-02
    7.9000000E-01    1.9058660E-02    1.8459962E-02
    7.9400000E-01    1.9017963E-02    1.8421065E-02
    7.9800000E-01    1.8977322E-02    1.8382221E-02
    8.0200000E-01    1.8936738E-02    1.8343431E-02
    8.0600000E-01    1.8896211E-02    1.8304694E-02
    8.1000000E-01    1.8855741E-02    1.8266012E-02
    8.1400000E-01    1.8815328E-02    1.8227383E-02
    8.1800000E-01    1.8774972E-02    1.8188809E-02
    8.2200000E-01    1.8734674E-02    1.8150289E-02
    8.2600000E-01    1.8694433E-02    1.8111823E-02
    8.3000000E-01    1.8654249E-02    1.8073412E-02
    8.3400000E-01    1.8614123E-02    1.8035055E-02
    8.3800000E-01    1.8574055E-02    1.7996753E-02
    8.4200000E-01    1.8534044E-02    1.7958506E-02
    8.4600000E-01    1.8494092E-02    1.7920313E-02
    8.5000000E-01    1.8454197E-02    1.7882175E-02
    8.5400000E-01    1.8414361E-02    1.7844093E-02
    8.5800000E-01    1.8374583E-02    1.7806066E-02
    8.6200000E-01    1.8334863E-02    1.7768094E-02
    8.6600000E-01    1.8295202E-02    1.7730177E-02
    8.7000000E-01    1.8255599E-02    1.7692316E-02
    8.7400000E-01    1.8216055E-02    1.7654510E-02
    8.7800000E-01    1.8176570E-02    1.7616760E-02
    8.8200000E-01    1.8137144E-02    1.7579066E-02
    8.8600000E-01    1.8097777E-02    1.7541427E-02
    8.9000000E-01    1.8058468E-02    1.7503845E-02
    8.9400000E-01    1.8019219E-02    1.7466319E-02
    8.9800000E-01    1.7980030E-02    1.7428848E-02
    9.0200000E-01    1.7940899E-02    1.7391434E-02
    9.0600000E-01    1.7901828E-02    1.7354076E-02
    9.1000000E-01    1.7862817E-02    1.7316775E-02
    9.1400000E-01    1.7823865E-02    1.7279530E-02
    9.1800000E-01    1.7784973E-02    1.7242342E-02
    9.2200000E-01    1.7746141E-02    1.7205211E-02
    9.2600000E-01    1.7707369E-02    1.7168136E-02
    9.3000000E-01    1.7668657E-02    1.7131118E-02
    9.3400000E-01    1.7630005E-02    1.7094157E-02
    9.3800000E-01    1.7591413E-02    1.7057253E-02
    9.4200000E-01    1.7552881E-02    1.7020406E-02
    9.4600000E-01    1.7514410E-02    1.6983616E-02
    9.5000000E-01    1.7475999E-02    1.6946884E-02
    9.5400000E-01    1.7437649E-02    1.6910209E-02
    9.5800000E-01    1.7399359E-02    1.6873591E-02
    9.6200000E-01    1.7361130E-02    1.6837031E-02
    9.6600000E-01    1.7322962E-02    1.6800529E-02
    9.7000000E-01    1.7284855E-02    1.6764084E-02
    9.7400000E-01    1.7246809E-02    1.6727697E-02
    9.7800000E-01    1.7208823E-02    1.6691367E-02
    9.8200000E-01    1.7170899E-02    1.6655096E-02
    9.8600000E-01    1.7133036E-02    1.6618883E-02
    9.9000000E-01    1.7095235E-02    1.6582727E-02
    9.9400000E-01    1.7057494E-02    1.6546630E-02
    9.9800000E-01    1.7019816E-02    1.6510591E-02
    1.0020000E+00    1.6982198E-02    1.6474610E-02
    1.0060000E+00    1.6944642E-02    1.6438688E-02
    1.0100000E+00    1.6907148E-02    1.6402824E-02
    1.0140000E+00    1.6869716E-02    1.6367019E-02
    1.0180000E+00    1.6832345E-02    1.6331272E-02
    1.0220000E+00    1.6795036E-02    1.6295583E-02
    1.0260000E+00    1.6757789E-02    1.6259954E-02
    1.0300000E+00    1.6720604E-02    1.6224383E-02
    1.0340000E+00    1.6683481E-02    1.6188871E-02
    1.0380000E+00    1.6646421E-02    1.6153418E-02
    1.0420000E+00    1.6609422E-02    1.6118023E-02
    1.0460000E+00    1.6572486E-02    1.6082688E-02
    1.0500000E+00    1.6535612E-02    1.6047412E-02
    1.0540000E+00    1.6498800E-02    1.6012195E-02
    1.0580000E+00    1.6462051E-02    1.5977037E-02
    1.0620000E+00    1.6425365E-02    1.5941939E-02
    1.0660000E+00    1.6388741E-02    1.5906900E-02
    1.0700000E+00    1.6352179E-02    1.5871920E-02
    1.0740000E+00    1.6315681E-02    1.5836999E-02
    1.0780000E+00    1.6279245E-02    1.5802139E-02
    1.0820000E+00    1.6242872E-02    1.5767337E-02
    1.0860000E+00    1.6206562E-02    1.5732596E-02
    1.0900000E+00    1.6170314E-02    1.5697913E-02
    1.0940000E+00    1.6134130E-02    1.5663291E-02
    1.0980000E+00    1.6098009E-02    1.5628729E-02
    1.1020000E+00    1.6061951E-02    1.5594226E-02
    1.1060000E+00    1.6025956E-02    1.5559783E-02
    1.1100000E+00    1.5990024E-02    1.5525400E-02
    1.1140000E+00    1.5954155E-02    1.5491077E-02
    1.1180000E+00    1.5918350E-02    1.5456814E-02
    1.1220000E+00    1.5882608E-02    1.5422611E-02
    1.1260000E+00    1.5846929E-02    1.5388468E-02
    1.1300000E+00    1.5811314E-02    1.5354386E-02
    1.1340000E+00    1.5775763E-02    1.5320363E-02
    1.1380000E+00    1.5740275E-02    1.5286401E-02
    1.1420000E+00    1.5704850E-02    1.5252500E-02
    1.1460000E+00    1.5669490E-02    1.5218658E-02
    1.1500000E+00    1.5634192E-02    1.5184877E-02
    1.1540000E+00    1.5598959E-02    1.5151156E-02
    1.1580000E+00    1.5563789E-02    1.5117496E-02
    1.1620000E+00    1.5528684E-02    1.5083897E-02
    1.1660000E+00    1.5493642E-02    1.5050357E-02
    1.1700000E+00    1.5458664E-02    1.5016879E-02
    1.1740000E+00    1.5423749E-02    1.4983461E-02
    1.1780000E+00    1.5388899E-02    1.4950104E-02
    1.1820000E+00    1.5354113E-02    1.4916808E-02
    1.1860000E+00    1.5319391E-02    1.4883572E-02
    1.1900000E+00    1.5284733E-02    1.4850397E-02
    1.1940000E+00    1.5250139E-02    1.4817283E-02
    1.1980000E+00    1.5215609E-02    1.4784230E-02
    1.2020000E+00    1.5181143E-02    1.4751237E-02
    1.2060000E+00    1.5146742E-02    1.4718306E-02
    1.2100000E+00    1.5112405E-02    1.4685435E-02
    1.2140000E+00    1.5078132E-02    1.4652626E-02
    1.2180000E+00    1.5043923E-02    1.4619877E-02
    1.2220000E+00    1.5009779E-02    1.4587190E-02
    1.2260000E+00    1.4975699E-02    1.4554564E-02
    1.2300000E+00    1.4941684E-02    1.4521998E-02
    1.2340000E+00    1.4907733E-02    1.4489494E-02
    1.2380000E+00    1.4873846E-02    1.4457051E-02
    1.2420000E+00    1.4840024E-02    1.4424669E-02
    1.2460000E+00    1.4806267E-02    1.4392349E-02
    1.2500000E+00    1.4772574E-02    1.4360090E-02
    1.2540000E+00    1.4738945E-02    1.4327891E-02
    1.2580000E+00    1.4705381E-02    1.4295755E-02
    1.2620000E+00    1.4671882E-02    1.4263679E-02
    1.2660000E+00    1.4638447E-02    1.4231665E-02
    1.2700000E+00    1.4605077E-02    1.4199712E-02
    1.2740000E+00    1.4571772E-02    1.4167821E-02
    1.2780000E+00    1.4538531E-02    1.4135991E-02
    1.2820000E+00    1.4505355E-02    1.4104222E-02
    1.2860000E+00    1.4472244E-02    1.4072515E-02
    1.2900000E+00    1.4439197E-02    1.4040869E-02
    1.2940000E+00    1.4406215E-02    1.4009285E-02
    1.2980000E+00    1.4373298E-02    1.3977762E-02
    1.3020000E+00    1.4340446E-02    1.3946301E-02
    1.3060000E+00    1.4307659E-02    1.3914901E-02
    1.3100000E+00    1.4274936E-02    1.3883563E-02
    1.3140000E+00    1.4242278E-02    1.3852286E-02
    1.3180000E+00    1.4209685E-02    1.3821071E-02
    1.3220000E+00    1.4177157E-02    1.3789917E-02
    1.3260000E+00    1.4144694E-02    1.3758825E-02
    1.3300000E+00    1.4112296E-02    1.3727795E-02
    1.3340000E+00    1.4079962E-02    1.3696826E-02
    1.3380000E+00    1.4047693E-02    1.3665919E-02
    1.3420000E+00    1.4015490E-02    1.3635073E-02
    1.3460000E+00    1.3983351E-02    1.3604289E-02
    1.3500000E+00    1.3951277E-02    1.3573567E-02
    1.3540000E+00    1.3919268E-02    1.3542906E-02
    1.3580000E+00    1.3887324E-02    1.3512307E-02
    1.3620000E+00    1.3855445E-02    1.3481770E-02
    1.3660000E+00    1.3823631E-02    1.3451294E-02
    1.3700000E+00    1.3791882E-02    1.3420880E-02
    1.3740000E+00    1.3760198E-02    1.3390528E-02
    1.3780000E+00    1.3728578E-02    1.3360237E-02
    1.3820000E+00    1.3697024E-02    1.3330008E-02
    1.3860000E+00    1.3665534E-02    1.3299841E-02
    1.3900000E+00    1.3634110E-02    1.3269735E-02
    1.3940000E+00    1.3602750E-02    1.3239691E-02
    1.3980000E+00    1.3571456E-02    1.3209709E-02
    1.4020000E+00    1.3540226E-02    1.3179788E-02
    1.4060000E+00    1.3509061E-02    1.3149929E-02
    1.4100000E+00    1.3477962E-02    1.3120132E-02
    1.4140000E+00    1.3446927E-02    1.3090397E-02
    1.4180000E+00    1.3415957E-02    1.3060723E-02
    1.4220000E+00    1.3385052E-02    1.3031111E-02
    1.4260000E+00    1.3354212E-02    1.3001560E-02
    1.4300000E+00    1.3323437E-02    1.2972071E-02
    1.4340000E+00    1.3292727E-02    1.2942644E-02
    1.4380000E+00    1.3262081E-02    1.2913278E-02
    1.4420000E+00    1.3231501E-02    1.2883975E-02
    1.4460000E+00    1.3200985E-02    1.2854732E-02
    1.4500000E+00    1.3170534E-02    1.2825552E-02
    1.4540000E+00    1.3140149E-02    1.2796433E-02
    1.4580000E+00    1.3109828E-02    1.2767375E-02
    1.4620000E+00    1.3079571E-02    1.2738379E-02
    1.4660000E+00    1.3049380E-02    1.2709445E-02
    1.4700000E+00    1.3019253E-02    1.2680573E-02
    1.4740000E+00    1.2989192E-02    1.2651762E-02
    1.4780000E+00    1.2959195E-02    1.2623012E-02
    1.4820000E+00    1.2929263E-02    1.2594324E-02
    1.4860000E+00    1.2899395E-02    1.2565698E-02
    1.4900000E+00    1.2869593E-02    1.2537133E-02
    1.4940000E+00    1.2839855E-02    1.2508630E-02
    1.4980000E+00    1.2810181E-02    1.2480188E-02
    1.5020000E+00    1.2780573E-02    1.2451807E-02
    1.5060000E+00    1.2751029E-02    1.2423488E-02
    1.5100000E+00    1.2721550E-02    1.2395231E-02
    1.5140000E+00    1.2692135E-02    1.2367035E-02
    1.5180000E+00    1.2662785E-02    1.2338900E-02
    1.5220000E+00    1.2633500E-02    1.2310827E-02
    1.5260000E+00    1.2604279E-02    1.2282815E-02
    1.5300000E+00    1.2575123E-02    1.2254865E-02
    1.5340000E+00    1.2546031E-02    1.2226976E-02
    1.5380000E+00    1.2517004E-02    1.2199148E-02
    1.5420000E+00    1.2488041E-02    1.2171381E-02
    1.5460000E+00    1.2459143E-02    1.2143676E-02
    1.5500000E+00    1.2430309E-02    1.2116032E-02
    1.5540000E+00    1.2401540E-02    1.2088450E-02
    1.5580000E+00    1.2372835E-02    1.2060928E-02
    1.5620000E+00    1.2344194E-02    1.2033468E-02
    1.5660000E+00    1.2315618E-02    1.2006069E-02
    1.5700000E+00    1.2287106E-02    1.1978731E-02
    1.5740000E+00    1.2258658E-02    1.1951454E-02
    1.5780000E+00    1.2230274E-02    1.1924238E-02
    1.5820000E+00    1.2201955E-02    1.1897084E-02
    1.5860000E+00    1.2173700E-02    1.1869990E-02
    1.5900000E+00    1.2145509E-02    1.1842957E-02
    1.5940000E+00    1.2117382E-02    1.1815986E-02
    1.5980000E+00    1.2089320E-02    1.1789075E-02
    1.6020000E+00    1.2061321E-02    1.1762225E-02
    1.6060000E+00    1.2033387E-02    1.1735437E-02
    1.6100000E+00    1.2005516E-02    1.1708709E-02
    1.6140000E+00    1.1977710E-02    1.1682042E-02
    1.6180000E+00    1.1949967E-02    1.1655435E-02
    1.6220000E+00    1.1922289E-02    1.1628890E-02
    1.6260000E+00    1.1894674E-02    1.1602405E-02
    1.6300000E+00    1.1867123E-02    1.1575981E-02
    1.6340000E+00    1.1839636E-02    1.1549618E-02
    1.6380000E+00    1.1812212E-02    1.1523315E-02
    1.6420000E+00    1.1784853E-02    1.1497073E-02
    1.6460000E+00    1.1757557E-02    1.1470892E-02
    1.6500000E+00    1.1730325E-02    1.1444771E-02
    1.6540000E+00    1.1703156E-02    1.1418711E-02
    1.6580000E+00    1.1676051E-02    1.1392711E-02
    1.6620000E+00    1.1649010E-02    1.1366772E-02
    1.6660000E+00    1.1622032E-02    1.1340893E-02
    1.6700000E+00    1.1595117E-02    1.1315075E-02
    1.6740000E+00    1.1568266E-02    1.1289317E-02
    1.6780000E+00    1.1541479E-02    1.1263619E-02
    1.6820000E+00    1.1514755E-02    1.1237981E-02
    1.6860000E+00    1.1488094E-02    1.1212404E-02
    1.6900000E+00    1.1461496E-02    1.1186887E-02
    1.6940000E+00    1.1434962E-02    1.1161430E-02
    1.6980000E+00    1.1408490E-02    1.1136034E-02
    1.7020000E+00    1.1382082E-02    1.1110697E-02
    1.7060000E+00    1.1355737E-02    1.1085421E-02
    1.7100000E+00    1.1329456E-02    1.1060204E-02
    1.7140000E+00    1.1303237E-02    1.1035048E-02
    1.7180000E+00    1.1277081E-02    1.1009951E-02
    1.7220000E+00    1.1250988E-02    1.0984914E-02
    1.7260000E+00    1.1224958E-02    1.0959937E-02
    1.7300000E+00    1.1198991E-02    1.0935020E-02
    1.7340000E+00    1.1173086E-02    1.0910163E-02
    1.7380000E+00    1.1147245E-02    1.0885366E-02
    1.7420000E+00    1.1121466E-02    1.0860628E-02
    1.7460000E+00    1.1095749E-02    1.0835950E-02
    1.7500000E+00    1.1070096E-02    1.0811331E-02
    1.7540000E+00    1.1044504E-02    1.0786772E-02
    1.7580000E+00    1.1018976E-02    1.0762273E-02
    1.7620000E+00    1.0993510E-02    1.0737833E-02
    1.7660000E+00    1.0968106E-02    1.0713452E-02
    1.7700000E+00    1.0942764E-02    1.0689131E-02
    1.7740000E+00    1.0917485E-02    1.0664869E-02
    1.7780000E+00    1.0892269E-02    1.0640666E-02
    1.7820000E+00    1.0867114E-02    1.0616523E-02
    1.7860000E+00    1.0842022E-02    1.0592439E-02
    1.7900000E+00    1.0816991E-02    1.0568414E-02
    1.7940000E+00    1.0792023E-02    1.0544448E-02
    1.7980000E+00    1.0767117E-02    1.0520541E-02
    1.8020000E+00    1.0742273E-02    1.0496693E-02
    1.8060000E+00    1.0717490E-02    1.0472904E-02
    1.8100000E+00    1.0692770E-02    1.0449174E-02
    1.8140000E+00    1.0668111E-02    1.0425503E-02
    1.8180000E+00    1.0643514E-02    1.0401891E-02
    1.8220000E+00    1.0618979E-02    1.0378337E-02
    1.8260000E+00    1.0594505E-02    1.0354842E-02
    1.8300000E+00    1.0570093E-02    1.0331406E-02
    1.8340000E+00    1.0545743E-02    1.0308029E-02
    1.8380000E+00    1.0521454E-02    1.0284710E-02
    1.8420000E+00    1.0497226E-02    1.0261449E-02
    1.8460000E+00    1.0473060E-02    1.0238247E-02
    1.8500000E+00    1.0448955E-02    1.0215104E-02
    1.8540000E+00    1.0424911E-02    1.0192018E-02
    1.8580000E+00    1.0400929E-02    1.0168991E-02
    1.8620000E+00    1.0377007E-02    1.0146023E-02
    1.8660000E+00    1.0353147E-02    1.0123112E-02
    1.8700000E+00    1.0329348E-02    1.0100260E-02
    1.8740000E+00    1.0305610E-02    1.0077466E-02
    1.8780000E+00    1.0281932E-02    1.0054729E-02
    1.8820000E+00    1.0258316E-02    1.0032051E-02
    1.8860000E+00    1.0234760E-02    1.0009431E-02
    1.8900000E+00    1.0211265E-02    9.9868683E-03
    1.8940000E+00    1.0187831E-02    9.9643637E-03
    1.8980000E+00    1.0164457E-02    9.9419169E-03
    1.9020000E+00    1.0141144E-02    9.9195277E-03
    1.9060000E+00    1.0117891E-02    9.8971962E-03
    1.9100000E+00    1.0094699E-02    9.8749223E-03
    1.9140000E+00    1.0071567E-02    9.8527060E-03
    1.9180000E+00    1.0048496E-02    9.8305471E-03
    1.9220000E+00    1.0025485E-02    9.8084457E-03
    1.9260000E+00    1.0002534E-02    9.7864016E-03
    1.9300000E+00    9.9796426E-03    9.7644149E-03
    1.9340000E+00    9.9568117E-03    9.7424854E-03
    1.9380000E+00    9.9340409E-03    9.7206131E-03
    1.9420000E+00    9.9113299E-03    9.6987980E-03
    1.9460000E+00    9.8886789E-03    9.6770399E-03
    1.9500000E+00    9.8660877E-03    9.6553389E-03
    1.9540000E+00    9.8435562E-03    9.6336949E-03
    1.9580000E+00    9.8210844E-03    9.6121077E-03
    1.9620000E+00    9.7986722E-03    9.5905774E-03
    1.9660000E+00    9.7763196E-03    9.5691040E-03
    1.9700000E+00    9.7540265E-03    9.5476872E-03
    1.9740000E+00    9.7317928E-03    9.5263271E-03
    1.9780000E+00    9.7096186E-03    9.5050236E-03
    1.9820000E+00    9.6875036E-03    9.4837767E-03
    1.9860000E+00    9.6654478E-03    9.4625863E-03
    1.9900000E+00    9.6434512E-03    9.4414523E-03
    1.9940000E+00    9.6215138E-03    9.4203747E-03
    1.9980000E+00    9.5996354E-03    9.3993534E-03
    2.0020000E+00    9.5778159E-03    9.3783884E-03
    2.0060000E+00    9.5560554E-03    9.3574795E-03
    2.0100000E+00    9.5343537E-03    9.3366268E-03
    2.0140000E+00    9.5127108E-03    9.3158301E-03
    2.0180000E+00    9.4911267E-03    9.2950895E-03
    2.0220000E+00    9.4696011E-03    9.2744048E-03
    2.0260000E+00    9.4481342E-03    9.2537760E-03
    2.0300000E+00    9.4267258E-03    9.2332030E-03
    2.0340000E+00    9.4053758E-03    9.2126858E-03
    2.0380000E+00    9.3840842E-03    9.1922242E-03
    2.0420000E+00    9.3628509E-03    9.1718183E-03
    2.0460000E+00    9.3416758E-03    9.1514680E-03
    2.0500000E+00    9.3205590E-03    9.1311732E-03
    2.0540000E+00    9.2995002E-03    9.1109338E-03
    2.0580000E+00    9.2784995E-03    9.0907498E-03
    2.0620000E+00    9.2575568E-03    9.0706211E-03
    2.0660000E+00    9.2366719E-03    9.0505477E-03
    2.0700000E+00    9.2158449E-03    9.0305295E-03
    2.0740000E+00    9.1950757E-03    9.0105664E-03
    2.0780000E+00    9.1743642E-03    8.9906583E-03
    2.0820000E+00    9.1537102E-03    8.9708053E-03
    2.0860000E+00    9.1331139E-03    8.9510072E-03
    2.0900000E+00    9.1125750E-03    8.9312639E-03
    2.0940000E+00    9.0920936E-03    8.9115755E-03
    2.0980000E+00    9.0716695E-03    8.8919418E-03
    2.1020000E+00    9.0513027E-03    8.8723628E-03
    2.1060000E+00    9.0309931E-03    8.8528384E-03
    2.1100000E+00    9.0107406E-03    8.8333685E-03
    2.1140000E+00    8.9905453E-03    8.8139532E-03
    2.1180000E+00    8.9704069E-03    8.7945922E-03
    2.1220000E+00    8.9503254E-03    8.7752856E-03
    2.1260000E+00    8.9303008E-03    8.7560333E-03
    2.1300000E+00    8.9103330E-03    8.7368351E-03
    2.1340000E+00    8.8904219E-03    8.7176912E-03
    2.1380000E+00    8.8705675E-03    8.6986013E-03
    2.1420000E+00    8.8507696E-03    8.6795655E-03
    2.1460000E+00    8.8310283E-03    8.6605836E-03
    2.1500000E+00    8.8113434E-03    8.6416556E-03
    2.1540000E+00    8.7917148E-03    8.6227814E-03
    2.1580000E+00    8.7721425E-03    8.6039610E-03
    2.1620000E+00    8.7526265E-03    8.5851942E-03
    2.1660000E+00    8.7331666E-03    8.5664811E-03
    2.1700000E+00    8.7137627E-03    8.5478215E-03
    2.1740000E+00    8.6944149E-03    8.5292155E-03
    2.1780000E+00    8.6751230E-03    8.5106628E-03
    2.1820000E+00    8.6558870E-03    8.4921635E-03
    2.1860000E+00    8.6367068E-03    8.4737175E-03
    2.1900000E+00    8.6175822E-03    8.4553247E-03
    2.1940000E+00    8.5985133E-03    8.4369851E-03
    2.1980000E+00    8.5795000E-03    8.4186985E-03
    2.2020000E+00    8.5605422E-03    8.4004650E-03
    2.2060000E+00    8.5416398E-03    8.3822844E-03
    2.2100000E+00    8.5227928E-03    8.3641567E-03
    2.2140000E+00    8.5040010E-03    8.3460818E-03
    2.2180000E+00    8.4852645E-03    8.3280597E-03
    2.2220000E+00    8.4665831E-03    8.3100903E-03
    2.2260000E+00    8.4479568E-03    8.2921734E-03
    2.2300000E+00    8.4293854E-03    8.2743091E-03
    2.2340000E+00    8.4108690E-03    8.2564973E-03
    2.2380000E+00    8.3924074E-03    8.2387379E-03
    2.2420000E+00    8.3740006E-03    8.2210308E-03
    2.2460000E+00    8.3556484E-03    8.2033760E-03
    2.2500000E+00    8.3373509E-03    8.1857734E-03
    2.2540000E+00    8.3191080E-03    8.1682230E-03
    2.2580000E+00    8.3009195E-03    8.1507246E-03
    2.2620000E+00    8.2827855E-03    8.1332782E-03
    2.2660000E+00    8.2647057E-03    8.1158838E-03
    2.2700000E+00    8.2466803E-03    8.0985412E-03
    2.2740000E+00    8.2287090E-03    8.0812504E-03
    2.2780000E+00    8.2107918E-03    8.0640113E-03
    2.2820000E+00    8.1929287E-03    8.0468239E-03
    2.2860000E+00    8.1751195E-03    8.0296881E-03
    2.2900000E+00    8.1573642E-03    8.0126038E-03
    2.2940000E+00    8.1396627E-03    7.9955709E-03
    2.2980000E+00    8.1220150E-03    7.9785894E-03
    2.3020000E+00    8.1044210E-03    7.9616593E-03
    2.3060000E+00    8.0868805E-03    7.9447804E-03
    2.3100000E+00    8.0693936E-03    7.9279527E-03
    2.3140000E+00    8.0519601E-03    7.9111761E-03
    2.3180000E+00    8.0345800E-03    7.8944505E-03
    2.3220000E+00    8.0172532E-03    7.8777759E-03
    2.3260000E+00    7.9999796E-03    7.8611522E-03
    2.3300000E+00    7.9827592E-03    7.8445793E-03
    2.3340000E+00    7.9655919E-03    7.8280572E-03
    2.3380000E+00    7.9484776E-03    7.8115858E-03
    2.3420000E+00    7.9314162E-03    7.7951650E-03
    2.3460000E+00    7.9144076E-03    7.7787948E-03
    2.3500000E+00    7.8974519E-03    7.7624751E-03
    2.3540000E+00    7.8805488E-03    7.7462058E-03
    2.3580000E+00    7.8636985E-03    7.7299868E-03
    2.3620000E+00    7.8469006E-03    7.7138182E-03
    2.3660000E+00    7.8301553E-03    7.6976997E-03
    2.3700000E+00    7.8134624E-03    7.6816314E-03
    2.3740000E+00    7.7968218E-03    7.6656132E-03
    2.3780000E+00    7.7802335E-03    7.6496450E-03
    2.3820000E+00    7.7636974E-03    7.6337267E-03
    2.3860000E+00    7.7472134E-03    7.6178583E-03
    2.3900000E+00    7.7307814E-03    7.6020397E-03
    2.3940000E+00    7.7144015E-03    7.5862708E-03
    2.3980000E+00    7.6980734E-03    7.5705516E-03
    2.4020000E+00    7.6817972E-03    7.5548820E-03
    2.4060000E+00    7.6655727E-03    7.5392620E-03
    2.4100000E+00    7.6493999E-03    7.5236914E-03
    2.4140000E+00    7.6332787E-03    7.5081702E-03
    2.4180000E+00    7.6172091E-03    7.4926983E-03
    2.4220000E+00    7.6011909E-03    7.4772756E-03
    2.4260000E+00    7.5852241E-03    7.4619022E-03
    2.4300000E+00    7.5693086E-03    7.4465778E-03
    2.4340000E+00    7.5534444E-03    7.4313025E-03
    2.4380000E+00    7.5376313E-03    7.4160762E-03
    2.4420000E+00    7.5218693E-03    7.4008989E-03
    2.4460000E+00    7.5061584E-03    7.3857703E-03
    2.4500000E+00    7.4904984E-03    7.3706905E-03
    2.4540000E+00    7.4748892E-03    7.3556595E-03
    2.4580000E+00    7.4593309E-03    7.3406770E-03
    2.4620000E+00    7.4438233E-03    7.3257432E-03
    2.4660000E+00    7.4283664E-03    7.3108579E-03
    2.4700000E+00    7.4129600E-03    7.2960209E-03
    2.4740000E+00    7.3976042E-03    7.2812324E-03
    2.4780000E+00    7.3822988E-03    7.2664922E-03
    2.4820000E+00    7.3670437E-03    7.2518001E-03
    2.4860000E+00    7.3518390E-03    7.2371563E-03
    2.4900000E+00    7.3366845E-03    7.2225605E-03
    2.4940000E+00    7.3215801E-03    7.2080128E-03
    2.4980000E+00    7.3065258E-03    7.1935131E-03
    2.5020000E+00    7.2915215E-03    7.1790612E-03
    2.5060000E+00    7.2765671E-03    7.1646571E-03
    2.5100000E+00    7.2616626E-03    7.1503009E-03
    2.5140000E+00    7.2468079E-03    7.1359923E-03
    2.5180000E+00    7.2320029E-03    7.1217313E-03
    2.5220000E+00    7.2172475E-03    7.1075179E-03
    2.5260000E+00    7.2025417E-03    7.0933519E-03
    2.5300000E+00    7.1878854E-03    7.0792334E-03
    2.5340000E+00    7.1732786E-03    7.0651623E-03
    2.5380000E+00    7.1587211E-03    7.0511384E-03
    2.5420000E+00    7.1442128E-03    7.0371618E-03
    2.5460000E+00    7.1297538E-03    7.0232323E-03
    2.5500000E+00    7.1153439E-03    7.0093499E-03
    2.5540000E+00    7.1009831E-03    6.9955145E-03
    2.5580000E+00    7.0866713E-03    6.9817261E-03
    2.5620000E+00    7.0724084E-03    6.9679845E-03
    2.5660000E+00    7.0581944E-03    6.9542898E-03
    2.5700000E+00    7.0440292E-03    6.9406419E-03
    2.5740000E+00    7.0299126E-03    6.9270406E-03
    2.5780000E+00    7.0158448E-03    6.9134859E-03
    2.5820000E+00    7.0018254E-03    6.8999778E-03
    2.5860000E+00    6.9878546E-03    6.8865162E-03
    2.5900000E+00    6.9739322E-03    6.8731010E-03
    2.5940000E+00    6.9600582E-03    6.8597322E-03
    2.5980000E+00    6.9462325E-03    6.8464096E-03
    2.6020000E+00    6.9324550E-03    6.8331333E-03
    2.6060000E+00    6.9187256E-03    6.8199032E-03
    2.6100000E+00    6.9050443E-03    6.8067191E-03
    2.6140000E+00    6.8914110E-03    6.7935811E-03
    2.6180000E+00    6.8778257E-03    6.7804890E-03
    2.6220000E+00    6.8642882E-03    6.7674428E-03
    2.6260000E+00    6.8507986E-03    6.7544425E-03
    2.6300000E+00    6.8373566E-03    6.7414879E-03
    2.6340000E+00    6.8239623E-03    6.7285791E-03
    2.6380000E+00    6.8106156E-03    6.7157159E-03
    2.6420000E+00    6.7973165E-03    6.7028982E-03
    2.6460000E+00    6.7840648E-03    6.6901261E-03
    2.6500000E+00    6.7708604E-03    6.6773994E-03
    2.6540000E+00    6.7577034E-03    6.6647180E-03
    2.6580000E+00    6.7445936E-03    6.6520820E-03
    2.6620000E+00    6.7315311E-03    6.6394913E-03
    2.6660000E+00    6.7185156E-03    6.6269457E-03
    2.6700000E+00    6.7055471E-03    6.6144453E-03
    2.6740000E+00    6.6926257E-03    6.6019899E-03
    2.6780000E+00    6.6797511E-03    6.5895795E-03
    2.6820000E+00    6.6669234E-03    6.5772141E-03
    2.6860000E+00    6.6541424E-03    6.5648935E-03
    2.6900000E+00    6.6414081E-03    6.5526177E-03
    2.6940000E+00    6.6287205E-03    6.5403867E-03
    2.6980000E+00    6.6160794E-03    6.5282003E-03
    2.7020000E+00    6.6034849E-03    6.5160586E-03
    2.7060000E+00    6.5909367E-03    6.5039614E-03
    2.7100000E+00    6.5784350E-03    6.4919087E-03
    2.7140000E+00    6.5659795E-03    6.4799005E-03
    2.7180000E+00    6.5535702E-03    6.4679366E-03
    2.7220000E+00    6.5412072E-03    6.4560170E-03
    2.7260000E+00    6.5288902E-03    6.4441416E-03
    2.7300000E+00    6.5166192E-03    6.4323104E-03
    2.7340000E+00    6.5043942E-03    6.4205233E-03
    2.7380000E+00    6.4922151E-03    6.4087803E-03
    2.7420000E+00    6.4800818E-03    6.3970813E-03
    2.7460000E+00    6.4679943E-03    6.3854262E-03
    2.7500000E+00    6.4559525E-03    6.3738150E-03
    2.7540000E+00    6.4439564E-03    6.3622476E-03
    2.7580000E+00    6.4320058E-03    6.3507239E-03
    2.7620000E+00    6.4201007E-03    6.3392439E-03
    2.7660000E+00    6.4082410E-03    6.3278076E-03
    2.7700000E+00    6.3964267E-03    6.3164148E-03
    2.7740000E+00    6.3846577E-03    6.3050655E-03
    2.7780000E+00    6.3729340E-03    6.2937596E-03
    2.7820000E+00    6.3612554E-03    6.2824971E-03
    2.7860000E+00    6.3496220E-03    6.2712780E-03
    2.7900000E+00    6.3380336E-03    6.2601021E-03
    2.7940000E+00    6.3264901E-03    6.2489694E-03
    2.7980000E+00    6.3149916E-03    6.2378798E-03
    2.8020000E+00    6.3035380E-03    6.2268334E-03
    2.8060000E+00    6.2921292E-03    6.2158299E-03
    2.8100000E+00    6.2807650E-03    6.2048694E-03
    2.8140000E+00    6.2694456E-03    6.1939518E-03
    2.8180000E+00    6.2581707E-03    6.1830771E-03
    2.8220000E+00    6.2469404E-03    6.1722451E-03
    2.8260000E+00    6.2357546E-03    6.1614559E-03
    2.8300000E+00    6.2246132E-03    6.1507093E-03
    2.8340000E+00    6.2135161E-03    6.1400053E-03
    2.8380000E+00    6.2024633E-03    6.1293439E-03
    2.8420000E+00    6.1914548E-03    6.1187250E-03
    2.8460000E+00    6.1804904E-03    6.1081485E-03
    2.8500000E+00    6.1695701E-03    6.0976144E-03
    2.8540000E+00    6.1586939E-03    6.0871226E-03
    2.8580000E+00    6.1478616E-03    6.0766730E-03
    2.8620000E+00    6.1370733E-03    6.0662657E-03
    2.8660000E+00    6.1263288E-03    6.0559005E-03
    2.8700000E+00    6.1156281E-03    6.0455774E-03
    2.8740000E+00    6.1049711E-03    6.0352963E-03
    2.8780000E+00    6.0943578E-03    6.0250572E-03
    2.8820000E+00    6.0837881E-03    6.0148600E-03
    2.8860000E+00    6.0732620E-03    6.0047046E-03
    2.8900000E+00    6.0627794E-03    5.9945911E-03
    2.8940000E+00    6.0523402E-03    5.9845193E-03
    2.8980000E+00    6.0419444E-03    5.9744892E-03
    2.9020000E+00    6.0315918E-03    5.9645007E-03
    2.9060000E+00    6.0212826E-03    5.9545538E-03
    2.9100000E+00    6.0110165E-03    5.9446485E-03
    2.9140000E+00    6.0007936E-03    5.9347846E-03
    2.9180000E+00    5.9906137E-03    5.9249621E-03
    2.9220000E+00    5.9804769E-03    5.9151810E-03
    2.9260000E+00    5.9703830E-03    5.9054411E-03
    2.9300000E+00    5.9603320E-03    5.8957425E-03
    2.9340000E+00    5.9503238E-03    5.8860851E-03
    2.9380000E+00    5.9403584E-03    5.8764689E-03
    2.9420000E+00    5.9304358E-03    5.8668937E-03
    2.9460000E+00    5.9205558E-03    5.8573596E-03
    2.9500000E+00    5.9107184E-03    5.8478664E-03
    2.9540000E+00    5.9009236E-03    5.8384141E-03
    2.9580000E+00    5.8911713E-03    5.8290027E-03
    2.9620000E+00    5.8814614E-03    5.8196322E-03
    2.9660000E+00    5.8717938E-03    5.8103024E-03
    2.9700000E+00    5.8621687E-03    5.8010133E-03
    2.9740000E+00    5.8525857E-03    5.7917648E-03
    2.9780000E+00    5.8430450E-03    5.7825569E-03
    2.9820000E+00    5.8335464E-03    5.7733896E-03
    2.9860000E+00    5.8240900E-03    5.7642628E-03
    2.9900000E+00    5.8146755E-03    5.7551765E-03
    2.9940000E+00    5.8053031E-03    5.7461305E-03
    2.9980000E+00    5.7959726E-03    5.7371249E-03
    3.0020000E+00    5.7866839E-03    5.7281595E-03
    3.0060000E+00    5.7774371E-03    5.7192344E-03
    3.0100000E+00    5.7682320E-03    5.7103495E-03
    3.0140000E+00    5.7590687E-03    5.7015047E-03
    3.0180000E+00    5.7499470E-03    5.6927000E-03
    3.0220000E+00    5.7408669E-03    5.6839353E-03
    3.0260000E+00    5.7318284E-03    5.6752106E-03
    3.0300000E+00    5.7228313E-03    5.6665258E-03
    3.0340000E+00    5.7138757E-03    5.6578809E-03
    3.0380000E+00    5.7049615E-03    5.6492759E-03
    3.0420000E+00    5.6960886E-03    5.6407106E-03
    3.0460000E+00    5.6872569E-03    5.6321850E-03
    3.0500000E+00    5.6784666E-03    5.6236992E-03
    3.0540000E+00    5.6697173E-03    5.6152529E-03
    3.0580000E+00    5.6610092E-03    5.6068462E-03
    3.0620000E+00    5.6523422E-03    5.5984791E-03
    3.0660000E+00    5.6437162E-03    5.5901515E-03
    3.0700000E+00    5.6351312E-03    5.5818632E-03
    3.0740000E+00    5.6265870E-03    5.5736144E-03
    3.0780000E+00    5.6180837E-03    5.5654049E-03
    3.0820000E+00    5.6096213E-03    5.5572347E-03
    3.0860000E+00    5.6011996E-03    5.5491038E-03
    3.0900000E+00    5.5928186E-03    5.5410120E-03
    3.0940000E+00    5.5844782E-03    5.5329594E-03
    3.0980000E+00    5.5761785E-03    5.5249458E-03
    3.1020000E+00    5.5679193E-03    5.5169714E-03
    3.1060000E+00    5.5597006E-03    5.5090359E-03
    3.1100000E+00    5.5515224E-03    5.5011394E-03
    3.1140000E+00    5.5433845E-03    5.4932818E-03
    3.1180000E+00    5.5352871E-03    5.4854630E-03
    3.1220000E+00    5.5272299E-03    5.4776831E-03
    3.1260000E+00    5.5192130E-03    5.4699419E-03
    3.1300000E+00    5.5112363E-03    5.4622395E-03
    3.1340000E+00    5.5032998E-03    5.4545758E-03
    3.1380000E+00    5.4954033E-03    5.4469506E-03
    3.1420000E+00    5.4875470E-03    5.4393641E-03
    3.1460000E+00    5.4797306E-03    5.4318161E-03
    3.1500000E+00    5.4719542E-03    5.4243066E-03
    3.1540000E+00    5.4642178E-03    5.4168356E-03
    3.1580000E+00    5.4565212E-03    5.4094030E-03
    3.1620000E+00    5.4488644E-03    5.4020087E-03
    3.1660000E+00    5.4412474E-03    5.3946528E-03
    3.1700000E+00    5.4336701E-03    5.3873351E-03
    3.1740000E+00    5.4261325E-03    5.3800557E-03
    3.1780000E+00    5.4186346E-03    5.3728144E-03
    3.1820000E+00    5.4111762E-03    5.3656113E-03
    3.1860000E+00    5.4037574E-03    5.3584463E-03
    3.1900000E+00    5.3963780E-03    5.3513194E-03
    3.1940000E+00    5.3890382E-03    5.3442305E-03
    3.1980000E+00    5.3817377E-03    5.3371795E-03
    3.2020000E+00    5.3744766E-03    5.3301665E-03
    3.2060000E+00    5.3672548E-03    5.3231914E-03
    3.2100000E+00    5.3600723E-03    5.3162541E-03
    3.2140000E+00    5.3529290E-03    5.3093546E-03
    3.2180000E+00    5.3458249E-03    5.3024929E-03
    3.2220000E+00    5.3387599E-03    5.2956689E-03
    3.2260000E+00    5.3317340E-03    5.2888826E-03
    3.2300000E+00    5.3247472E-03    5.2821339E-03
    3.2340000E+00    5.3177993E-03    5.2754228E-03
    3.2380000E+00    5.3108905E-03    5.2687493E-03
    3.2420000E+00    5.3040205E-03    5.2621133E-03
    3.2460000E+00    5.2971895E-03    5.2555148E-03
    3.2500000E+00    5.2903972E-03    5.2489537E-03
    3.2540000E+00    5.2836438E-03    5.2424300E-03
    3.2580000E+00    5.2769291E-03    5.2359437E-03
    3.2620000E+00    5.2702531E-03    5.2294947E-03
    3.2660000E+00    5.2636157E-03    5.2230829E-03
    3.2700000E+00    5.2570170E-03    5.2167084E-03
    3.2740000E+00    5.2504569E-03    5.2103711E-03
    3.2780000E+00    5.2439353E-03    5.2040710E-03
    3.2820000E+00    5.2374523E-03    5.1978080E-03
    3.2860000E+00    5.2310076E-03    5.1915821E-03
    3.2900000E+00    5.2246014E-03    5.1853932E-03
    3.2940000E+00    5.2182336E-03    5.1792413E-03
    3.2980000E+00    5.2119041E-03    5.1731264E-03
    3.3020000E+00    5.2056129E-03    5.1670484E-03
    3.3060000E+00    5.1993600E-03    5.1610074E-03
    3.3100000E+00    5.1931453E-03    5.1550032E-03
    3.3140000E+00    5.1869687E-03    5.1490358E-03
    3.3180000E+00    5.1808303E-03    5.1431052E-03
    3.3220000E+00    5.1747300E-03    5.1372113E-03
    3.3260000E+00    5.1686678E-03    5.1313542E-03
    3.3300000E+00    5.1626436E-03    5.1255337E-03
    3.3340000E+00    5.1566574E-03    5.1197499E-03
    3.3380000E+00    5.1507091E-03    5.1140027E-03
    3.3420000E+00    5.1447987E-03    5.1082920E-03
    3.3460000E+00    5.1389262E-03    5.1026179E-03
    3.3500000E+00    5.1330916E-03    5.0969803E-03
    3.3540000E+00    5.1272947E-03    5.0913792E-03
    3.3580000E+00    5.1215356E-03    5.0858145E-03
    3.3620000E+00    5.1158142E-03    5.0802862E-03
    3.3660000E+00    5.1101305E-03    5.0747942E-03
    3.3700000E+00    5.1044845E-03    5.0693386E-03
    3.3740000E+00    5.0988761E-03    5.0639193E-03
    3.3780000E+00    5.0933052E-03    5.0585362E-03
    3.3820000E+00    5.0877719E-03    5.0531893E-03
    3.3860000E+00    5.0822761E-03    5.0478787E-03
    3.3900000E+00    5.0768178E-03    5.0426042E-03
    3.3940000E+00    5.0713970E-03    5.0373659E-03
    3.3980000E+00    5.0660135E-03    5.0321636E-03
    3.4020000E+00    5.0606674E-03    5.0269974E-03
    3.4060000E+00    5.0553586E-03    5.0218672E-03
    3.4100000E+00    5.0500872E-03    5.0167731E-03
    3.4140000E+00    5.0448530E-03    5.0117149E-03
    3.4180000E+00    5.0396560E-03    5.0066926E-03
    3.4220000E+00    5.0344962E-03    5.0017063E-03
    3.4260000E+00    5.0293737E-03    4.9967558E-03
    3.4300000E+00    5.0242882E-03    4.9918412E-03
    3.4340000E+00    5.0192399E-03    4.9869623E-03
    3.4380000E+00    5.0142286E-03    4.9821193E-03
    3.4420000E+00    5.0092543E-03    4.9773120E-03
    3.4460000E+00    5.0043171E-03    4.9725405E-03
    3.4500000E+00    4.9994168E-03    4.9678046E-03
    3.4540000E+00    4.9945535E-03    4.9631044E-03
    3.4580000E+00    4.9897271E-03    4.9584398E-03
    3.4620000E+00    4.9849376E-03    4.9538108E-03
    3.4660000E+00    4.9801849E-03    4.9492174E-03
    3.4700000E+00    4.9754690E-03    4.9446596E-03
    3.4740000E+00    4.9707900E-03    4.9401373E-03
    3.4780000E+00    4.9661477E-03    4.9356504E-03
    3.4820000E+00    4.9615421E-03    4.9311990E-03
    3.4860000E+00    4.9569732E-03    4.9267831E-03
    3.4900000E+00    4.9524410E-03    4.9224026E-03
    3.4940000E+00    4.9479454E-03    4.9180574E-03
    3.4980000E+00    4.9434864E-03    4.9137476E-03
    3.5020000E+00    4.9390640E-03    4.9094731E-03
    3.5060000E+00    4.9346782E-03    4.9052339E-03
    3.5100000E+00    4.9303289E-03    4.9010300E-03
    3.5140000E+00    4.9260161E-03    4.8968614E-03
    3.5180000E+00    4.9217398E-03    4.8927279E-03
    3.5220000E+00    4.9174999E-03    4.8886297E-03
    3.5260000E+00    4.9132964E-03    4.8845666E-03
    3.5300000E+00    4.9091293E-03    4.8805386E-03
    3.5340000E+00    4.9049985E-03    4.8765458E-03
    3.5380000E+00    4.9009041E-03    4.8725880E-03
    3.5420000E+00    4.8968460E-03    4.8686654E-03
    3.5460000E+00    4.8928242E-03    4.8647777E-03
    3.5500000E+00    4.8888386E-03    4.8609251E-03
    3.5540000E+00    4.8848893E-03    4.8571075E-03
    3.5580000E+00    4.8809762E-03    4.8533248E-03
    3.5620000E+00    4.8770992E-03    4.8495771E-03
    3.5660000E+00    4.8732584E-03    4.8458643E-03
    3.5700000E+00    4.8694537E-03    4.8421864E-03
    3.5740000E+00    4.8656851E-03    4.8385434E-03
    3.5780000E+00    4.8619526E-03    4.8349352E-03
    3.5820000E+00    4.8582562E-03    4.8313619E-03
    3.5860000E+00    4.8545958E-03    4.8278234E-03
    3.5900000E+00    4.8509714E-03    4.8243196E-03
    3.5940000E+00    4.8473829E-03    4.8208506E-03
    3.5980000E+00    4.8438305E-03    4.8174164E-03
    3.6020000E+00    4.8403139E-03    4.8140168E-03
    3.6060000E+00    4.8368333E-03    4.8106520E-03
    3.6100000E+00    4.8333886E-03    4.8073218E-03
    3.6140000E+00    4.8299797E-03    4.8040263E-03
    3.6180000E+00    4.8266067E-03    4.8007655E-03
    3.6220000E+00    4.8232695E-03    4.7975392E-03
    3.6260000E+00    4.8199681E-03    4.7943475E-03
    3.6300000E+00    4.8167025E-03    4.7911904E-03
    3.6340000E+00    4.8134726E-03    4.7880679E-03
    3.6380000E+00    4.8102785E-03    4.7849799E-03
    3.6420000E+00    4.8071201E-03    4.7819264E-03
    3.6460000E+00    4.8039974E-03    4.7789074E-03
    3.6500000E+00    4.8009104E-03    4.7759229E-03
    3.6540000E+00    4.7978590E-03    4.7729728E-03
    3.6580000E+00    4.7948433E-03    4.7700572E-03
    3.6620000E+00    4.7918632E-03    4.7671759E-03
    3.6660000E+00    4.7889186E-03    4.7643291E-03
    3.6700000E+00    4.7860097E-03    4.7615167E-03
    3.6740000E+00    4.7831363E-03    4.7587386E-03
    3.6780000E+00    4.7802985E-03    4.7559949E-03
    3.6820000E+00    4.7774961E-03    4.7532855E-03
    3.6860000E+00    4.7747293E-03    4.7506104E-03
    3.6900000E+00    4.7719980E-03    4.7479696E-03
    3.6940000E+00    4.7693021E-03    4.7453631E-03
    3.6980000E+00    4.7666417E-03    4.7427909E-03
    3.7020000E+00    4.7640167E-03    4.7402529E-03
    3.7060000E+00    4.7614271E-03    4.7377491E-03
    3.7100000E+00    4.7588729E-03    4.7352795E-03
    3.7140000E+00    4.7563542E-03    4.7328442E-03
    3.7180000E+00    4.7538707E-03    4.7304430E-03
    3.7220000E+00    4.7514227E-03    4.7280760E-03
    3.7260000E+00    4.7490099E-03    4.7257431E-03
    3.7300000E+00    4.7466325E-03    4.7234444E-03
    3.7340000E+00    4.7442904E-03    4.7211798E-03
    3.7380000E+00    4.7419835E-03    4.7189493E-03
    3.7420000E+00    4.7397120E-03    4.7167530E-03
    3.7460000E+00    4.7374756E-03    4.7145906E-03
    3.7500000E+00    4.7352746E-03    4.7124624E-03
    3.7540000E+00    4.7331087E-03    4.7103682E-03
    3.7580000E+00    4.7309781E-03    4.7083081E-03
    3.7620000E+00    4.7288827E-03    4.7062820E-03
    3.7660000E+00    4.7268225E-03    4.7042898E-03
    3.7700000E+00    4.7247974E-03    4.7023317E-03
    3.7740000E+00    4.7228075E-03    4.7004076E-03
    3.7780000E+00    4.7208527E-03    4.6985175E-03
    3.7820000E+00    4.7189331E-03    4.6966613E-03
    3.7860000E+00    4.7170486E-03    4.6948391E-03
    3.7900000E+00    4.7151992E-03    4.6930509E-03
    3.7940000E+00    4.7133849E-03    4.6912965E-03
    3.7980000E+00    4.7116057E-03    4.6895761E-03
    3.8020000E+00    4.7098616E-03    4.6878896E-03
    3.8060000E+00    4.7081525E-03    4.6862370E-03
    3.8100000E+00    4.7064785E-03    4.6846183E-03
    3.8140000E+00    4.7048395E-03    4.6830334E-03
    3.8180000E+00    4.7032355E-03    4.6814824E-03
    3.8220000E+00    4.7016666E-03    4.6799653E-03
    3.8260000E+00    4.7001327E-03    4.6784821E-03
    3.8300000E+00    4.6986338E-03    4.6770326E-03
    3.8340000E+00    4.6971698E-03    4.6756170E-03
    3.8380000E+00    4.6957409E-03    4.6742353E-03
    3.8420000E+00    4.6943469E-03    4.6728873E-03
    3.8460000E+00    4.6929879E-03    4.6715732E-03
    3.8500000E+00    4.6916638E-03    4.6702928E-03
    3.8540000E+00    4.6903747E-03    4.6690462E-03
    3.8580000E+00    4.6891205E-03    4.6678334E-03
    3.8620000E+00    4.6879013E-03    4.6666544E-03
    3.8660000E+00    4.6867169E-03    4.6655092E-03
    3.8700000E+00    4.6855675E-03    4.6643977E-03
    3.8740000E+00    4.6844530E-03    4.6633199E-03
    3.8780000E+00    4.6833734E-03    4.6622760E-03
    3.8820000E+00    4.6823287E-03    4.6612657E-03
    3.8860000E+00    4.6813188E-03    4.6602892E-03
    3.8900000E+00    4.6803439E-03    4.6593464E-03
    3.8940000E+00    4.6794038E-03    4.6584373E-03
    3.8980000E+00    4.6784986E-03    4.6575619E-03
    3.9020000E+00    4.6776282E-03    4.6567203E-03
    3.9060000E+00    4.6767927E-03    4.6559124E-03
    3.9100000E+00    4.6759921E-03    4.6551381E-03
    3.9140000E+00    4.6752263E-03    4.6543976E-03
    3.9180000E+00    4.6744953E-03    4.6536907E-03
    3.9220000E+00    4.6737992E-03    4.6530175E-03
    3.9260000E+00    4.6731379E-03    4.6523780E-03
    3.9300000E+00    4.6725114E-03    4.6517722E-03
    3.9340000E+00    4.6719198E-03    4.6512001E-03
    3.9380000E+00    4.6713630E-03    4.6506616E-03
    3.9420000E+00    4.6708410E-03    4.6501568E-03
    3.9460000E+00    4.6703538E-03    4.6496857E-03
    3.9500000E+00    4.6699014E-03    4.6492482E-03
    3.9540000E+00    4.6694838E-03    4.6488444E-03
    3.9580000E+00    4.6691010E-03    4.6484743E-03
    3.9620000E+00    4.6687531E-03    4.6481378E-03
    3.9660000E+00    4.6684399E-03    4.6478350E-03
    3.9700000E+00    4.6681616E-03    4.6475658E-03
    3.9740000E+00    4.6679180E-03    4.6473302E-03
    3.9780000E+00    4.6677092E-03    4.6471283E-03
    3.9820000E+00    4.6675353E-03    4.6469601E-03
    3.9860000E+00    4.6673961E-03    4.6468255E-03
    3.9900000E+00    4.6672917E-03    4.6467246E-03
    3.9940000E+00    4.6672221E-03    4.6466573E-03
    3.9980000E+00    4.6671873E-03    4.6466236E-03
