# Time          5.0000E+01
# Units: Permil
    Distance        SO4--            SO164--         
    2.0000000E-03    2.1019292E+01    8.7548074E+00
    6.0000000E-03    2.1057910E+01    8.9064036E+00
    1.0000000E-02    2.1096592E+01    9.0561684E+00
    1.4000000E-02    2.1135336E+01    9.2041229E+00
    1.8000000E-02    2.1174144E+01    9.3502880E+00
    2.2000000E-02    2.1213015E+01    9.4946841E+00
    2.6000000E-02    2.1251950E+01    9.6373317E+00
    3.0000000E-02    2.1290948E+01    9.7782509E+00
    3.4000000E-02    2.1330011E+01    9.9174615E+00
    3.8000000E-02    2.1369138E+01    1.0054983E+01
    4.2000000E-02    2.1408328E+01    1.0190836E+01
    4.6000000E-02    2.1447584E+01    1.0325038E+01
    5.0000000E-02    2.1486904E+01    1.0457610E+01
    5.4000000E-02    2.1526288E+01    1.0588569E+01
    5.8000000E-02    2.1565738E+01    1.0717935E+01
    6.2000000E-02    2.1605253E+01    1.0845725E+01
    6.6000000E-02    2.1644832E+01    1.0971959E+01
    7.0000000E-02    2.1684478E+01    1.1096654E+01
    7.4000000E-02    2.1724188E+01    1.1219828E+01
    7.8000000E-02    2.1763965E+01    1.1341498E+01
    8.2000000E-02    2.1803807E+01    1.1461682E+01
    8.6000000E-02    2.1843715E+01    1.1580398E+01
    9.0000000E-02    2.1883689E+01    1.1697662E+01
    9.4000000E-02    2.1923730E+01    1.1813491E+01
    9.8000000E-02    2.1963837E+01    1.1927902E+01
    1.0200000E-01    2.2004010E+01    1.2040911E+01
    1.0600000E-01    2.2044251E+01    1.2152534E+01
    1.1000000E-01    2.2084558E+01    1.2262789E+01
    1.1400000E-01    2.2124932E+01    1.2371690E+01
    1.1800000E-01    2.2165374E+01    1.2479253E+01
    1.2200000E-01    2.2205883E+01    1.2585495E+01
    1.2600000E-01    2.2246459E+01    1.2690430E+01
    1.3000000E-01    2.2287103E+01    1.2794074E+01
    1.3400000E-01    2.2327815E+01    1.2896441E+01
    1.3800000E-01    2.2368595E+01    1.2997547E+01
    1.4200000E-01    2.2409444E+01    1.3097407E+01
    1.4600000E-01    2.2450360E+01    1.3196035E+01
    1.5000000E-01    2.2491345E+01    1.3293445E+01
    1.5400000E-01    2.2532399E+01    1.3389651E+01
    1.5800000E-01    2.2573521E+01    1.3484669E+01
    1.6200000E-01    2.2614712E+01    1.3578511E+01
    1.6600000E-01    2.2655973E+01    1.3671192E+01
    1.7000000E-01    2.2697302E+01    1.3762725E+01
    1.7400000E-01    2.2738701E+01    1.3853123E+01
    1.7800000E-01    2.2780170E+01    1.3942401E+01
    1.8200000E-01    2.2821708E+01    1.4030571E+01
    1.8600000E-01    2.2863317E+01    1.4117645E+01
    1.9000000E-01    2.2904995E+01    1.4203638E+01
    1.9400000E-01    2.2946743E+01    1.4288562E+01
    1.9800000E-01    2.2988562E+01    1.4372429E+01
    2.0200000E-01    2.3030451E+01    1.4455252E+01
    2.0600000E-01    2.3072411E+01    1.4537043E+01
    2.1000000E-01    2.3114442E+01    1.4617815E+01
    2.1400000E-01    2.3156543E+01    1.4697579E+01
    2.1800000E-01    2.3198716E+01    1.4776347E+01
    2.2200000E-01    2.3240960E+01    1.4854131E+01
    2.2600000E-01    2.3283276E+01    1.4930944E+01
    2.3000000E-01    2.3325663E+01    1.5006795E+01
    2.3400000E-01    2.3368122E+01    1.5081697E+01
    2.3800000E-01    2.3410652E+01    1.5155661E+01
    2.4200000E-01    2.3453255E+01    1.5228698E+01
    2.4600000E-01    2.3495930E+01    1.5300819E+01
    2.5000000E-01    2.3538677E+01    1.5372035E+01
    2.5400000E-01    2.3581497E+01    1.5442357E+01
    2.5800000E-01    2.3624389E+01    1.5511795E+01
    2.6200000E-01    2.3667355E+01    1.5580359E+01
    2.6600000E-01    2.3710393E+01    1.5648062E+01
    2.7000000E-01    2.3753505E+01    1.5714911E+01
    2.7400000E-01    2.3796689E+01    1.5780918E+01
    2.7800000E-01    2.3839947E+01    1.5846093E+01
    2.8200000E-01    2.3883279E+01    1.5910446E+01
    2.8600000E-01    2.3926685E+01    1.5973986E+01
    2.9000000E-01    2.3970164E+01    1.6036724E+01
    2.9400000E-01    2.4013718E+01    1.6098668E+01
    2.9800000E-01    2.4057345E+01    1.6159828E+01
    3.0200000E-01    2.4101047E+01    1.6220214E+01
    3.0600000E-01    2.4144824E+01    1.6279836E+01
    3.1000000E-01    2.4188675E+01    1.6338701E+01
    3.1400000E-01    2.4232602E+01    1.6396819E+01
    3.1800000E-01    2.4276603E+01    1.6454200E+01
    3.2200000E-01    2.4320679E+01    1.6510852E+01
    3.2600000E-01    2.4364831E+01    1.6566784E+01
    3.3000000E-01    2.4409058E+01    1.6622004E+01
    3.3400000E-01    2.4453360E+01    1.6676521E+01
    3.3800000E-01    2.4497739E+01    1.6730344E+01
    3.4200000E-01    2.4542193E+01    1.6783480E+01
    3.4600000E-01    2.4586724E+01    1.6835939E+01
    3.5000000E-01    2.4631330E+01    1.6887728E+01
    3.5400000E-01    2.4676013E+01    1.6938856E+01
    3.5800000E-01    2.4720773E+01    1.6989330E+01
    3.6200000E-01    2.4765609E+01    1.7039158E+01
    3.6600000E-01    2.4810523E+01    1.7088348E+01
    3.7000000E-01    2.4855513E+01    1.7136909E+01
    3.7400000E-01    2.4900580E+01    1.7184847E+01
    3.7800000E-01    2.4945725E+01    1.7232170E+01
    3.8200000E-01    2.4990947E+01    1.7278885E+01
    3.8600000E-01    2.5036246E+01    1.7325001E+01
    3.9000000E-01    2.5081624E+01    1.7370524E+01
    3.9400000E-01    2.5127079E+01    1.7415461E+01
    3.9800000E-01    2.5172613E+01    1.7459819E+01
    4.0200000E-01    2.5218225E+01    1.7503607E+01
    4.0600000E-01    2.5263915E+01    1.7546829E+01
    4.1000000E-01    2.5309683E+01    1.7589495E+01
    4.1400000E-01    2.5355531E+01    1.7631609E+01
    4.1800000E-01    2.5401457E+01    1.7673180E+01
    4.2200000E-01    2.5447462E+01    1.7714213E+01
    4.2600000E-01    2.5493546E+01    1.7754715E+01
    4.3000000E-01    2.5539710E+01    1.7794693E+01
    4.3400000E-01    2.5585953E+01    1.7834153E+01
    4.3800000E-01    2.5632276E+01    1.7873102E+01
    4.4200000E-01    2.5678678E+01    1.7911545E+01
    4.4600000E-01    2.5725161E+01    1.7949490E+01
    4.5000000E-01    2.5771723E+01    1.7986941E+01
    4.5400000E-01    2.5818366E+01    1.8023906E+01
    4.5800000E-01    2.5865089E+01    1.8060389E+01
    4.6200000E-01    2.5911893E+01    1.8096398E+01
    4.6600000E-01    2.5958777E+01    1.8131937E+01
    4.7000000E-01    2.6005742E+01    1.8167014E+01
    4.7400000E-01    2.6052788E+01    1.8201632E+01
    4.7800000E-01    2.6099916E+01    1.8235799E+01
    4.8200000E-01    2.6147124E+01    1.8269519E+01
    4.8600000E-01    2.6194414E+01    1.8302798E+01
    4.9000000E-01    2.6241786E+01    1.8335642E+01
    4.9400000E-01    2.6289239E+01    1.8368056E+01
    4.9800000E-01    2.6336774E+01    1.8400045E+01
    5.0200000E-01    2.6384392E+01    1.8431615E+01
    5.0600000E-01    2.6432091E+01    1.8462770E+01
    5.1000000E-01    2.6479873E+01    1.8493517E+01
    5.1400000E-01    2.6527737E+01    1.8523859E+01
    5.1800000E-01    2.6575684E+01    1.8553803E+01
    5.2200000E-01    2.6623714E+01    1.8583352E+01
    5.2600000E-01    2.6671827E+01    1.8612512E+01
    5.3000000E-01    2.6720023E+01    1.8641289E+01
    5.3400000E-01    2.6768302E+01    1.8669685E+01
    5.3800000E-01    2.6816664E+01    1.8697707E+01
    5.4200000E-01    2.6865110E+01    1.8725359E+01
    5.4600000E-01    2.6913640E+01    1.8752645E+01
    5.5000000E-01    2.6962254E+01    1.8779571E+01
    5.5400000E-01    2.7010951E+01    1.8806140E+01
    5.5800000E-01    2.7059733E+01    1.8832357E+01
    5.6200000E-01    2.7108599E+01    1.8858227E+01
    5.6600000E-01    2.7157550E+01    1.8883754E+01
    5.7000000E-01    2.7206585E+01    1.8908942E+01
    5.7400000E-01    2.7255705E+01    1.8933795E+01
    5.7800000E-01    2.7304910E+01    1.8958318E+01
    5.8200000E-01    2.7354200E+01    1.8982515E+01
    5.8600000E-01    2.7403575E+01    1.9006390E+01
    5.9000000E-01    2.7453035E+01    1.9029946E+01
    5.9400000E-01    2.7502581E+01    1.9053189E+01
    5.9800000E-01    2.7552213E+01    1.9076122E+01
    6.0200000E-01    2.7601930E+01    1.9098748E+01
    6.0600000E-01    2.7651734E+01    1.9121073E+01
    6.1000000E-01    2.7701623E+01    1.9143099E+01
    6.1400000E-01    2.7751599E+01    1.9164830E+01
    6.1800000E-01    2.7801661E+01    1.9186270E+01
    6.2200000E-01    2.7851810E+01    1.9207423E+01
    6.2600000E-01    2.7902045E+01    1.9228293E+01
    6.3000000E-01    2.7952367E+01    1.9248882E+01
    6.3400000E-01    2.8002776E+01    1.9269195E+01
    6.3800000E-01    2.8053272E+01    1.9289235E+01
    6.4200000E-01    2.8103856E+01    1.9309006E+01
    6.4600000E-01    2.8154527E+01    1.9328511E+01
    6.5000000E-01    2.8205285E+01    1.9347753E+01
    6.5400000E-01    2.8256132E+01    1.9366736E+01
    6.5800000E-01    2.8307066E+01    1.9385463E+01
    6.6200000E-01    2.8358088E+01    1.9403937E+01
    6.6600000E-01    2.8409198E+01    1.9422162E+01
    6.7000000E-01    2.8460397E+01    1.9440140E+01
    6.7400000E-01    2.8511684E+01    1.9457876E+01
    6.7800000E-01    2.8563059E+01    1.9475371E+01
    6.8200000E-01    2.8614524E+01    1.9492630E+01
    6.8600000E-01    2.8666077E+01    1.9509654E+01
    6.9000000E-01    2.8717719E+01    1.9526448E+01
    6.9400000E-01    2.8769450E+01    1.9543014E+01
    6.9800000E-01    2.8821271E+01    1.9559355E+01
    7.0200000E-01    2.8873181E+01    1.9575474E+01
    7.0600000E-01    2.8925181E+01    1.9591374E+01
    7.1000000E-01    2.8977271E+01    1.9607057E+01
    7.1400000E-01    2.9029450E+01    1.9622527E+01
    7.1800000E-01    2.9081719E+01    1.9637786E+01
    7.2200000E-01    2.9134079E+01    1.9652837E+01
    7.2600000E-01    2.9186529E+01    1.9667682E+01
    7.3000000E-01    2.9239069E+01    1.9682325E+01
    7.3400000E-01    2.9291700E+01    1.9696767E+01
    7.3800000E-01    2.9344422E+01    1.9711013E+01
    7.4200000E-01    2.9397235E+01    1.9725063E+01
    7.4600000E-01    2.9450138E+01    1.9738920E+01
    7.5000000E-01    2.9503133E+01    1.9752588E+01
    7.5400000E-01    2.9556219E+01    1.9766069E+01
    7.5800000E-01    2.9609397E+01    1.9779364E+01
    7.6200000E-01    2.9662666E+01    1.9792477E+01
    7.6600000E-01    2.9716027E+01    1.9805410E+01
    7.7000000E-01    2.9769480E+01    1.9818164E+01
    7.7400000E-01    2.9823025E+01    1.9830744E+01
    7.7800000E-01    2.9876662E+01    1.9843150E+01
    7.8200000E-01    2.9930391E+01    1.9855385E+01
    7.8600000E-01    2.9984213E+01    1.9867451E+01
    7.9000000E-01    3.0038127E+01    1.9879351E+01
    7.9400000E-01    3.0092134E+01    1.9891087E+01
    7.9800000E-01    3.0146234E+01    1.9902660E+01
    8.0200000E-01    3.0200426E+01    1.9914073E+01
    8.0600000E-01    3.0254712E+01    1.9925329E+01
    8.1000000E-01    3.0309092E+01    1.9936428E+01
    8.1400000E-01    3.0363564E+01    1.9947374E+01
    8.1800000E-01    3.0418130E+01    1.9958168E+01
    8.2200000E-01    3.0472790E+01    1.9968812E+01
    8.2600000E-01    3.0527544E+01    1.9979309E+01
    8.3000000E-01    3.0582391E+01    1.9989660E+01
    8.3400000E-01    3.0637333E+01    1.9999866E+01
    8.3800000E-01    3.0692369E+01    2.0009931E+01
    8.4200000E-01    3.0747499E+01    2.0019856E+01
    8.4600000E-01    3.0802724E+01    2.0029642E+01
    8.5000000E-01    3.0858043E+01    2.0039292E+01
    8.5400000E-01    3.0913457E+01    2.0048808E+01
    8.5800000E-01    3.0968966E+01    2.0058191E+01
    8.6200000E-01    3.1024570E+01    2.0067442E+01
    8.6600000E-01    3.1080270E+01    2.0076564E+01
    8.7000000E-01    3.1136064E+01    2.0085559E+01
    8.7400000E-01    3.1191954E+01    2.0094428E+01
    8.7800000E-01    3.1247939E+01    2.0103173E+01
    8.8200000E-01    3.1304021E+01    2.0111795E+01
    8.8600000E-01    3.1360198E+01    2.0120296E+01
    8.9000000E-01    3.1416471E+01    2.0128678E+01
    8.9400000E-01    3.1472840E+01    2.0136943E+01
    8.9800000E-01    3.1529305E+01    2.0145091E+01
    9.0200000E-01    3.1585867E+01    2.0153125E+01
    9.0600000E-01    3.1642525E+01    2.0161045E+01
    9.1000000E-01    3.1699279E+01    2.0168855E+01
    9.1400000E-01    3.1756131E+01    2.0176554E+01
    9.1800000E-01    3.1813079E+01    2.0184145E+01
    9.2200000E-01    3.1870124E+01    2.0191629E+01
    9.2600000E-01    3.1927267E+01    2.0199007E+01
    9.3000000E-01    3.1984507E+01    2.0206281E+01
    9.3400000E-01    3.2041844E+01    2.0213452E+01
    9.3800000E-01    3.2099278E+01    2.0220522E+01
    9.4200000E-01    3.2156810E+01    2.0227492E+01
    9.4600000E-01    3.2214440E+01    2.0234364E+01
    9.5000000E-01    3.2272168E+01    2.0241138E+01
    9.5400000E-01    3.2329994E+01    2.0247816E+01
    9.5800000E-01    3.2387918E+01    2.0254399E+01
    9.6200000E-01    3.2445940E+01    2.0260889E+01
    9.6600000E-01    3.2504061E+01    2.0267287E+01
    9.7000000E-01    3.2562280E+01    2.0273594E+01
    9.7400000E-01    3.2620598E+01    2.0279812E+01
    9.7800000E-01    3.2679015E+01    2.0285941E+01
    9.8200000E-01    3.2737530E+01    2.0291983E+01
    9.8600000E-01    3.2796145E+01    2.0297939E+01
    9.9000000E-01    3.2854858E+01    2.0303810E+01
    9.9400000E-01    3.2913671E+01    2.0309598E+01
    9.9800000E-01    3.2972583E+01    2.0315303E+01
    1.0020000E+00    3.3031595E+01    2.0320926E+01
    1.0060000E+00    3.3090706E+01    2.0326470E+01
    1.0100000E+00    3.3149917E+01    2.0331934E+01
    1.0140000E+00    3.3209228E+01    2.0337320E+01
    1.0180000E+00    3.3268639E+01    2.0342630E+01
    1.0220000E+00    3.3328150E+01    2.0347863E+01
    1.0260000E+00    3.3387761E+01    2.0353021E+01
    1.0300000E+00    3.3447472E+01    2.0358106E+01
    1.0340000E+00    3.3507284E+01    2.0363118E+01
    1.0380000E+00    3.3567196E+01    2.0368058E+01
    1.0420000E+00    3.3627209E+01    2.0372927E+01
    1.0460000E+00    3.3687323E+01    2.0377726E+01
    1.0500000E+00    3.3747538E+01    2.0382457E+01
    1.0540000E+00    3.3807854E+01    2.0387119E+01
    1.0580000E+00    3.3868270E+01    2.0391715E+01
    1.0620000E+00    3.3928788E+01    2.0396244E+01
    1.0660000E+00    3.3989408E+01    2.0400709E+01
    1.0700000E+00    3.4050129E+01    2.0405109E+01
    1.0740000E+00    3.4110951E+01    2.0409446E+01
    1.0780000E+00    3.4171875E+01    2.0413720E+01
    1.0820000E+00    3.4232901E+01    2.0417933E+01
    1.0860000E+00    3.4294029E+01    2.0422085E+01
    1.0900000E+00    3.4355259E+01    2.0426178E+01
    1.0940000E+00    3.4416591E+01    2.0430211E+01
    1.0980000E+00    3.4478025E+01    2.0434186E+01
    1.1020000E+00    3.4539561E+01    2.0438104E+01
    1.1060000E+00    3.4601200E+01    2.0441965E+01
    1.1100000E+00    3.4662942E+01    2.0445771E+01
    1.1140000E+00    3.4724786E+01    2.0449522E+01
    1.1180000E+00    3.4786733E+01    2.0453218E+01
    1.1220000E+00    3.4848782E+01    2.0456861E+01
    1.1260000E+00    3.4910935E+01    2.0460451E+01
    1.1300000E+00    3.4973191E+01    2.0463989E+01
    1.1340000E+00    3.5035550E+01    2.0467476E+01
    1.1380000E+00    3.5098012E+01    2.0470913E+01
    1.1420000E+00    3.5160578E+01    2.0474299E+01
    1.1460000E+00    3.5223247E+01    2.0477637E+01
    1.1500000E+00    3.5286019E+01    2.0480926E+01
    1.1540000E+00    3.5348895E+01    2.0484168E+01
    1.1580000E+00    3.5411875E+01    2.0487363E+01
    1.1620000E+00    3.5474959E+01    2.0490511E+01
    1.1660000E+00    3.5538147E+01    2.0493614E+01
    1.1700000E+00    3.5601439E+01    2.0496671E+01
    1.1740000E+00    3.5664835E+01    2.0499685E+01
    1.1780000E+00    3.5728335E+01    2.0502654E+01
    1.1820000E+00    3.5791940E+01    2.0505580E+01
    1.1860000E+00    3.5855649E+01    2.0508464E+01
    1.1900000E+00    3.5919463E+01    2.0511306E+01
    1.1940000E+00    3.5983381E+01    2.0514107E+01
    1.1980000E+00    3.6047404E+01    2.0516867E+01
    1.2020000E+00    3.6111532E+01    2.0519587E+01
    1.2060000E+00    3.6175764E+01    2.0522267E+01
    1.2100000E+00    3.6240102E+01    2.0524908E+01
    1.2140000E+00    3.6304545E+01    2.0527511E+01
    1.2180000E+00    3.6369093E+01    2.0530076E+01
    1.2220000E+00    3.6433746E+01    2.0532604E+01
    1.2260000E+00    3.6498504E+01    2.0535095E+01
    1.2300000E+00    3.6563368E+01    2.0537549E+01
    1.2340000E+00    3.6628337E+01    2.0539968E+01
    1.2380000E+00    3.6693412E+01    2.0542352E+01
    1.2420000E+00    3.6758593E+01    2.0544701E+01
    1.2460000E+00    3.6823879E+01    2.0547016E+01
    1.2500000E+00    3.6889271E+01    2.0549297E+01
    1.2540000E+00    3.6954769E+01    2.0551545E+01
    1.2580000E+00    3.7020373E+01    2.0553760E+01
    1.2620000E+00    3.7086083E+01    2.0555943E+01
    1.2660000E+00    3.7151899E+01    2.0558094E+01
    1.2700000E+00    3.7217822E+01    2.0560214E+01
    1.2740000E+00    3.7283851E+01    2.0562303E+01
    1.2780000E+00    3.7349986E+01    2.0564361E+01
    1.2820000E+00    3.7416227E+01    2.0566390E+01
    1.2860000E+00    3.7482575E+01    2.0568389E+01
    1.2900000E+00    3.7549030E+01    2.0570359E+01
    1.2940000E+00    3.7615591E+01    2.0572300E+01
    1.2980000E+00    3.7682259E+01    2.0574213E+01
    1.3020000E+00    3.7749034E+01    2.0576099E+01
    1.3060000E+00    3.7815916E+01    2.0577956E+01
    1.3100000E+00    3.7882904E+01    2.0579787E+01
    1.3140000E+00    3.7950000E+01    2.0581591E+01
    1.3180000E+00    3.8017203E+01    2.0583369E+01
    1.3220000E+00    3.8084513E+01    2.0585121E+01
    1.3260000E+00    3.8151930E+01    2.0586848E+01
    1.3300000E+00    3.8219454E+01    2.0588549E+01
    1.3340000E+00    3.8287085E+01    2.0590226E+01
    1.3380000E+00    3.8354824E+01    2.0591878E+01
    1.3420000E+00    3.8422671E+01    2.0593507E+01
    1.3460000E+00    3.8490625E+01    2.0595111E+01
    1.3500000E+00    3.8558686E+01    2.0596693E+01
    1.3540000E+00    3.8626855E+01    2.0598251E+01
    1.3580000E+00    3.8695132E+01    2.0599787E+01
    1.3620000E+00    3.8763516E+01    2.0601301E+01
    1.3660000E+00    3.8832008E+01    2.0602793E+01
    1.3700000E+00    3.8900608E+01    2.0604263E+01
    1.3740000E+00    3.8969316E+01    2.0605712E+01
    1.3780000E+00    3.9038132E+01    2.0607140E+01
    1.3820000E+00    3.9107056E+01    2.0608547E+01
    1.3860000E+00    3.9176087E+01    2.0609934E+01
    1.3900000E+00    3.9245227E+01    2.0611300E+01
    1.3940000E+00    3.9314475E+01    2.0612648E+01
    1.3980000E+00    3.9383831E+01    2.0613975E+01
    1.4020000E+00    3.9453296E+01    2.0615284E+01
    1.4060000E+00    3.9522868E+01    2.0616573E+01
    1.4100000E+00    3.9592549E+01    2.0617844E+01
    1.4140000E+00    3.9662338E+01    2.0619097E+01
    1.4180000E+00    3.9732235E+01    2.0620332E+01
    1.4220000E+00    3.9802241E+01    2.0621549E+01
    1.4260000E+00    3.9872356E+01    2.0622748E+01
    1.4300000E+00    3.9942578E+01    2.0623930E+01
    1.4340000E+00    4.0012909E+01    2.0625095E+01
    1.4380000E+00    4.0083349E+01    2.0626244E+01
    1.4420000E+00    4.0153897E+01    2.0627376E+01
    1.4460000E+00    4.0224554E+01    2.0628492E+01
    1.4500000E+00    4.0295320E+01    2.0629592E+01
    1.4540000E+00    4.0366194E+01    2.0630676E+01
    1.4580000E+00    4.0437177E+01    2.0631745E+01
    1.4620000E+00    4.0508268E+01    2.0632798E+01
    1.4660000E+00    4.0579468E+01    2.0633836E+01
    1.4700000E+00    4.0650777E+01    2.0634860E+01
    1.4740000E+00    4.0722195E+01    2.0635869E+01
    1.4780000E+00    4.0793721E+01    2.0636864E+01
    1.4820000E+00    4.0865357E+01    2.0637844E+01
    1.4860000E+00    4.0937101E+01    2.0638811E+01
    1.4900000E+00    4.1008953E+01    2.0639764E+01
    1.4940000E+00    4.1080915E+01    2.0640704E+01
    1.4980000E+00    4.1152986E+01    2.0641630E+01
    1.5020000E+00    4.1225165E+01    2.0642543E+01
    1.5060000E+00    4.1297453E+01    2.0643443E+01
    1.5100000E+00    4.1369850E+01    2.0644331E+01
    1.5140000E+00    4.1442356E+01    2.0645206E+01
    1.5180000E+00    4.1514971E+01    2.0646069E+01
    1.5220000E+00    4.1587694E+01    2.0646919E+01
    1.5260000E+00    4.1660527E+01    2.0647758E+01
    1.5300000E+00    4.1733468E+01    2.0648585E+01
    1.5340000E+00    4.1806519E+01    2.0649401E+01
    1.5380000E+00    4.1879678E+01    2.0650205E+01
    1.5420000E+00    4.1952946E+01    2.0650998E+01
    1.5460000E+00    4.2026322E+01    2.0651779E+01
    1.5500000E+00    4.2099808E+01    2.0652550E+01
    1.5540000E+00    4.2173403E+01    2.0653311E+01
    1.5580000E+00    4.2247106E+01    2.0654060E+01
    1.5620000E+00    4.2320918E+01    2.0654800E+01
    1.5660000E+00    4.2394839E+01    2.0655529E+01
    1.5700000E+00    4.2468869E+01    2.0656248E+01
    1.5740000E+00    4.2543007E+01    2.0656957E+01
    1.5780000E+00    4.2617255E+01    2.0657657E+01
    1.5820000E+00    4.2691611E+01    2.0658347E+01
    1.5860000E+00    4.2766075E+01    2.0659027E+01
    1.5900000E+00    4.2840648E+01    2.0659699E+01
    1.5940000E+00    4.2915330E+01    2.0660361E+01
    1.5980000E+00    4.2990121E+01    2.0661014E+01
    1.6020000E+00    4.3065020E+01    2.0661658E+01
    1.6060000E+00    4.3140028E+01    2.0662293E+01
    1.6100000E+00    4.3215144E+01    2.0662920E+01
    1.6140000E+00    4.3290369E+01    2.0663539E+01
    1.6180000E+00    4.3365702E+01    2.0664149E+01
    1.6220000E+00    4.3441143E+01    2.0664751E+01
    1.6260000E+00    4.3516693E+01    2.0665344E+01
    1.6300000E+00    4.3592351E+01    2.0665930E+01
    1.6340000E+00    4.3668118E+01    2.0666508E+01
    1.6380000E+00    4.3743992E+01    2.0667079E+01
    1.6420000E+00    4.3819975E+01    2.0667641E+01
    1.6460000E+00    4.3896066E+01    2.0668197E+01
    1.6500000E+00    4.3972265E+01    2.0668745E+01
    1.6540000E+00    4.4048572E+01    2.0669286E+01
    1.6580000E+00    4.4124987E+01    2.0669819E+01
    1.6620000E+00    4.4201510E+01    2.0670346E+01
    1.6660000E+00    4.4278141E+01    2.0670866E+01
    1.6700000E+00    4.4354879E+01    2.0671379E+01
    1.6740000E+00    4.4431726E+01    2.0671885E+01
    1.6780000E+00    4.4508680E+01    2.0672385E+01
    1.6820000E+00    4.4585741E+01    2.0672878E+01
    1.6860000E+00    4.4662910E+01    2.0673365E+01
    1.6900000E+00    4.4740186E+01    2.0673845E+01
    1.6940000E+00    4.4817570E+01    2.0674320E+01
    1.6980000E+00    4.4895061E+01    2.0674788E+01
    1.7020000E+00    4.4972659E+01    2.0675251E+01
    1.7060000E+00    4.5050364E+01    2.0675707E+01
    1.7100000E+00    4.5128177E+01    2.0676158E+01
    1.7140000E+00    4.5206096E+01    2.0676603E+01
    1.7180000E+00    4.5284122E+01    2.0677042E+01
    1.7220000E+00    4.5362255E+01    2.0677476E+01
    1.7260000E+00    4.5440494E+01    2.0677905E+01
    1.7300000E+00    4.5518840E+01    2.0678328E+01
    1.7340000E+00    4.5597293E+01    2.0678746E+01
    1.7380000E+00    4.5675852E+01    2.0679159E+01
    1.7420000E+00    4.5754517E+01    2.0679566E+01
    1.7460000E+00    4.5833288E+01    2.0679969E+01
    1.7500000E+00    4.5912166E+01    2.0680367E+01
    1.7540000E+00    4.5991149E+01    2.0680759E+01
    1.7580000E+00    4.6070238E+01    2.0681147E+01
    1.7620000E+00    4.6149433E+01    2.0681531E+01
    1.7660000E+00    4.6228734E+01    2.0681909E+01
    1.7700000E+00    4.6308140E+01    2.0682283E+01
    1.7740000E+00    4.6387651E+01    2.0682653E+01
    1.7780000E+00    4.6467268E+01    2.0683018E+01
    1.7820000E+00    4.6546990E+01    2.0683379E+01
    1.7860000E+00    4.6626816E+01    2.0683736E+01
    1.7900000E+00    4.6706748E+01    2.0684088E+01
    1.7940000E+00    4.6786784E+01    2.0684436E+01
    1.7980000E+00    4.6866925E+01    2.0684781E+01
    1.8020000E+00    4.6947170E+01    2.0685121E+01
    1.8060000E+00    4.7027520E+01    2.0685457E+01
    1.8100000E+00    4.7107974E+01    2.0685789E+01
    1.8140000E+00    4.7188532E+01    2.0686118E+01
    1.8180000E+00    4.7269193E+01    2.0686443E+01
    1.8220000E+00    4.7349959E+01    2.0686764E+01
    1.8260000E+00    4.7430828E+01    2.0687081E+01
    1.8300000E+00    4.7511800E+01    2.0687395E+01
    1.8340000E+00    4.7592876E+01    2.0687705E+01
    1.8380000E+00    4.7674054E+01    2.0688012E+01
    1.8420000E+00    4.7755336E+01    2.0688315E+01
    1.8460000E+00    4.7836720E+01    2.0688615E+01
    1.8500000E+00    4.7918207E+01    2.0688912E+01
    1.8540000E+00    4.7999796E+01    2.0689205E+01
    1.8580000E+00    4.8081488E+01    2.0689496E+01
    1.8620000E+00    4.8163281E+01    2.0689783E+01
    1.8660000E+00    4.8245176E+01    2.0690067E+01
    1.8700000E+00    4.8327174E+01    2.0690348E+01
    1.8740000E+00    4.8409272E+01    2.0690625E+01
    1.8780000E+00    4.8491472E+01    2.0690900E+01
    1.8820000E+00    4.8573773E+01    2.0691172E+01
    1.8860000E+00    4.8656174E+01    2.0691441E+01
    1.8900000E+00    4.8738677E+01    2.0691708E+01
    1.8940000E+00    4.8821280E+01    2.0691971E+01
    1.8980000E+00    4.8903983E+01    2.0692232E+01
    1.9020000E+00    4.8986786E+01    2.0692490E+01
    1.9060000E+00    4.9069689E+01    2.0692745E+01
    1.9100000E+00    4.9152692E+01    2.0692998E+01
    1.9140000E+00    4.9235794E+01    2.0693249E+01
    1.9180000E+00    4.9318996E+01    2.0693496E+01
    1.9220000E+00    4.9402296E+01    2.0693741E+01
    1.9260000E+00    4.9485695E+01    2.0693984E+01
    1.9300000E+00    4.9569193E+01    2.0694225E+01
    1.9340000E+00    4.9652789E+01    2.0694463E+01
    1.9380000E+00    4.9736483E+01    2.0694698E+01
    1.9420000E+00    4.9820274E+01    2.0694932E+01
    1.9460000E+00    4.9904164E+01    2.0695163E+01
    1.9500000E+00    4.9988150E+01    2.0695391E+01
    1.9540000E+00    5.0072234E+01    2.0695618E+01
    1.9580000E+00    5.0156414E+01    2.0695843E+01
    1.9620000E+00    5.0240691E+01    2.0696065E+01
    1.9660000E+00    5.0325065E+01    2.0696285E+01
    1.9700000E+00    5.0409534E+01    2.0696503E+01
    1.9740000E+00    5.0494099E+01    2.0696720E+01
    1.9780000E+00    5.0578760E+01    2.0696934E+01
    1.9820000E+00    5.0663515E+01    2.0697146E+01
    1.9860000E+00    5.0748366E+01    2.0697356E+01
    1.9900000E+00    5.0833311E+01    2.0697565E+01
    1.9940000E+00    5.0918351E+01    2.0697771E+01
    1.9980000E+00    5.1003485E+01    2.0697976E+01
    2.0020000E+00    5.1088712E+01    2.0698178E+01
    2.0060000E+00    5.1174033E+01    2.0698379E+01
    2.0100000E+00    5.1259447E+01    2.0698579E+01
    2.0140000E+00    5.1344954E+01    2.0698776E+01
    2.0180000E+00    5.1430553E+01    2.0698972E+01
    2.0220000E+00    5.1516245E+01    2.0699166E+01
    2.0260000E+00    5.1602029E+01    2.0699358E+01
    2.0300000E+00    5.1687904E+01    2.0699549E+01
    2.0340000E+00    5.1773871E+01    2.0699738E+01
    2.0380000E+00    5.1859928E+01    2.0699926E+01
    2.0420000E+00    5.1946077E+01    2.0700112E+01
    2.0460000E+00    5.2032315E+01    2.0700297E+01
    2.0500000E+00    5.2118644E+01    2.0700479E+01
    2.0540000E+00    5.2205062E+01    2.0700661E+01
    2.0580000E+00    5.2291569E+01    2.0700841E+01
    2.0620000E+00    5.2378165E+01    2.0701020E+01
    2.0660000E+00    5.2464850E+01    2.0701197E+01
    2.0700000E+00    5.2551623E+01    2.0701372E+01
    2.0740000E+00    5.2638484E+01    2.0701547E+01
    2.0780000E+00    5.2725433E+01    2.0701720E+01
    2.0820000E+00    5.2812468E+01    2.0701891E+01
    2.0860000E+00    5.2899591E+01    2.0702062E+01
    2.0900000E+00    5.2986799E+01    2.0702231E+01
    2.0940000E+00    5.3074094E+01    2.0702398E+01
    2.0980000E+00    5.3161474E+01    2.0702565E+01
    2.1020000E+00    5.3248940E+01    2.0702730E+01
    2.1060000E+00    5.3336490E+01    2.0702894E+01
    2.1100000E+00    5.3424124E+01    2.0703057E+01
    2.1140000E+00    5.3511843E+01    2.0703218E+01
    2.1180000E+00    5.3599646E+01    2.0703378E+01
    2.1220000E+00    5.3687531E+01    2.0703538E+01
    2.1260000E+00    5.3775499E+01    2.0703696E+01
    2.1300000E+00    5.3863550E+01    2.0703853E+01
    2.1340000E+00    5.3951683E+01    2.0704008E+01
    2.1380000E+00    5.4039897E+01    2.0704163E+01
    2.1420000E+00    5.4128192E+01    2.0704317E+01
    2.1460000E+00    5.4216568E+01    2.0704469E+01
    2.1500000E+00    5.4305024E+01    2.0704621E+01
    2.1540000E+00    5.4393559E+01    2.0704771E+01
    2.1580000E+00    5.4482175E+01    2.0704921E+01
    2.1620000E+00    5.4570868E+01    2.0705069E+01
    2.1660000E+00    5.4659641E+01    2.0705217E+01
    2.1700000E+00    5.4748491E+01    2.0705363E+01
    2.1740000E+00    5.4837419E+01    2.0705509E+01
    2.1780000E+00    5.4926423E+01    2.0705653E+01
    2.1820000E+00    5.5015505E+01    2.0705797E+01
    2.1860000E+00    5.5104662E+01    2.0705939E+01
    2.1900000E+00    5.5193895E+01    2.0706081E+01
    2.1940000E+00    5.5283202E+01    2.0706222E+01
    2.1980000E+00    5.5372585E+01    2.0706362E+01
    2.2020000E+00    5.5462041E+01    2.0706501E+01
    2.2060000E+00    5.5551571E+01    2.0706639E+01
    2.2100000E+00    5.5641174E+01    2.0706777E+01
    2.2140000E+00    5.5730849E+01    2.0706913E+01
    2.2180000E+00    5.5820597E+01    2.0707049E+01
    2.2220000E+00    5.5910416E+01    2.0707184E+01
    2.2260000E+00    5.6000306E+01    2.0707318E+01
    2.2300000E+00    5.6090266E+01    2.0707451E+01
    2.2340000E+00    5.6180296E+01    2.0707583E+01
    2.2380000E+00    5.6270396E+01    2.0707715E+01
    2.2420000E+00    5.6360564E+01    2.0707846E+01
    2.2460000E+00    5.6450800E+01    2.0707976E+01
    2.2500000E+00    5.6541105E+01    2.0708105E+01
    2.2540000E+00    5.6631476E+01    2.0708234E+01
    2.2580000E+00    5.6721914E+01    2.0708362E+01
    2.2620000E+00    5.6812417E+01    2.0708489E+01
    2.2660000E+00    5.6902986E+01    2.0708615E+01
    2.2700000E+00    5.6993620E+01    2.0708741E+01
    2.2740000E+00    5.7084318E+01    2.0708866E+01
    2.2780000E+00    5.7175080E+01    2.0708991E+01
    2.2820000E+00    5.7265905E+01    2.0709114E+01
    2.2860000E+00    5.7356792E+01    2.0709237E+01
    2.2900000E+00    5.7447741E+01    2.0709360E+01
    2.2940000E+00    5.7538751E+01    2.0709481E+01
    2.2980000E+00    5.7629821E+01    2.0709602E+01
    2.3020000E+00    5.7720952E+01    2.0709723E+01
    2.3060000E+00    5.7812142E+01    2.0709842E+01
    2.3100000E+00    5.7903390E+01    2.0709962E+01
    2.3140000E+00    5.7994696E+01    2.0710080E+01
    2.3180000E+00    5.8086060E+01    2.0710198E+01
    2.3220000E+00    5.8177481E+01    2.0710315E+01
    2.3260000E+00    5.8268957E+01    2.0710432E+01
    2.3300000E+00    5.8360489E+01    2.0710548E+01
    2.3340000E+00    5.8452076E+01    2.0710663E+01
    2.3380000E+00    5.8543717E+01    2.0710778E+01
    2.3420000E+00    5.8635411E+01    2.0710893E+01
    2.3460000E+00    5.8727158E+01    2.0711007E+01
    2.3500000E+00    5.8818956E+01    2.0711120E+01
    2.3540000E+00    5.8910806E+01    2.0711232E+01
    2.3580000E+00    5.9002707E+01    2.0711344E+01
    2.3620000E+00    5.9094658E+01    2.0711456E+01
    2.3660000E+00    5.9186657E+01    2.0711567E+01
    2.3700000E+00    5.9278706E+01    2.0711678E+01
    2.3740000E+00    5.9370801E+01    2.0711787E+01
    2.3780000E+00    5.9462944E+01    2.0711897E+01
    2.3820000E+00    5.9555133E+01    2.0712006E+01
    2.3860000E+00    5.9647368E+01    2.0712114E+01
    2.3900000E+00    5.9739647E+01    2.0712222E+01
    2.3940000E+00    5.9831971E+01    2.0712330E+01
    2.3980000E+00    5.9924337E+01    2.0712436E+01
    2.4020000E+00    6.0016747E+01    2.0712543E+01
    2.4060000E+00    6.0109197E+01    2.0712649E+01
    2.4100000E+00    6.0201689E+01    2.0712754E+01
    2.4140000E+00    6.0294221E+01    2.0712859E+01
    2.4180000E+00    6.0386792E+01    2.0712964E+01
    2.4220000E+00    6.0479402E+01    2.0713068E+01
    2.4260000E+00    6.0572050E+01    2.0713171E+01
    2.4300000E+00    6.0664735E+01    2.0713274E+01
    2.4340000E+00    6.0757455E+01    2.0713377E+01
    2.4380000E+00    6.0850212E+01    2.0713479E+01
    2.4420000E+00    6.0943002E+01    2.0713581E+01
    2.4460000E+00    6.1035827E+01    2.0713682E+01
    2.4500000E+00    6.1128684E+01    2.0713783E+01
    2.4540000E+00    6.1221573E+01    2.0713883E+01
    2.4580000E+00    6.1314493E+01    2.0713983E+01
    2.4620000E+00    6.1407444E+01    2.0714083E+01
    2.4660000E+00    6.1500424E+01    2.0714182E+01
    2.4700000E+00    6.1593433E+01    2.0714280E+01
    2.4740000E+00    6.1686469E+01    2.0714379E+01
    2.4780000E+00    6.1779532E+01    2.0714477E+01
    2.4820000E+00    6.1872621E+01    2.0714574E+01
    2.4860000E+00    6.1965735E+01    2.0714671E+01
    2.4900000E+00    6.2058874E+01    2.0714768E+01
    2.4940000E+00    6.2152035E+01    2.0714864E+01
    2.4980000E+00    6.2245219E+01    2.0714960E+01
    2.5020000E+00    6.2338424E+01    2.0715055E+01
    2.5060000E+00    6.2431650E+01    2.0715150E+01
    2.5100000E+00    6.2524896E+01    2.0715245E+01
    2.5140000E+00    6.2618160E+01    2.0715339E+01
    2.5180000E+00    6.2711441E+01    2.0715433E+01
    2.5220000E+00    6.2804740E+01    2.0715526E+01
    2.5260000E+00    6.2898054E+01    2.0715619E+01
    2.5300000E+00    6.2991383E+01    2.0715712E+01
    2.5340000E+00    6.3084726E+01    2.0715804E+01
    2.5380000E+00    6.3178082E+01    2.0715896E+01
    2.5420000E+00    6.3271450E+01    2.0715988E+01
    2.5460000E+00    6.3364829E+01    2.0716079E+01
    2.5500000E+00    6.3458217E+01    2.0716170E+01
    2.5540000E+00    6.3551615E+01    2.0716260E+01
    2.5580000E+00    6.3645021E+01    2.0716350E+01
    2.5620000E+00    6.3738433E+01    2.0716440E+01
    2.5660000E+00    6.3831851E+01    2.0716529E+01
    2.5700000E+00    6.3925275E+01    2.0716618E+01
    2.5740000E+00    6.4018702E+01    2.0716707E+01
    2.5780000E+00    6.4112132E+01    2.0716795E+01
    2.5820000E+00    6.4205564E+01    2.0716883E+01
    2.5860000E+00    6.4298996E+01    2.0716971E+01
    2.5900000E+00    6.4392428E+01    2.0717058E+01
    2.5940000E+00    6.4485859E+01    2.0717145E+01
    2.5980000E+00    6.4579288E+01    2.0717232E+01
    2.6020000E+00    6.4672712E+01    2.0717318E+01
    2.6060000E+00    6.4766133E+01    2.0717404E+01
    2.6100000E+00    6.4859547E+01    2.0717490E+01
    2.6140000E+00    6.4952955E+01    2.0717575E+01
    2.6180000E+00    6.5046355E+01    2.0717660E+01
    2.6220000E+00    6.5139746E+01    2.0717744E+01
    2.6260000E+00    6.5233127E+01    2.0717829E+01
    2.6300000E+00    6.5326496E+01    2.0717913E+01
    2.6340000E+00    6.5419853E+01    2.0717996E+01
    2.6380000E+00    6.5513197E+01    2.0718079E+01
    2.6420000E+00    6.5606526E+01    2.0718162E+01
    2.6460000E+00    6.5699839E+01    2.0718245E+01
    2.6500000E+00    6.5793136E+01    2.0718327E+01
    2.6540000E+00    6.5886414E+01    2.0718409E+01
    2.6580000E+00    6.5979673E+01    2.0718491E+01
    2.6620000E+00    6.6072912E+01    2.0718572E+01
    2.6660000E+00    6.6166128E+01    2.0718653E+01
    2.6700000E+00    6.6259323E+01    2.0718734E+01
    2.6740000E+00    6.6352493E+01    2.0718815E+01
    2.6780000E+00    6.6445638E+01    2.0718895E+01
    2.6820000E+00    6.6538757E+01    2.0718974E+01
    2.6860000E+00    6.6631848E+01    2.0719054E+01
    2.6900000E+00    6.6724910E+01    2.0719133E+01
    2.6940000E+00    6.6817942E+01    2.0719212E+01
    2.6980000E+00    6.6910943E+01    2.0719291E+01
    2.7020000E+00    6.7003911E+01    2.0719369E+01
    2.7060000E+00    6.7096846E+01    2.0719447E+01
    2.7100000E+00    6.7189746E+01    2.0719525E+01
    2.7140000E+00    6.7282609E+01    2.0719602E+01
    2.7180000E+00    6.7375435E+01    2.0719679E+01
    2.7220000E+00    6.7468222E+01    2.0719756E+01
    2.7260000E+00    6.7560969E+01    2.0719832E+01
    2.7300000E+00    6.7653675E+01    2.0719909E+01
    2.7340000E+00    6.7746338E+01    2.0719984E+01
    2.7380000E+00    6.7838957E+01    2.0720060E+01
    2.7420000E+00    6.7931530E+01    2.0720135E+01
    2.7460000E+00    6.8024058E+01    2.0720210E+01
    2.7500000E+00    6.8116537E+01    2.0720285E+01
    2.7540000E+00    6.8208967E+01    2.0720360E+01
    2.7580000E+00    6.8301347E+01    2.0720434E+01
    2.7620000E+00    6.8393675E+01    2.0720508E+01
    2.7660000E+00    6.8485950E+01    2.0720581E+01
    2.7700000E+00    6.8578170E+01    2.0720654E+01
    2.7740000E+00    6.8670334E+01    2.0720728E+01
    2.7780000E+00    6.8762441E+01    2.0720800E+01
    2.7820000E+00    6.8854489E+01    2.0720873E+01
    2.7860000E+00    6.8946478E+01    2.0720945E+01
    2.7900000E+00    6.9038405E+01    2.0721017E+01
    2.7940000E+00    6.9130269E+01    2.0721088E+01
    2.7980000E+00    6.9222069E+01    2.0721160E+01
    2.8020000E+00    6.9313804E+01    2.0721231E+01
    2.8060000E+00    6.9405471E+01    2.0721301E+01
    2.8100000E+00    6.9497070E+01    2.0721372E+01
    2.8140000E+00    6.9588600E+01    2.0721442E+01
    2.8180000E+00    6.9680058E+01    2.0721512E+01
    2.8220000E+00    6.9771444E+01    2.0721582E+01
    2.8260000E+00    6.9862756E+01    2.0721651E+01
    2.8300000E+00    6.9953992E+01    2.0721720E+01
    2.8340000E+00    7.0045151E+01    2.0721789E+01
    2.8380000E+00    7.0136232E+01    2.0721858E+01
    2.8420000E+00    7.0227233E+01    2.0721926E+01
    2.8460000E+00    7.0318152E+01    2.0721994E+01
    2.8500000E+00    7.0408989E+01    2.0722062E+01
    2.8540000E+00    7.0499741E+01    2.0722129E+01
    2.8580000E+00    7.0590408E+01    2.0722196E+01
    2.8620000E+00    7.0680988E+01    2.0722263E+01
    2.8660000E+00    7.0771479E+01    2.0722330E+01
    2.8700000E+00    7.0861879E+01    2.0722396E+01
    2.8740000E+00    7.0952188E+01    2.0722463E+01
    2.8780000E+00    7.1042403E+01    2.0722528E+01
    2.8820000E+00    7.1132524E+01    2.0722594E+01
    2.8860000E+00    7.1222549E+01    2.0722659E+01
    2.8900000E+00    7.1312475E+01    2.0722725E+01
    2.8940000E+00    7.1402303E+01    2.0722789E+01
    2.8980000E+00    7.1492029E+01    2.0722854E+01
    2.9020000E+00    7.1581653E+01    2.0722918E+01
    2.9060000E+00    7.1671173E+01    2.0722982E+01
    2.9100000E+00    7.1760587E+01    2.0723046E+01
    2.9140000E+00    7.1849894E+01    2.0723109E+01
    2.9180000E+00    7.1939093E+01    2.0723173E+01
    2.9220000E+00    7.2028181E+01    2.0723236E+01
    2.9260000E+00    7.2117158E+01    2.0723298E+01
    2.9300000E+00    7.2206021E+01    2.0723361E+01
    2.9340000E+00    7.2294769E+01    2.0723423E+01
    2.9380000E+00    7.2383400E+01    2.0723485E+01
    2.9420000E+00    7.2471913E+01    2.0723547E+01
    2.9460000E+00    7.2560307E+01    2.0723608E+01
    2.9500000E+00    7.2648579E+01    2.0723669E+01
    2.9540000E+00    7.2736727E+01    2.0723730E+01
    2.9580000E+00    7.2824752E+01    2.0723791E+01
    2.9620000E+00    7.2912649E+01    2.0723851E+01
    2.9660000E+00    7.3000419E+01    2.0723911E+01
    2.9700000E+00    7.3088060E+01    2.0723971E+01
    2.9740000E+00    7.3175569E+01    2.0724031E+01
    2.9780000E+00    7.3262945E+01    2.0724090E+01
    2.9820000E+00    7.3350187E+01    2.0724149E+01
    2.9860000E+00    7.3437293E+01    2.0724208E+01
    2.9900000E+00    7.3524261E+01    2.0724267E+01
    2.9940000E+00    7.3611089E+01    2.0724325E+01
    2.9980000E+00    7.3697776E+01    2.0724383E+01
    3.0020000E+00    7.3784321E+01    2.0724441E+01
    3.0060000E+00    7.3870721E+01    2.0724498E+01
    3.0100000E+00    7.3956974E+01    2.0724556E+01
    3.0140000E+00    7.4043080E+01    2.0724613E+01
    3.0180000E+00    7.4129036E+01    2.0724670E+01
    3.0220000E+00    7.4214841E+01    2.0724726E+01
    3.0260000E+00    7.4300493E+01    2.0724783E+01
    3.0300000E+00    7.4385991E+01    2.0724839E+01
    3.0340000E+00    7.4471332E+01    2.0724894E+01
    3.0380000E+00    7.4556514E+01    2.0724950E+01
    3.0420000E+00    7.4641537E+01    2.0725005E+01
    3.0460000E+00    7.4726399E+01    2.0725060E+01
    3.0500000E+00    7.4811097E+01    2.0725115E+01
    3.0540000E+00    7.4895631E+01    2.0725170E+01
    3.0580000E+00    7.4979997E+01    2.0725224E+01
    3.0620000E+00    7.5064195E+01    2.0725278E+01
    3.0660000E+00    7.5148223E+01    2.0725332E+01
    3.0700000E+00    7.5232079E+01    2.0725386E+01
    3.0740000E+00    7.5315761E+01    2.0725439E+01
    3.0780000E+00    7.5399268E+01    2.0725492E+01
    3.0820000E+00    7.5482598E+01    2.0725545E+01
    3.0860000E+00    7.5565749E+01    2.0725598E+01
    3.0900000E+00    7.5648719E+01    2.0725650E+01
    3.0940000E+00    7.5731506E+01    2.0725702E+01
    3.0980000E+00    7.5814110E+01    2.0725754E+01
    3.1020000E+00    7.5896527E+01    2.0725805E+01
    3.1060000E+00    7.5978757E+01    2.0725857E+01
    3.1100000E+00    7.6060797E+01    2.0725908E+01
    3.1140000E+00    7.6142645E+01    2.0725959E+01
    3.1180000E+00    7.6224301E+01    2.0726009E+01
    3.1220000E+00    7.6305761E+01    2.0726060E+01
    3.1260000E+00    7.6387025E+01    2.0726110E+01
    3.1300000E+00    7.6468091E+01    2.0726160E+01
    3.1340000E+00    7.6548956E+01    2.0726210E+01
    3.1380000E+00    7.6629619E+01    2.0726259E+01
    3.1420000E+00    7.6710079E+01    2.0726308E+01
    3.1460000E+00    7.6790332E+01    2.0726357E+01
    3.1500000E+00    7.6870379E+01    2.0726406E+01
    3.1540000E+00    7.6950216E+01    2.0726454E+01
    3.1580000E+00    7.7029841E+01    2.0726502E+01
    3.1620000E+00    7.7109254E+01    2.0726550E+01
    3.1660000E+00    7.7188453E+01    2.0726598E+01
    3.1700000E+00    7.7267435E+01    2.0726646E+01
    3.1740000E+00    7.7346198E+01    2.0726693E+01
    3.1780000E+00    7.7424742E+01    2.0726740E+01
    3.1820000E+00    7.7503063E+01    2.0726786E+01
    3.1860000E+00    7.7581161E+01    2.0726833E+01
    3.1900000E+00    7.7659033E+01    2.0726879E+01
    3.1940000E+00    7.7736678E+01    2.0726925E+01
    3.1980000E+00    7.7814094E+01    2.0726971E+01
    3.2020000E+00    7.7891278E+01    2.0727017E+01
    3.2060000E+00    7.7968230E+01    2.0727062E+01
    3.2100000E+00    7.8044947E+01    2.0727107E+01
    3.2140000E+00    7.8121428E+01    2.0727152E+01
    3.2180000E+00    7.8197670E+01    2.0727196E+01
    3.2220000E+00    7.8273673E+01    2.0727241E+01
    3.2260000E+00    7.8349433E+01    2.0727285E+01
    3.2300000E+00    7.8424949E+01    2.0727329E+01
    3.2340000E+00    7.8500220E+01    2.0727372E+01
    3.2380000E+00    7.8575243E+01    2.0727416E+01
    3.2420000E+00    7.8650017E+01    2.0727459E+01
    3.2460000E+00    7.8724540E+01    2.0727502E+01
    3.2500000E+00    7.8798810E+01    2.0727545E+01
    3.2540000E+00    7.8872826E+01    2.0727587E+01
    3.2580000E+00    7.8946584E+01    2.0727629E+01
    3.2620000E+00    7.9020085E+01    2.0727671E+01
    3.2660000E+00    7.9093325E+01    2.0727713E+01
    3.2700000E+00    7.9166303E+01    2.0727754E+01
    3.2740000E+00    7.9239017E+01    2.0727796E+01
    3.2780000E+00    7.9311465E+01    2.0727837E+01
    3.2820000E+00    7.9383646E+01    2.0727877E+01
    3.2860000E+00    7.9455558E+01    2.0727918E+01
    3.2900000E+00    7.9527198E+01    2.0727958E+01
    3.2940000E+00    7.9598565E+01    2.0727998E+01
    3.2980000E+00    7.9669658E+01    2.0728038E+01
    3.3020000E+00    7.9740474E+01    2.0728078E+01
    3.3060000E+00    7.9811011E+01    2.0728117E+01
    3.3100000E+00    7.9881268E+01    2.0728156E+01
    3.3140000E+00    7.9951244E+01    2.0728195E+01
    3.3180000E+00    8.0020935E+01    2.0728234E+01
    3.3220000E+00    8.0090340E+01    2.0728272E+01
    3.3260000E+00    8.0159458E+01    2.0728311E+01
    3.3300000E+00    8.0228287E+01    2.0728349E+01
    3.3340000E+00    8.0296824E+01    2.0728386E+01
    3.3380000E+00    8.0365069E+01    2.0728424E+01
    3.3420000E+00    8.0433019E+01    2.0728461E+01
    3.3460000E+00    8.0500672E+01    2.0728498E+01
    3.3500000E+00    8.0568027E+01    2.0728535E+01
    3.3540000E+00    8.0635082E+01    2.0728571E+01
    3.3580000E+00    8.0701835E+01    2.0728608E+01
    3.3620000E+00    8.0768285E+01    2.0728644E+01
    3.3660000E+00    8.0834429E+01    2.0728680E+01
    3.3700000E+00    8.0900265E+01    2.0728715E+01
    3.3740000E+00    8.0965793E+01    2.0728751E+01
    3.3780000E+00    8.1031010E+01    2.0728786E+01
    3.3820000E+00    8.1095914E+01    2.0728821E+01
    3.3860000E+00    8.1160504E+01    2.0728856E+01
    3.3900000E+00    8.1224778E+01    2.0728890E+01
    3.3940000E+00    8.1288734E+01    2.0728924E+01
    3.3980000E+00    8.1352371E+01    2.0728958E+01
    3.4020000E+00    8.1415686E+01    2.0728992E+01
    3.4060000E+00    8.1478678E+01    2.0729026E+01
    3.4100000E+00    8.1541345E+01    2.0729059E+01
    3.4140000E+00    8.1603686E+01    2.0729092E+01
    3.4180000E+00    8.1665698E+01    2.0729125E+01
    3.4220000E+00    8.1727380E+01    2.0729158E+01
    3.4260000E+00    8.1788731E+01    2.0729190E+01
    3.4300000E+00    8.1849748E+01    2.0729222E+01
    3.4340000E+00    8.1910429E+01    2.0729254E+01
    3.4380000E+00    8.1970774E+01    2.0729286E+01
    3.4420000E+00    8.2030781E+01    2.0729317E+01
    3.4460000E+00    8.2090447E+01    2.0729348E+01
    3.4500000E+00    8.2149771E+01    2.0729379E+01
    3.4540000E+00    8.2208751E+01    2.0729410E+01
    3.4580000E+00    8.2267386E+01    2.0729441E+01
    3.4620000E+00    8.2325673E+01    2.0729471E+01
    3.4660000E+00    8.2383613E+01    2.0729501E+01
    3.4700000E+00    8.2441201E+01    2.0729531E+01
    3.4740000E+00    8.2498438E+01    2.0729561E+01
    3.4780000E+00    8.2555321E+01    2.0729590E+01
    3.4820000E+00    8.2611848E+01    2.0729619E+01
    3.4860000E+00    8.2668019E+01    2.0729648E+01
    3.4900000E+00    8.2723831E+01    2.0729677E+01
    3.4940000E+00    8.2779283E+01    2.0729705E+01
    3.4980000E+00    8.2834373E+01    2.0729734E+01
    3.5020000E+00    8.2889099E+01    2.0729762E+01
    3.5060000E+00    8.2943460E+01    2.0729789E+01
    3.5100000E+00    8.2997455E+01    2.0729817E+01
    3.5140000E+00    8.3051081E+01    2.0729844E+01
    3.5180000E+00    8.3104338E+01    2.0729871E+01
    3.5220000E+00    8.3157223E+01    2.0729898E+01
    3.5260000E+00    8.3209735E+01    2.0729925E+01
    3.5300000E+00    8.3261872E+01    2.0729951E+01
    3.5340000E+00    8.3313634E+01    2.0729978E+01
    3.5380000E+00    8.3365017E+01    2.0730004E+01
    3.5420000E+00    8.3416022E+01    2.0730029E+01
    3.5460000E+00    8.3466645E+01    2.0730055E+01
    3.5500000E+00    8.3516887E+01    2.0730080E+01
    3.5540000E+00    8.3566744E+01    2.0730105E+01
    3.5580000E+00    8.3616217E+01    2.0730130E+01
    3.5620000E+00    8.3665302E+01    2.0730155E+01
    3.5660000E+00    8.3713999E+01    2.0730179E+01
    3.5700000E+00    8.3762307E+01    2.0730203E+01
    3.5740000E+00    8.3810223E+01    2.0730227E+01
    3.5780000E+00    8.3857747E+01    2.0730251E+01
    3.5820000E+00    8.3904876E+01    2.0730274E+01
    3.5860000E+00    8.3951610E+01    2.0730297E+01
    3.5900000E+00    8.3997947E+01    2.0730320E+01
    3.5940000E+00    8.4043886E+01    2.0730343E+01
    3.5980000E+00    8.4089424E+01    2.0730366E+01
    3.6020000E+00    8.4134562E+01    2.0730388E+01
    3.6060000E+00    8.4179297E+01    2.0730410E+01
    3.6100000E+00    8.4223627E+01    2.0730432E+01
    3.6140000E+00    8.4267553E+01    2.0730454E+01
    3.6180000E+00    8.4311071E+01    2.0730475E+01
    3.6220000E+00    8.4354182E+01    2.0730496E+01
    3.6260000E+00    8.4396882E+01    2.0730517E+01
    3.6300000E+00    8.4439173E+01    2.0730538E+01
    3.6340000E+00    8.4481051E+01    2.0730559E+01
    3.6380000E+00    8.4522515E+01    2.0730579E+01
    3.6420000E+00    8.4563565E+01    2.0730599E+01
    3.6460000E+00    8.4604199E+01    2.0730619E+01
    3.6500000E+00    8.4644415E+01    2.0730639E+01
    3.6540000E+00    8.4684213E+01    2.0730658E+01
    3.6580000E+00    8.4723591E+01    2.0730677E+01
    3.6620000E+00    8.4762548E+01    2.0730696E+01
    3.6660000E+00    8.4801083E+01    2.0730715E+01
    3.6700000E+00    8.4839194E+01    2.0730733E+01
    3.6740000E+00    8.4876880E+01    2.0730752E+01
    3.6780000E+00    8.4914140E+01    2.0730770E+01
    3.6820000E+00    8.4950974E+01    2.0730788E+01
    3.6860000E+00    8.4987379E+01    2.0730805E+01
    3.6900000E+00    8.5023354E+01    2.0730823E+01
    3.6940000E+00    8.5058899E+01    2.0730840E+01
    3.6980000E+00    8.5094012E+01    2.0730857E+01
    3.7020000E+00    8.5128692E+01    2.0730873E+01
    3.7060000E+00    8.5162938E+01    2.0730890E+01
    3.7100000E+00    8.5196749E+01    2.0730906E+01
    3.7140000E+00    8.5230123E+01    2.0730922E+01
    3.7180000E+00    8.5263060E+01    2.0730938E+01
    3.7220000E+00    8.5295559E+01    2.0730954E+01
    3.7260000E+00    8.5327619E+01    2.0730969E+01
    3.7300000E+00    8.5359238E+01    2.0730984E+01
    3.7340000E+00    8.5390416E+01    2.0730999E+01
    3.7380000E+00    8.5421151E+01    2.0731014E+01
    3.7420000E+00    8.5451442E+01    2.0731028E+01
    3.7460000E+00    8.5481289E+01    2.0731042E+01
    3.7500000E+00    8.5510691E+01    2.0731056E+01
    3.7540000E+00    8.5539646E+01    2.0731070E+01
    3.7580000E+00    8.5568154E+01    2.0731084E+01
    3.7620000E+00    8.5596213E+01    2.0731097E+01
    3.7660000E+00    8.5623823E+01    2.0731110E+01
    3.7700000E+00    8.5650983E+01    2.0731123E+01
    3.7740000E+00    8.5677692E+01    2.0731136E+01
    3.7780000E+00    8.5703949E+01    2.0731148E+01
    3.7820000E+00    8.5729754E+01    2.0731161E+01
    3.7860000E+00    8.5755104E+01    2.0731173E+01
    3.7900000E+00    8.5780000E+01    2.0731184E+01
    3.7940000E+00    8.5804441E+01    2.0731196E+01
    3.7980000E+00    8.5828426E+01    2.0731207E+01
    3.8020000E+00    8.5851954E+01    2.0731218E+01
    3.8060000E+00    8.5875024E+01    2.0731229E+01
    3.8100000E+00    8.5897636E+01    2.0731240E+01
    3.8140000E+00    8.5919788E+01    2.0731250E+01
    3.8180000E+00    8.5941481E+01    2.0731261E+01
    3.8220000E+00    8.5962713E+01    2.0731271E+01
    3.8260000E+00    8.5983483E+01    2.0731280E+01
    3.8300000E+00    8.6003791E+01    2.0731290E+01
    3.8340000E+00    8.6023637E+01    2.0731299E+01
    3.8380000E+00    8.6043019E+01    2.0731308E+01
    3.8420000E+00    8.6061938E+01    2.0731317E+01
    3.8460000E+00    8.6080391E+01    2.0731326E+01
    3.8500000E+00    8.6098379E+01    2.0731334E+01
    3.8540000E+00    8.6115901E+01    2.0731343E+01
    3.8580000E+00    8.6132957E+01    2.0731351E+01
    3.8620000E+00    8.6149546E+01    2.0731358E+01
    3.8660000E+00    8.6165667E+01    2.0731366E+01
    3.8700000E+00    8.6181320E+01    2.0731373E+01
    3.8740000E+00    8.6196504E+01    2.0731380E+01
    3.8780000E+00    8.6211219E+01    2.0731387E+01
    3.8820000E+00    8.6225464E+01    2.0731394E+01
    3.8860000E+00    8.6239239E+01    2.0731400E+01
    3.8900000E+00    8.6252543E+01    2.0731407E+01
    3.8940000E+00    8.6265376E+01    2.0731413E+01
    3.8980000E+00    8.6277738E+01    2.0731418E+01
    3.9020000E+00    8.6289627E+01    2.0731424E+01
    3.9060000E+00    8.6301045E+01    2.0731429E+01
    3.9100000E+00    8.6311989E+01    2.0731434E+01
    3.9140000E+00    8.6322460E+01    2.0731439E+01
    3.9180000E+00    8.6332458E+01    2.0731444E+01
    3.9220000E+00    8.6341982E+01    2.0731448E+01
    3.9260000E+00    8.6351032E+01    2.0731453E+01
    3.9300000E+00    8.6359607E+01    2.0731457E+01
    3.9340000E+00    8.6367708E+01    2.0731460E+01
    3.9380000E+00    8.6375333E+01    2.0731464E+01
    3.9420000E+00    8.6382484E+01    2.0731467E+01
    3.9460000E+00    8.6389158E+01    2.0731470E+01
    3.9500000E+00    8.6395357E+01    2.0731473E+01
    3.9540000E+00    8.6401080E+01    2.0731476E+01
    3.9580000E+00    8.6406327E+01    2.0731478E+01
    3.9620000E+00    8.6411097E+01    2.0731481E+01
    3.9660000E+00    8.6415391E+01    2.0731483E+01
    3.9700000E+00    8.6419208E+01    2.0731484E+01
    3.9740000E+00    8.6422548E+01    2.0731486E+01
    3.9780000E+00    8.6425411E+01    2.0731487E+01
    3.9820000E+00    8.6427797E+01    2.0731488E+01
    3.9860000E+00    8.6429706E+01    2.0731489E+01
    3.9900000E+00    8.6431138E+01    2.0731490E+01
    3.9940000E+00    8.6432093E+01    2.0731490E+01
    3.9980000E+00    8.6432570E+01    2.0731491E+01
