# Time          5.0000E+01
# Units: Mol/kgw
    Distance        SO4--            SO164--         
    2.0000000E-03    2.7983231E-02    2.6979868E-02
    6.0000000E-03    2.7941063E-02    2.6939625E-02
    1.0000000E-02    2.7898915E-02    2.6899401E-02
    1.4000000E-02    2.7856789E-02    2.6859196E-02
    1.8000000E-02    2.7814683E-02    2.6819011E-02
    2.2000000E-02    2.7772598E-02    2.6778846E-02
    2.6000000E-02    2.7730535E-02    2.6738701E-02
    3.0000000E-02    2.7688492E-02    2.6698575E-02
    3.4000000E-02    2.7646471E-02    2.6658470E-02
    3.8000000E-02    2.7604472E-02    2.6618385E-02
    4.2000000E-02    2.7562494E-02    2.6578320E-02
    4.6000000E-02    2.7520538E-02    2.6538275E-02
    5.0000000E-02    2.7478603E-02    2.6498250E-02
    5.4000000E-02    2.7436691E-02    2.6458247E-02
    5.8000000E-02    2.7394800E-02    2.6418263E-02
    6.2000000E-02    2.7352932E-02    2.6378301E-02
    6.6000000E-02    2.7311086E-02    2.6338359E-02
    7.0000000E-02    2.7269262E-02    2.6298438E-02
    7.4000000E-02    2.7227460E-02    2.6258538E-02
    7.8000000E-02    2.7185681E-02    2.6218660E-02
    8.2000000E-02    2.7143925E-02    2.6178802E-02
    8.6000000E-02    2.7102191E-02    2.6138966E-02
    9.0000000E-02    2.7060480E-02    2.6099151E-02
    9.4000000E-02    2.7018792E-02    2.6059358E-02
    9.8000000E-02    2.6977127E-02    2.6019586E-02
    1.0200000E-01    2.6935485E-02    2.5979836E-02
    1.0600000E-01    2.6893867E-02    2.5940107E-02
    1.1000000E-01    2.6852271E-02    2.5900401E-02
    1.1400000E-01    2.6810699E-02    2.5860717E-02
    1.1800000E-01    2.6769151E-02    2.5821054E-02
    1.2200000E-01    2.6727626E-02    2.5781414E-02
    1.2600000E-01    2.6686125E-02    2.5741796E-02
    1.3000000E-01    2.6644648E-02    2.5702201E-02
    1.3400000E-01    2.6603195E-02    2.5662628E-02
    1.3800000E-01    2.6561766E-02    2.5623077E-02
    1.4200000E-01    2.6520361E-02    2.5583550E-02
    1.4600000E-01    2.6478980E-02    2.5544045E-02
    1.5000000E-01    2.6437623E-02    2.5504563E-02
    1.5400000E-01    2.6396291E-02    2.5465103E-02
    1.5800000E-01    2.6354984E-02    2.5425667E-02
    1.6200000E-01    2.6313701E-02    2.5386254E-02
    1.6600000E-01    2.6272443E-02    2.5346865E-02
    1.7000000E-01    2.6231209E-02    2.5307498E-02
    1.7400000E-01    2.6190001E-02    2.5268156E-02
    1.7800000E-01    2.6148818E-02    2.5228836E-02
    1.8200000E-01    2.6107660E-02    2.5189541E-02
    1.8600000E-01    2.6066527E-02    2.5150269E-02
    1.9000000E-01    2.6025420E-02    2.5111021E-02
    1.9400000E-01    2.5984338E-02    2.5071796E-02
    1.9800000E-01    2.5943281E-02    2.5032596E-02
    2.0200000E-01    2.5902251E-02    2.4993420E-02
    2.0600000E-01    2.5861246E-02    2.4954269E-02
    2.1000000E-01    2.5820266E-02    2.4915141E-02
    2.1400000E-01    2.5779313E-02    2.4876038E-02
    2.1800000E-01    2.5738386E-02    2.4836960E-02
    2.2200000E-01    2.5697485E-02    2.4797906E-02
    2.2600000E-01    2.5656611E-02    2.4758877E-02
    2.3000000E-01    2.5615762E-02    2.4719873E-02
    2.3400000E-01    2.5574941E-02    2.4680894E-02
    2.3800000E-01    2.5534145E-02    2.4641939E-02
    2.4200000E-01    2.5493377E-02    2.4603010E-02
    2.4600000E-01    2.5452635E-02    2.4564106E-02
    2.5000000E-01    2.5411920E-02    2.4525227E-02
    2.5400000E-01    2.5371232E-02    2.4486374E-02
    2.5800000E-01    2.5330572E-02    2.4447546E-02
    2.6200000E-01    2.5289938E-02    2.4408744E-02
    2.6600000E-01    2.5249332E-02    2.4369967E-02
    2.7000000E-01    2.5208753E-02    2.4331217E-02
    2.7400000E-01    2.5168201E-02    2.4292492E-02
    2.7800000E-01    2.5127677E-02    2.4253793E-02
    2.8200000E-01    2.5087181E-02    2.4215120E-02
    2.8600000E-01    2.5046712E-02    2.4176473E-02
    2.9000000E-01    2.5006272E-02    2.4137853E-02
    2.9400000E-01    2.4965859E-02    2.4099259E-02
    2.9800000E-01    2.4925475E-02    2.4060691E-02
    3.0200000E-01    2.4885118E-02    2.4022150E-02
    3.0600000E-01    2.4844790E-02    2.3983636E-02
    3.1000000E-01    2.4804491E-02    2.3945148E-02
    3.1400000E-01    2.4764219E-02    2.3906687E-02
    3.1800000E-01    2.4723977E-02    2.3868253E-02
    3.2200000E-01    2.4683763E-02    2.3829846E-02
    3.2600000E-01    2.4643577E-02    2.3791466E-02
    3.3000000E-01    2.4603421E-02    2.3753114E-02
    3.3400000E-01    2.4563294E-02    2.3714788E-02
    3.3800000E-01    2.4523195E-02    2.3676491E-02
    3.4200000E-01    2.4483126E-02    2.3638220E-02
    3.4600000E-01    2.4443086E-02    2.3599977E-02
    3.5000000E-01    2.4403076E-02    2.3561762E-02
    3.5400000E-01    2.4363095E-02    2.3523575E-02
    3.5800000E-01    2.4323143E-02    2.3485415E-02
    3.6200000E-01    2.4283221E-02    2.3447284E-02
    3.6600000E-01    2.4243329E-02    2.3409180E-02
    3.7000000E-01    2.4203467E-02    2.3371105E-02
    3.7400000E-01    2.4163635E-02    2.3333058E-02
    3.7800000E-01    2.4123832E-02    2.3295039E-02
    3.8200000E-01    2.4084060E-02    2.3257049E-02
    3.8600000E-01    2.4044318E-02    2.3219087E-02
    3.9000000E-01    2.4004607E-02    2.3181154E-02
    3.9400000E-01    2.3964925E-02    2.3143250E-02
    3.9800000E-01    2.3925275E-02    2.3105374E-02
    4.0200000E-01    2.3885655E-02    2.3067527E-02
    4.0600000E-01    2.3846065E-02    2.3029710E-02
    4.1000000E-01    2.3806507E-02    2.2991921E-02
    4.1400000E-01    2.3766979E-02    2.2954161E-02
    4.1800000E-01    2.3727483E-02    2.2916431E-02
    4.2200000E-01    2.3688017E-02    2.2878730E-02
    4.2600000E-01    2.3648583E-02    2.2841059E-02
    4.3000000E-01    2.3609180E-02    2.2803417E-02
    4.3400000E-01    2.3569808E-02    2.2765804E-02
    4.3800000E-01    2.3530468E-02    2.2728222E-02
    4.4200000E-01    2.3491160E-02    2.2690669E-02
    4.4600000E-01    2.3451883E-02    2.2653146E-02
    4.5000000E-01    2.3412638E-02    2.2615653E-02
    4.5400000E-01    2.3373424E-02    2.2578191E-02
    4.5800000E-01    2.3334243E-02    2.2540758E-02
    4.6200000E-01    2.3295094E-02    2.2503356E-02
    4.6600000E-01    2.3255977E-02    2.2465984E-02
    4.7000000E-01    2.3216892E-02    2.2428642E-02
    4.7400000E-01    2.3177839E-02    2.2391331E-02
    4.7800000E-01    2.3138819E-02    2.2354051E-02
    4.8200000E-01    2.3099831E-02    2.2316801E-02
    4.8600000E-01    2.3060876E-02    2.2279582E-02
    4.9000000E-01    2.3021954E-02    2.2242394E-02
    4.9400000E-01    2.2983064E-02    2.2205237E-02
    4.9800000E-01    2.2944208E-02    2.2168111E-02
    5.0200000E-01    2.2905384E-02    2.2131016E-02
    5.0600000E-01    2.2866593E-02    2.2093953E-02
    5.1000000E-01    2.2827836E-02    2.2056920E-02
    5.1400000E-01    2.2789112E-02    2.2019920E-02
    5.1800000E-01    2.2750421E-02    2.1982950E-02
    5.2200000E-01    2.2711763E-02    2.1946013E-02
    5.2600000E-01    2.2673139E-02    2.1909107E-02
    5.3000000E-01    2.2634549E-02    2.1872232E-02
    5.3400000E-01    2.2595993E-02    2.1835390E-02
    5.3800000E-01    2.2557470E-02    2.1798579E-02
    5.4200000E-01    2.2518981E-02    2.1761801E-02
    5.4600000E-01    2.2480526E-02    2.1725055E-02
    5.5000000E-01    2.2442105E-02    2.1688341E-02
    5.5400000E-01    2.2403718E-02    2.1651659E-02
    5.5800000E-01    2.2365366E-02    2.1615009E-02
    5.6200000E-01    2.2327048E-02    2.1578393E-02
    5.6600000E-01    2.2288764E-02    2.1541808E-02
    5.7000000E-01    2.2250515E-02    2.1505256E-02
    5.7400000E-01    2.2212301E-02    2.1468737E-02
    5.7800000E-01    2.2174121E-02    2.1432251E-02
    5.8200000E-01    2.2135976E-02    2.1395798E-02
    5.8600000E-01    2.2097865E-02    2.1359377E-02
    5.9000000E-01    2.2059790E-02    2.1322990E-02
    5.9400000E-01    2.2021750E-02    2.1286636E-02
    5.9800000E-01    2.1983745E-02    2.1250315E-02
    6.0200000E-01    2.1945775E-02    2.1214027E-02
    6.0600000E-01    2.1907841E-02    2.1177773E-02
    6.1000000E-01    2.1869941E-02    2.1141553E-02
    6.1400000E-01    2.1832078E-02    2.1105365E-02
    6.1800000E-01    2.1794250E-02    2.1069212E-02
    6.2200000E-01    2.1756457E-02    2.1033092E-02
    6.2600000E-01    2.1718701E-02    2.0997006E-02
    6.3000000E-01    2.1680980E-02    2.0960954E-02
    6.3400000E-01    2.1643295E-02    2.0924936E-02
    6.3800000E-01    2.1605646E-02    2.0888952E-02
    6.4200000E-01    2.1568033E-02    2.0853002E-02
    6.4600000E-01    2.1530456E-02    2.0817086E-02
    6.5000000E-01    2.1492916E-02    2.0781205E-02
    6.5400000E-01    2.1455412E-02    2.0745358E-02
    6.5800000E-01    2.1417944E-02    2.0709546E-02
    6.6200000E-01    2.1380513E-02    2.0673768E-02
    6.6600000E-01    2.1343118E-02    2.0638024E-02
    6.7000000E-01    2.1305761E-02    2.0602316E-02
    6.7400000E-01    2.1268439E-02    2.0566642E-02
    6.7800000E-01    2.1231155E-02    2.0531003E-02
    6.8200000E-01    2.1193908E-02    2.0495399E-02
    6.8600000E-01    2.1156697E-02    2.0459830E-02
    6.9000000E-01    2.1119524E-02    2.0424297E-02
    6.9400000E-01    2.1082388E-02    2.0388798E-02
    6.9800000E-01    2.1045289E-02    2.0353335E-02
    7.0200000E-01    2.1008228E-02    2.0317907E-02
    7.0600000E-01    2.0971204E-02    2.0282514E-02
    7.1000000E-01    2.0934217E-02    2.0247157E-02
    7.1400000E-01    2.0897268E-02    2.0211835E-02
    7.1800000E-01    2.0860357E-02    2.0176550E-02
    7.2200000E-01    2.0823483E-02    2.0141300E-02
    7.2600000E-01    2.0786648E-02    2.0106085E-02
    7.3000000E-01    2.0749850E-02    2.0070907E-02
    7.3400000E-01    2.0713090E-02    2.0035765E-02
    7.3800000E-01    2.0676368E-02    2.0000658E-02
    7.4200000E-01    2.0639684E-02    1.9965588E-02
    7.4600000E-01    2.0603039E-02    1.9930554E-02
    7.5000000E-01    2.0566432E-02    1.9895556E-02
    7.5400000E-01    2.0529863E-02    1.9860595E-02
    7.5800000E-01    2.0493333E-02    1.9825670E-02
    7.6200000E-01    2.0456841E-02    1.9790782E-02
    7.6600000E-01    2.0420388E-02    1.9755930E-02
    7.7000000E-01    2.0383974E-02    1.9721115E-02
    7.7400000E-01    2.0347598E-02    1.9686336E-02
    7.7800000E-01    2.0311261E-02    1.9651595E-02
    7.8200000E-01    2.0274963E-02    1.9616890E-02
    7.8600000E-01    2.0238705E-02    1.9582222E-02
    7.9000000E-01    2.0202485E-02    1.9547591E-02
    7.9400000E-01    2.0166304E-02    1.9512998E-02
    7.9800000E-01    2.0130163E-02    1.9478441E-02
    8.0200000E-01    2.0094061E-02    1.9443922E-02
    8.0600000E-01    2.0057998E-02    1.9409440E-02
    8.1000000E-01    2.0021975E-02    1.9374995E-02
    8.1400000E-01    1.9985991E-02    1.9340588E-02
    8.1800000E-01    1.9950047E-02    1.9306219E-02
    8.2200000E-01    1.9914143E-02    1.9271887E-02
    8.2600000E-01    1.9878278E-02    1.9237592E-02
    8.3000000E-01    1.9842453E-02    1.9203336E-02
    8.3400000E-01    1.9806668E-02    1.9169117E-02
    8.3800000E-01    1.9770923E-02    1.9134936E-02
    8.4200000E-01    1.9735218E-02    1.9100794E-02
    8.4600000E-01    1.9699554E-02    1.9066689E-02
    8.5000000E-01    1.9663929E-02    1.9032622E-02
    8.5400000E-01    1.9628345E-02    1.8998594E-02
    8.5800000E-01    1.9592801E-02    1.8964603E-02
    8.6200000E-01    1.9557297E-02    1.8930652E-02
    8.6600000E-01    1.9521834E-02    1.8896738E-02
    8.7000000E-01    1.9486412E-02    1.8862863E-02
    8.7400000E-01    1.9451030E-02    1.8829026E-02
    8.7800000E-01    1.9415689E-02    1.8795228E-02
    8.8200000E-01    1.9380388E-02    1.8761469E-02
    8.8600000E-01    1.9345129E-02    1.8727748E-02
    8.9000000E-01    1.9309910E-02    1.8694066E-02
    8.9400000E-01    1.9274733E-02    1.8660423E-02
    8.9800000E-01    1.9239596E-02    1.8626819E-02
    9.0200000E-01    1.9204501E-02    1.8593254E-02
    9.0600000E-01    1.9169446E-02    1.8559728E-02
    9.1000000E-01    1.9134433E-02    1.8526241E-02
    9.1400000E-01    1.9099462E-02    1.8492794E-02
    9.1800000E-01    1.9064531E-02    1.8459385E-02
    9.2200000E-01    1.9029642E-02    1.8426016E-02
    9.2600000E-01    1.8994795E-02    1.8392687E-02
    9.3000000E-01    1.8959989E-02    1.8359396E-02
    9.3400000E-01    1.8925225E-02    1.8326146E-02
    9.3800000E-01    1.8890503E-02    1.8292934E-02
    9.4200000E-01    1.8855822E-02    1.8259763E-02
    9.4600000E-01    1.8821184E-02    1.8226631E-02
    9.5000000E-01    1.8786587E-02    1.8193539E-02
    9.5400000E-01    1.8752032E-02    1.8160487E-02
    9.5800000E-01    1.8717519E-02    1.8127474E-02
    9.6200000E-01    1.8683049E-02    1.8094502E-02
    9.6600000E-01    1.8648620E-02    1.8061570E-02
    9.7000000E-01    1.8614234E-02    1.8028678E-02
    9.7400000E-01    1.8579890E-02    1.7995826E-02
    9.7800000E-01    1.8545589E-02    1.7963014E-02
    9.8200000E-01    1.8511330E-02    1.7930242E-02
    9.8600000E-01    1.8477113E-02    1.7897511E-02
    9.9000000E-01    1.8442940E-02    1.7864820E-02
    9.9400000E-01    1.8408808E-02    1.7832169E-02
    9.9800000E-01    1.8374720E-02    1.7799560E-02
    1.0020000E+00    1.8340674E-02    1.7766990E-02
    1.0060000E+00    1.8306671E-02    1.7734461E-02
    1.0100000E+00    1.8272711E-02    1.7701973E-02
    1.0140000E+00    1.8238793E-02    1.7669526E-02
    1.0180000E+00    1.8204919E-02    1.7637120E-02
    1.0220000E+00    1.8171088E-02    1.7604754E-02
    1.0260000E+00    1.8137300E-02    1.7572430E-02
    1.0300000E+00    1.8103555E-02    1.7540146E-02
    1.0340000E+00    1.8069854E-02    1.7507903E-02
    1.0380000E+00    1.8036195E-02    1.7475702E-02
    1.0420000E+00    1.8002580E-02    1.7443541E-02
    1.0460000E+00    1.7969009E-02    1.7411422E-02
    1.0500000E+00    1.7935481E-02    1.7379344E-02
    1.0540000E+00    1.7901996E-02    1.7347308E-02
    1.0580000E+00    1.7868555E-02    1.7315313E-02
    1.0620000E+00    1.7835158E-02    1.7283359E-02
    1.0660000E+00    1.7801804E-02    1.7251447E-02
    1.0700000E+00    1.7768495E-02    1.7219576E-02
    1.0740000E+00    1.7735229E-02    1.7187747E-02
    1.0780000E+00    1.7702007E-02    1.7155960E-02
    1.0820000E+00    1.7668828E-02    1.7124214E-02
    1.0860000E+00    1.7635694E-02    1.7092510E-02
    1.0900000E+00    1.7602604E-02    1.7060848E-02
    1.0940000E+00    1.7569558E-02    1.7029228E-02
    1.0980000E+00    1.7536556E-02    1.6997649E-02
    1.1020000E+00    1.7503599E-02    1.6966113E-02
    1.1060000E+00    1.7470685E-02    1.6934619E-02
    1.1100000E+00    1.7437816E-02    1.6903167E-02
    1.1140000E+00    1.7404992E-02    1.6871757E-02
    1.1180000E+00    1.7372211E-02    1.6840389E-02
    1.1220000E+00    1.7339476E-02    1.6809063E-02
    1.1260000E+00    1.7306785E-02    1.6777780E-02
    1.1300000E+00    1.7274138E-02    1.6746539E-02
    1.1340000E+00    1.7241536E-02    1.6715340E-02
    1.1380000E+00    1.7208979E-02    1.6684184E-02
    1.1420000E+00    1.7176466E-02    1.6653071E-02
    1.1460000E+00    1.7143998E-02    1.6622000E-02
    1.1500000E+00    1.7111575E-02    1.6590971E-02
    1.1540000E+00    1.7079197E-02    1.6559985E-02
    1.1580000E+00    1.7046864E-02    1.6529042E-02
    1.1620000E+00    1.7014576E-02    1.6498142E-02
    1.1660000E+00    1.6982333E-02    1.6467284E-02
    1.1700000E+00    1.6950135E-02    1.6436469E-02
    1.1740000E+00    1.6917983E-02    1.6405698E-02
    1.1780000E+00    1.6885875E-02    1.6374969E-02
    1.1820000E+00    1.6853813E-02    1.6344283E-02
    1.1860000E+00    1.6821796E-02    1.6313640E-02
    1.1900000E+00    1.6789824E-02    1.6283040E-02
    1.1940000E+00    1.6757898E-02    1.6252483E-02
    1.1980000E+00    1.6726017E-02    1.6221970E-02
    1.2020000E+00    1.6694181E-02    1.6191500E-02
    1.2060000E+00    1.6662391E-02    1.6161073E-02
    1.2100000E+00    1.6630647E-02    1.6130689E-02
    1.2140000E+00    1.6598948E-02    1.6100348E-02
    1.2180000E+00    1.6567296E-02    1.6070052E-02
    1.2220000E+00    1.6535688E-02    1.6039798E-02
    1.2260000E+00    1.6504127E-02    1.6009588E-02
    1.2300000E+00    1.6472611E-02    1.5979421E-02
    1.2340000E+00    1.6441141E-02    1.5949298E-02
    1.2380000E+00    1.6409717E-02    1.5919219E-02
    1.2420000E+00    1.6378339E-02    1.5889184E-02
    1.2460000E+00    1.6347007E-02    1.5859192E-02
    1.2500000E+00    1.6315721E-02    1.5829243E-02
    1.2540000E+00    1.6284481E-02    1.5799339E-02
    1.2580000E+00    1.6253287E-02    1.5769478E-02
    1.2620000E+00    1.6222140E-02    1.5739662E-02
    1.2660000E+00    1.6191038E-02    1.5709889E-02
    1.2700000E+00    1.6159983E-02    1.5680160E-02
    1.2740000E+00    1.6128974E-02    1.5650475E-02
    1.2780000E+00    1.6098011E-02    1.5620834E-02
    1.2820000E+00    1.6067095E-02    1.5591238E-02
    1.2860000E+00    1.6036225E-02    1.5561685E-02
    1.2900000E+00    1.6005402E-02    1.5532176E-02
    1.2940000E+00    1.5974625E-02    1.5502712E-02
    1.2980000E+00    1.5943895E-02    1.5473292E-02
    1.3020000E+00    1.5913211E-02    1.5443916E-02
    1.3060000E+00    1.5882574E-02    1.5414585E-02
    1.3100000E+00    1.5851983E-02    1.5385298E-02
    1.3140000E+00    1.5821439E-02    1.5356055E-02
    1.3180000E+00    1.5790942E-02    1.5326857E-02
    1.3220000E+00    1.5760492E-02    1.5297703E-02
    1.3260000E+00    1.5730088E-02    1.5268594E-02
    1.3300000E+00    1.5699731E-02    1.5239529E-02
    1.3340000E+00    1.5669421E-02    1.5210508E-02
    1.3380000E+00    1.5639158E-02    1.5181533E-02
    1.3420000E+00    1.5608942E-02    1.5152602E-02
    1.3460000E+00    1.5578773E-02    1.5123716E-02
    1.3500000E+00    1.5548651E-02    1.5094874E-02
    1.3540000E+00    1.5518576E-02    1.5066077E-02
    1.3580000E+00    1.5488548E-02    1.5037325E-02
    1.3620000E+00    1.5458567E-02    1.5008618E-02
    1.3660000E+00    1.5428634E-02    1.4979955E-02
    1.3700000E+00    1.5398747E-02    1.4951338E-02
    1.3740000E+00    1.5368908E-02    1.4922765E-02
    1.3780000E+00    1.5339116E-02    1.4894238E-02
    1.3820000E+00    1.5309372E-02    1.4865755E-02
    1.3860000E+00    1.5279674E-02    1.4837318E-02
    1.3900000E+00    1.5250024E-02    1.4808925E-02
    1.3940000E+00    1.5220422E-02    1.4780577E-02
    1.3980000E+00    1.5190867E-02    1.4752275E-02
    1.4020000E+00    1.5161359E-02    1.4724018E-02
    1.4060000E+00    1.5131899E-02    1.4695806E-02
    1.4100000E+00    1.5102486E-02    1.4667639E-02
    1.4140000E+00    1.5073121E-02    1.4639517E-02
    1.4180000E+00    1.5043804E-02    1.4611441E-02
    1.4220000E+00    1.5014534E-02    1.4583410E-02
    1.4260000E+00    1.4985312E-02    1.4555424E-02
    1.4300000E+00    1.4956137E-02    1.4527484E-02
    1.4340000E+00    1.4927010E-02    1.4499589E-02
    1.4380000E+00    1.4897931E-02    1.4471740E-02
    1.4420000E+00    1.4868900E-02    1.4443936E-02
    1.4460000E+00    1.4839916E-02    1.4416177E-02
    1.4500000E+00    1.4810980E-02    1.4388464E-02
    1.4540000E+00    1.4782093E-02    1.4360797E-02
    1.4580000E+00    1.4753253E-02    1.4333175E-02
    1.4620000E+00    1.4724460E-02    1.4305598E-02
    1.4660000E+00    1.4695716E-02    1.4278067E-02
    1.4700000E+00    1.4667020E-02    1.4250582E-02
    1.4740000E+00    1.4638372E-02    1.4223143E-02
    1.4780000E+00    1.4609772E-02    1.4195749E-02
    1.4820000E+00    1.4581220E-02    1.4168401E-02
    1.4860000E+00    1.4552716E-02    1.4141099E-02
    1.4900000E+00    1.4524260E-02    1.4113842E-02
    1.4940000E+00    1.4495852E-02    1.4086631E-02
    1.4980000E+00    1.4467492E-02    1.4059467E-02
    1.5020000E+00    1.4439180E-02    1.4032348E-02
    1.5060000E+00    1.4410917E-02    1.4005274E-02
    1.5100000E+00    1.4382702E-02    1.3978247E-02
    1.5140000E+00    1.4354535E-02    1.3951266E-02
    1.5180000E+00    1.4326416E-02    1.3924330E-02
    1.5220000E+00    1.4298346E-02    1.3897441E-02
    1.5260000E+00    1.4270324E-02    1.3870597E-02
    1.5300000E+00    1.4242350E-02    1.3843800E-02
    1.5340000E+00    1.4214425E-02    1.3817049E-02
    1.5380000E+00    1.4186548E-02    1.3790343E-02
    1.5420000E+00    1.4158720E-02    1.3763684E-02
    1.5460000E+00    1.4130939E-02    1.3737071E-02
    1.5500000E+00    1.4103208E-02    1.3710504E-02
    1.5540000E+00    1.4075525E-02    1.3683983E-02
    1.5580000E+00    1.4047890E-02    1.3657508E-02
    1.5620000E+00    1.4020304E-02    1.3631080E-02
    1.5660000E+00    1.3992766E-02    1.3604697E-02
    1.5700000E+00    1.3965277E-02    1.3578361E-02
    1.5740000E+00    1.3937836E-02    1.3552071E-02
    1.5780000E+00    1.3910444E-02    1.3525828E-02
    1.5820000E+00    1.3883101E-02    1.3499631E-02
    1.5860000E+00    1.3855806E-02    1.3473480E-02
    1.5900000E+00    1.3828560E-02    1.3447375E-02
    1.5940000E+00    1.3801363E-02    1.3421317E-02
    1.5980000E+00    1.3774214E-02    1.3395305E-02
    1.6020000E+00    1.3747114E-02    1.3369339E-02
    1.6060000E+00    1.3720062E-02    1.3343420E-02
    1.6100000E+00    1.3693060E-02    1.3317547E-02
    1.6140000E+00    1.3666106E-02    1.3291721E-02
    1.6180000E+00    1.3639201E-02    1.3265941E-02
    1.6220000E+00    1.3612344E-02    1.3240207E-02
    1.6260000E+00    1.3585537E-02    1.3214520E-02
    1.6300000E+00    1.3558778E-02    1.3188880E-02
    1.6340000E+00    1.3532068E-02    1.3163286E-02
    1.6380000E+00    1.3505407E-02    1.3137738E-02
    1.6420000E+00    1.3478795E-02    1.3112238E-02
    1.6460000E+00    1.3452232E-02    1.3086783E-02
    1.6500000E+00    1.3425718E-02    1.3061376E-02
    1.6540000E+00    1.3399252E-02    1.3036014E-02
    1.6580000E+00    1.3372836E-02    1.3010700E-02
    1.6620000E+00    1.3346468E-02    1.2985432E-02
    1.6660000E+00    1.3320149E-02    1.2960211E-02
    1.6700000E+00    1.3293880E-02    1.2935036E-02
    1.6740000E+00    1.3267659E-02    1.2909908E-02
    1.6780000E+00    1.3241487E-02    1.2884827E-02
    1.6820000E+00    1.3215364E-02    1.2859792E-02
    1.6860000E+00    1.3189291E-02    1.2834804E-02
    1.6900000E+00    1.3163266E-02    1.2809863E-02
    1.6940000E+00    1.3137290E-02    1.2784968E-02
    1.6980000E+00    1.3111363E-02    1.2760120E-02
    1.7020000E+00    1.3085486E-02    1.2735319E-02
    1.7060000E+00    1.3059657E-02    1.2710565E-02
    1.7100000E+00    1.3033878E-02    1.2685858E-02
    1.7140000E+00    1.3008148E-02    1.2661197E-02
    1.7180000E+00    1.2982466E-02    1.2636583E-02
    1.7220000E+00    1.2956834E-02    1.2612016E-02
    1.7260000E+00    1.2931251E-02    1.2587495E-02
    1.7300000E+00    1.2905717E-02    1.2563022E-02
    1.7340000E+00    1.2880233E-02    1.2538595E-02
    1.7380000E+00    1.2854797E-02    1.2514215E-02
    1.7420000E+00    1.2829410E-02    1.2489882E-02
    1.7460000E+00    1.2804073E-02    1.2465596E-02
    1.7500000E+00    1.2778785E-02    1.2441357E-02
    1.7540000E+00    1.2753546E-02    1.2417164E-02
    1.7580000E+00    1.2728356E-02    1.2393019E-02
    1.7620000E+00    1.2703216E-02    1.2368920E-02
    1.7660000E+00    1.2678124E-02    1.2344868E-02
    1.7700000E+00    1.2653082E-02    1.2320864E-02
    1.7740000E+00    1.2628089E-02    1.2296906E-02
    1.7780000E+00    1.2603145E-02    1.2272995E-02
    1.7820000E+00    1.2578251E-02    1.2249131E-02
    1.7860000E+00    1.2553406E-02    1.2225313E-02
    1.7900000E+00    1.2528610E-02    1.2201543E-02
    1.7940000E+00    1.2503863E-02    1.2177820E-02
    1.7980000E+00    1.2479165E-02    1.2154144E-02
    1.8020000E+00    1.2454517E-02    1.2130514E-02
    1.8060000E+00    1.2429918E-02    1.2106932E-02
    1.8100000E+00    1.2405368E-02    1.2083397E-02
    1.8140000E+00    1.2380868E-02    1.2059908E-02
    1.8180000E+00    1.2356416E-02    1.2036467E-02
    1.8220000E+00    1.2332015E-02    1.2013072E-02
    1.8260000E+00    1.2307662E-02    1.1989725E-02
    1.8300000E+00    1.2283358E-02    1.1966424E-02
    1.8340000E+00    1.2259104E-02    1.1943171E-02
    1.8380000E+00    1.2234899E-02    1.1919964E-02
    1.8420000E+00    1.2210744E-02    1.1896805E-02
    1.8460000E+00    1.2186638E-02    1.1873692E-02
    1.8500000E+00    1.2162581E-02    1.1850627E-02
    1.8540000E+00    1.2138573E-02    1.1827608E-02
    1.8580000E+00    1.2114615E-02    1.1804637E-02
    1.8620000E+00    1.2090706E-02    1.1781712E-02
    1.8660000E+00    1.2066846E-02    1.1758835E-02
    1.8700000E+00    1.2043035E-02    1.1736004E-02
    1.8740000E+00    1.2019274E-02    1.1713221E-02
    1.8780000E+00    1.1995562E-02    1.1690484E-02
    1.8820000E+00    1.1971900E-02    1.1667795E-02
    1.8860000E+00    1.1948286E-02    1.1645153E-02
    1.8900000E+00    1.1924722E-02    1.1622557E-02
    1.8940000E+00    1.1901208E-02    1.1600009E-02
    1.8980000E+00    1.1877742E-02    1.1577508E-02
    1.9020000E+00    1.1854326E-02    1.1555054E-02
    1.9060000E+00    1.1830960E-02    1.1532647E-02
    1.9100000E+00    1.1807642E-02    1.1510286E-02
    1.9140000E+00    1.1784374E-02    1.1487973E-02
    1.9180000E+00    1.1761155E-02    1.1465707E-02
    1.9220000E+00    1.1737985E-02    1.1443488E-02
    1.9260000E+00    1.1714865E-02    1.1421316E-02
    1.9300000E+00    1.1691794E-02    1.1399191E-02
    1.9340000E+00    1.1668772E-02    1.1377113E-02
    1.9380000E+00    1.1645800E-02    1.1355082E-02
    1.9420000E+00    1.1622877E-02    1.1333098E-02
    1.9460000E+00    1.1600003E-02    1.1311161E-02
    1.9500000E+00    1.1577178E-02    1.1289271E-02
    1.9540000E+00    1.1554403E-02    1.1267428E-02
    1.9580000E+00    1.1531677E-02    1.1245632E-02
    1.9620000E+00    1.1509000E-02    1.1223883E-02
    1.9660000E+00    1.1486372E-02    1.1202181E-02
    1.9700000E+00    1.1463794E-02    1.1180526E-02
    1.9740000E+00    1.1441265E-02    1.1158918E-02
    1.9780000E+00    1.1418785E-02    1.1137357E-02
    1.9820000E+00    1.1396354E-02    1.1115843E-02
    1.9860000E+00    1.1373973E-02    1.1094376E-02
    1.9900000E+00    1.1351641E-02    1.1072956E-02
    1.9940000E+00    1.1329358E-02    1.1051583E-02
    1.9980000E+00    1.1307124E-02    1.1030257E-02
    2.0020000E+00    1.1284940E-02    1.1008978E-02
    2.0060000E+00    1.1262804E-02    1.0987746E-02
    2.0100000E+00    1.1240718E-02    1.0966561E-02
    2.0140000E+00    1.1218681E-02    1.0945423E-02
    2.0180000E+00    1.1196693E-02    1.0924331E-02
    2.0220000E+00    1.1174755E-02    1.0903287E-02
    2.0260000E+00    1.1152865E-02    1.0882290E-02
    2.0300000E+00    1.1131025E-02    1.0861339E-02
    2.0340000E+00    1.1109234E-02    1.0840436E-02
    2.0380000E+00    1.1087492E-02    1.0819579E-02
    2.0420000E+00    1.1065799E-02    1.0798769E-02
    2.0460000E+00    1.1044156E-02    1.0778006E-02
    2.0500000E+00    1.1022561E-02    1.0757291E-02
    2.0540000E+00    1.1001015E-02    1.0736622E-02
    2.0580000E+00    1.0979519E-02    1.0715999E-02
    2.0620000E+00    1.0958072E-02    1.0695424E-02
    2.0660000E+00    1.0936674E-02    1.0674896E-02
    2.0700000E+00    1.0915325E-02    1.0654414E-02
    2.0740000E+00    1.0894024E-02    1.0633979E-02
    2.0780000E+00    1.0872773E-02    1.0613591E-02
    2.0820000E+00    1.0851572E-02    1.0593250E-02
    2.0860000E+00    1.0830419E-02    1.0572956E-02
    2.0900000E+00    1.0809315E-02    1.0552709E-02
    2.0940000E+00    1.0788260E-02    1.0532508E-02
    2.0980000E+00    1.0767254E-02    1.0512354E-02
    2.1020000E+00    1.0746297E-02    1.0492247E-02
    2.1060000E+00    1.0725389E-02    1.0472187E-02
    2.1100000E+00    1.0704530E-02    1.0452174E-02
    2.1140000E+00    1.0683720E-02    1.0432207E-02
    2.1180000E+00    1.0662959E-02    1.0412287E-02
    2.1220000E+00    1.0642247E-02    1.0392414E-02
    2.1260000E+00    1.0621584E-02    1.0372587E-02
    2.1300000E+00    1.0600970E-02    1.0352807E-02
    2.1340000E+00    1.0580404E-02    1.0333074E-02
    2.1380000E+00    1.0559888E-02    1.0313388E-02
    2.1420000E+00    1.0539420E-02    1.0293748E-02
    2.1460000E+00    1.0519002E-02    1.0274155E-02
    2.1500000E+00    1.0498632E-02    1.0254609E-02
    2.1540000E+00    1.0478311E-02    1.0235109E-02
    2.1580000E+00    1.0458039E-02    1.0215656E-02
    2.1620000E+00    1.0437815E-02    1.0196250E-02
    2.1660000E+00    1.0417641E-02    1.0176890E-02
    2.1700000E+00    1.0397515E-02    1.0157577E-02
    2.1740000E+00    1.0377438E-02    1.0138310E-02
    2.1780000E+00    1.0357410E-02    1.0119090E-02
    2.1820000E+00    1.0337430E-02    1.0099917E-02
    2.1860000E+00    1.0317499E-02    1.0080790E-02
    2.1900000E+00    1.0297617E-02    1.0061709E-02
    2.1940000E+00    1.0277784E-02    1.0042675E-02
    2.1980000E+00    1.0257999E-02    1.0023688E-02
    2.2020000E+00    1.0238263E-02    1.0004747E-02
    2.2060000E+00    1.0218576E-02    9.9858530E-03
    2.2100000E+00    1.0198937E-02    9.9670052E-03
    2.2140000E+00    1.0179347E-02    9.9482038E-03
    2.2180000E+00    1.0159805E-02    9.9294489E-03
    2.2220000E+00    1.0140312E-02    9.9107405E-03
    2.2260000E+00    1.0120868E-02    9.8920784E-03
    2.2300000E+00    1.0101472E-02    9.8734628E-03
    2.2340000E+00    1.0082125E-02    9.8548935E-03
    2.2380000E+00    1.0062826E-02    9.8363707E-03
    2.2420000E+00    1.0043576E-02    9.8178942E-03
    2.2460000E+00    1.0024375E-02    9.7994641E-03
    2.2500000E+00    1.0005221E-02    9.7810802E-03
    2.2540000E+00    9.9861166E-03    9.7627428E-03
    2.2580000E+00    9.9670604E-03    9.7444516E-03
    2.2620000E+00    9.9480525E-03    9.7262067E-03
    2.2660000E+00    9.9290931E-03    9.7080081E-03
    2.2700000E+00    9.9101821E-03    9.6898558E-03
    2.2740000E+00    9.8913194E-03    9.6717497E-03
    2.2780000E+00    9.8725051E-03    9.6536899E-03
    2.2820000E+00    9.8537392E-03    9.6356762E-03
    2.2860000E+00    9.8350216E-03    9.6177088E-03
    2.2900000E+00    9.8163523E-03    9.5997875E-03
    2.2940000E+00    9.7977313E-03    9.5819124E-03
    2.2980000E+00    9.7791585E-03    9.5640835E-03
    2.3020000E+00    9.7606341E-03    9.5463007E-03
    2.3060000E+00    9.7421578E-03    9.5285640E-03
    2.3100000E+00    9.7237298E-03    9.5108734E-03
    2.3140000E+00    9.7053500E-03    9.4932289E-03
    2.3180000E+00    9.6870183E-03    9.4756305E-03
    2.3220000E+00    9.6687349E-03    9.4580781E-03
    2.3260000E+00    9.6504995E-03    9.4405718E-03
    2.3300000E+00    9.6323123E-03    9.4231115E-03
    2.3340000E+00    9.6141732E-03    9.4056972E-03
    2.3380000E+00    9.5960822E-03    9.3883288E-03
    2.3420000E+00    9.5780393E-03    9.3710064E-03
    2.3460000E+00    9.5600444E-03    9.3537300E-03
    2.3500000E+00    9.5420975E-03    9.3364995E-03
    2.3540000E+00    9.5241986E-03    9.3193150E-03
    2.3580000E+00    9.5063478E-03    9.3021763E-03
    2.3620000E+00    9.4885449E-03    9.2850835E-03
    2.3660000E+00    9.4707899E-03    9.2680365E-03
    2.3700000E+00    9.4530829E-03    9.2510354E-03
    2.3740000E+00    9.4354238E-03    9.2340801E-03
    2.3780000E+00    9.4178126E-03    9.2171706E-03
    2.3820000E+00    9.4002492E-03    9.2003069E-03
    2.3860000E+00    9.3827337E-03    9.1834890E-03
    2.3900000E+00    9.3652660E-03    9.1667168E-03
    2.3940000E+00    9.3478461E-03    9.1499904E-03
    2.3980000E+00    9.3304741E-03    9.1333096E-03
    2.4020000E+00    9.3131497E-03    9.1166746E-03
    2.4060000E+00    9.2958731E-03    9.1000852E-03
    2.4100000E+00    9.2786443E-03    9.0835415E-03
    2.4140000E+00    9.2614631E-03    9.0670434E-03
    2.4180000E+00    9.2443296E-03    9.0505909E-03
    2.4220000E+00    9.2272438E-03    9.0341840E-03
    2.4260000E+00    9.2102056E-03    9.0178227E-03
    2.4300000E+00    9.1932151E-03    9.0015069E-03
    2.4340000E+00    9.1762721E-03    8.9852367E-03
    2.4380000E+00    9.1593767E-03    8.9690120E-03
    2.4420000E+00    9.1425288E-03    8.9528328E-03
    2.4460000E+00    9.1257285E-03    8.9366991E-03
    2.4500000E+00    9.1089757E-03    8.9206108E-03
    2.4540000E+00    9.0922704E-03    8.9045680E-03
    2.4580000E+00    9.0756125E-03    8.8885706E-03
    2.4620000E+00    9.0590020E-03    8.8726185E-03
    2.4660000E+00    9.0424390E-03    8.8567119E-03
    2.4700000E+00    9.0259234E-03    8.8408506E-03
    2.4740000E+00    9.0094551E-03    8.8250346E-03
    2.4780000E+00    8.9930342E-03    8.8092640E-03
    2.4820000E+00    8.9766607E-03    8.7935386E-03
    2.4860000E+00    8.9603344E-03    8.7778586E-03
    2.4900000E+00    8.9440554E-03    8.7622237E-03
    2.4940000E+00    8.9278237E-03    8.7466341E-03
    2.4980000E+00    8.9116391E-03    8.7310897E-03
    2.5020000E+00    8.8955019E-03    8.7155905E-03
    2.5060000E+00    8.8794118E-03    8.7001365E-03
    2.5100000E+00    8.8633688E-03    8.6847276E-03
    2.5140000E+00    8.8473730E-03    8.6693638E-03
    2.5180000E+00    8.8314244E-03    8.6540452E-03
    2.5220000E+00    8.8155228E-03    8.6387716E-03
    2.5260000E+00    8.7996683E-03    8.6235431E-03
    2.5300000E+00    8.7838608E-03    8.6083596E-03
    2.5340000E+00    8.7681004E-03    8.5932211E-03
    2.5380000E+00    8.7523869E-03    8.5781277E-03
    2.5420000E+00    8.7367205E-03    8.5630792E-03
    2.5460000E+00    8.7211010E-03    8.5480756E-03
    2.5500000E+00    8.7055284E-03    8.5331170E-03
    2.5540000E+00    8.6900028E-03    8.5182033E-03
    2.5580000E+00    8.6745240E-03    8.5033345E-03
    2.5620000E+00    8.6590920E-03    8.4885106E-03
    2.5660000E+00    8.6437069E-03    8.4737314E-03
    2.5700000E+00    8.6283687E-03    8.4589972E-03
    2.5740000E+00    8.6130772E-03    8.4443077E-03
    2.5780000E+00    8.5978324E-03    8.4296630E-03
    2.5820000E+00    8.5826344E-03    8.4150630E-03
    2.5860000E+00    8.5674831E-03    8.4005078E-03
    2.5900000E+00    8.5523785E-03    8.3859972E-03
    2.5940000E+00    8.5373206E-03    8.3715314E-03
    2.5980000E+00    8.5223093E-03    8.3571102E-03
    2.6020000E+00    8.5073446E-03    8.3427337E-03
    2.6060000E+00    8.4924265E-03    8.3284018E-03
    2.6100000E+00    8.4775550E-03    8.3141145E-03
    2.6140000E+00    8.4627300E-03    8.2998717E-03
    2.6180000E+00    8.4479515E-03    8.2856735E-03
    2.6220000E+00    8.4332195E-03    8.2715199E-03
    2.6260000E+00    8.4185340E-03    8.2574107E-03
    2.6300000E+00    8.4038949E-03    8.2433460E-03
    2.6340000E+00    8.3893022E-03    8.2293258E-03
    2.6380000E+00    8.3747560E-03    8.2153500E-03
    2.6420000E+00    8.3602561E-03    8.2014187E-03
    2.6460000E+00    8.3458025E-03    8.1875317E-03
    2.6500000E+00    8.3313952E-03    8.1736891E-03
    2.6540000E+00    8.3170343E-03    8.1598908E-03
    2.6580000E+00    8.3027196E-03    8.1461369E-03
    2.6620000E+00    8.2884511E-03    8.1324272E-03
    2.6660000E+00    8.2742289E-03    8.1187618E-03
    2.6700000E+00    8.2600528E-03    8.1051407E-03
    2.6740000E+00    8.2459229E-03    8.0915638E-03
    2.6780000E+00    8.2318392E-03    8.0780311E-03
    2.6820000E+00    8.2178015E-03    8.0645426E-03
    2.6860000E+00    8.2038100E-03    8.0510983E-03
    2.6900000E+00    8.1898645E-03    8.0376981E-03
    2.6940000E+00    8.1759651E-03    8.0243420E-03
    2.6980000E+00    8.1621116E-03    8.0110300E-03
    2.7020000E+00    8.1483042E-03    7.9977620E-03
    2.7060000E+00    8.1345427E-03    7.9845381E-03
    2.7100000E+00    8.1208271E-03    7.9713582E-03
    2.7140000E+00    8.1071575E-03    7.9582223E-03
    2.7180000E+00    8.0935337E-03    7.9451304E-03
    2.7220000E+00    8.0799558E-03    7.9320824E-03
    2.7260000E+00    8.0664237E-03    7.9190783E-03
    2.7300000E+00    8.0529374E-03    7.9061182E-03
    2.7340000E+00    8.0394970E-03    7.8932019E-03
    2.7380000E+00    8.0261022E-03    7.8803295E-03
    2.7420000E+00    8.0127532E-03    7.8675009E-03
    2.7460000E+00    7.9994499E-03    7.8547161E-03
    2.7500000E+00    7.9861923E-03    7.8419750E-03
    2.7540000E+00    7.9729803E-03    7.8292778E-03
    2.7580000E+00    7.9598140E-03    7.8166243E-03
    2.7620000E+00    7.9466933E-03    7.8040144E-03
    2.7660000E+00    7.9336181E-03    7.7914483E-03
    2.7700000E+00    7.9205885E-03    7.7789258E-03
    2.7740000E+00    7.9076044E-03    7.7664470E-03
    2.7780000E+00    7.8946658E-03    7.7540118E-03
    2.7820000E+00    7.8817727E-03    7.7416202E-03
    2.7860000E+00    7.8689250E-03    7.7292721E-03
    2.7900000E+00    7.8561227E-03    7.7169676E-03
    2.7940000E+00    7.8433659E-03    7.7047066E-03
    2.7980000E+00    7.8306544E-03    7.6924891E-03
    2.8020000E+00    7.8179882E-03    7.6803151E-03
    2.8060000E+00    7.8053674E-03    7.6681845E-03
    2.8100000E+00    7.7927919E-03    7.6560973E-03
    2.8140000E+00    7.7802616E-03    7.6440536E-03
    2.8180000E+00    7.7677765E-03    7.6320532E-03
    2.8220000E+00    7.7553367E-03    7.6200962E-03
    2.8260000E+00    7.7429421E-03    7.6081825E-03
    2.8300000E+00    7.7305926E-03    7.5963121E-03
    2.8340000E+00    7.7182883E-03    7.5844850E-03
    2.8380000E+00    7.7060290E-03    7.5727011E-03
    2.8420000E+00    7.6938149E-03    7.5609605E-03
    2.8460000E+00    7.6816458E-03    7.5492631E-03
    2.8500000E+00    7.6695217E-03    7.5376089E-03
    2.8540000E+00    7.6574427E-03    7.5259978E-03
    2.8580000E+00    7.6454086E-03    7.5144299E-03
    2.8620000E+00    7.6334195E-03    7.5029051E-03
    2.8660000E+00    7.6214753E-03    7.4914233E-03
    2.8700000E+00    7.6095760E-03    7.4799847E-03
    2.8740000E+00    7.5977216E-03    7.4685891E-03
    2.8780000E+00    7.5859121E-03    7.4572365E-03
    2.8820000E+00    7.5741474E-03    7.4459269E-03
    2.8860000E+00    7.5624274E-03    7.4346602E-03
    2.8900000E+00    7.5507523E-03    7.4234366E-03
    2.8940000E+00    7.5391219E-03    7.4122558E-03
    2.8980000E+00    7.5275362E-03    7.4011180E-03
    2.9020000E+00    7.5159952E-03    7.3900230E-03
    2.9060000E+00    7.5044989E-03    7.3789708E-03
    2.9100000E+00    7.4930472E-03    7.3679615E-03
    2.9140000E+00    7.4816402E-03    7.3569950E-03
    2.9180000E+00    7.4702777E-03    7.3460713E-03
    2.9220000E+00    7.4589599E-03    7.3351904E-03
    2.9260000E+00    7.4476865E-03    7.3243522E-03
    2.9300000E+00    7.4364577E-03    7.3135566E-03
    2.9340000E+00    7.4252734E-03    7.3028038E-03
    2.9380000E+00    7.4141335E-03    7.2920937E-03
    2.9420000E+00    7.4030381E-03    7.2814261E-03
    2.9460000E+00    7.3919871E-03    7.2708012E-03
    2.9500000E+00    7.3809805E-03    7.2602189E-03
    2.9540000E+00    7.3700183E-03    7.2496792E-03
    2.9580000E+00    7.3591004E-03    7.2391820E-03
    2.9620000E+00    7.3482268E-03    7.2287273E-03
    2.9660000E+00    7.3373975E-03    7.2183152E-03
    2.9700000E+00    7.3266125E-03    7.2079455E-03
    2.9740000E+00    7.3158717E-03    7.1976182E-03
    2.9780000E+00    7.3051751E-03    7.1873334E-03
    2.9820000E+00    7.2945227E-03    7.1770910E-03
    2.9860000E+00    7.2839145E-03    7.1668910E-03
    2.9900000E+00    7.2733504E-03    7.1567333E-03
    2.9940000E+00    7.2628304E-03    7.1466180E-03
    2.9980000E+00    7.2523546E-03    7.1365450E-03
    3.0020000E+00    7.2419227E-03    7.1265142E-03
    3.0060000E+00    7.2315350E-03    7.1165258E-03
    3.0100000E+00    7.2211912E-03    7.1065796E-03
    3.0140000E+00    7.2108914E-03    7.0966756E-03
    3.0180000E+00    7.2006356E-03    7.0868138E-03
    3.0220000E+00    7.1904237E-03    7.0769942E-03
    3.0260000E+00    7.1802558E-03    7.0672167E-03
    3.0300000E+00    7.1701317E-03    7.0574814E-03
    3.0340000E+00    7.1600515E-03    7.0477882E-03
    3.0380000E+00    7.1500152E-03    7.0381370E-03
    3.0420000E+00    7.1400226E-03    7.0285279E-03
    3.0460000E+00    7.1300739E-03    7.0189609E-03
    3.0500000E+00    7.1201689E-03    7.0094359E-03
    3.0540000E+00    7.1103077E-03    6.9999528E-03
    3.0580000E+00    7.1004901E-03    6.9905118E-03
    3.0620000E+00    7.0907163E-03    6.9811126E-03
    3.0660000E+00    7.0809862E-03    6.9717555E-03
    3.0700000E+00    7.0712996E-03    6.9624402E-03
    3.0740000E+00    7.0616568E-03    6.9531668E-03
    3.0780000E+00    7.0520575E-03    6.9439352E-03
    3.0820000E+00    7.0425018E-03    6.9347455E-03
    3.0860000E+00    7.0329896E-03    6.9255976E-03
    3.0900000E+00    7.0235209E-03    6.9164915E-03
    3.0940000E+00    7.0140958E-03    6.9074272E-03
    3.0980000E+00    7.0047142E-03    6.8984046E-03
    3.1020000E+00    6.9953759E-03    6.8894237E-03
    3.1060000E+00    6.9860812E-03    6.8804846E-03
    3.1100000E+00    6.9768298E-03    6.8715871E-03
    3.1140000E+00    6.9676218E-03    6.8627313E-03
    3.1180000E+00    6.9584572E-03    6.8539171E-03
    3.1220000E+00    6.9493359E-03    6.8451445E-03
    3.1260000E+00    6.9402579E-03    6.8364136E-03
    3.1300000E+00    6.9312232E-03    6.8277242E-03
    3.1340000E+00    6.9222318E-03    6.8190763E-03
    3.1380000E+00    6.9132836E-03    6.8104700E-03
    3.1420000E+00    6.9043787E-03    6.8019052E-03
    3.1460000E+00    6.8955169E-03    6.7933819E-03
    3.1500000E+00    6.8866983E-03    6.7849001E-03
    3.1540000E+00    6.8779229E-03    6.7764596E-03
    3.1580000E+00    6.8691905E-03    6.7680607E-03
    3.1620000E+00    6.8605013E-03    6.7597031E-03
    3.1660000E+00    6.8518552E-03    6.7513869E-03
    3.1700000E+00    6.8432521E-03    6.7431120E-03
    3.1740000E+00    6.8346921E-03    6.7348785E-03
    3.1780000E+00    6.8261751E-03    6.7266863E-03
    3.1820000E+00    6.8177010E-03    6.7185354E-03
    3.1860000E+00    6.8092700E-03    6.7104258E-03
    3.1900000E+00    6.8008819E-03    6.7023574E-03
    3.1940000E+00    6.7925367E-03    6.6943303E-03
    3.1980000E+00    6.7842344E-03    6.6863444E-03
    3.2020000E+00    6.7759750E-03    6.6783997E-03
    3.2060000E+00    6.7677584E-03    6.6704961E-03
    3.2100000E+00    6.7595847E-03    6.6626337E-03
    3.2140000E+00    6.7514538E-03    6.6548124E-03
    3.2180000E+00    6.7433657E-03    6.6470323E-03
    3.2220000E+00    6.7353203E-03    6.6392932E-03
    3.2260000E+00    6.7273177E-03    6.6315952E-03
    3.2300000E+00    6.7193578E-03    6.6239383E-03
    3.2340000E+00    6.7114407E-03    6.6163223E-03
    3.2380000E+00    6.7035662E-03    6.6087474E-03
    3.2420000E+00    6.6957343E-03    6.6012135E-03
    3.2460000E+00    6.6879452E-03    6.5937206E-03
    3.2500000E+00    6.6801986E-03    6.5862686E-03
    3.2540000E+00    6.6724946E-03    6.5788575E-03
    3.2580000E+00    6.6648332E-03    6.5714873E-03
    3.2620000E+00    6.6572144E-03    6.5641581E-03
    3.2660000E+00    6.6496381E-03    6.5568697E-03
    3.2700000E+00    6.6421043E-03    6.5496221E-03
    3.2740000E+00    6.6346130E-03    6.5424154E-03
    3.2780000E+00    6.6271641E-03    6.5352495E-03
    3.2820000E+00    6.6197577E-03    6.5281244E-03
    3.2860000E+00    6.6123938E-03    6.5210401E-03
    3.2900000E+00    6.6050722E-03    6.5139966E-03
    3.2940000E+00    6.5977931E-03    6.5069937E-03
    3.2980000E+00    6.5905563E-03    6.5000316E-03
    3.3020000E+00    6.5833619E-03    6.4931102E-03
    3.3060000E+00    6.5762098E-03    6.4862295E-03
    3.3100000E+00    6.5691000E-03    6.4793894E-03
    3.3140000E+00    6.5620324E-03    6.4725900E-03
    3.3180000E+00    6.5550072E-03    6.4658312E-03
    3.3220000E+00    6.5480242E-03    6.4591130E-03
    3.3260000E+00    6.5410834E-03    6.4524354E-03
    3.3300000E+00    6.5341849E-03    6.4457984E-03
    3.3340000E+00    6.5273285E-03    6.4392019E-03
    3.3380000E+00    6.5205143E-03    6.4326460E-03
    3.3420000E+00    6.5137423E-03    6.4261306E-03
    3.3460000E+00    6.5070124E-03    6.4196557E-03
    3.3500000E+00    6.5003246E-03    6.4132212E-03
    3.3540000E+00    6.4936788E-03    6.4068272E-03
    3.3580000E+00    6.4870752E-03    6.4004737E-03
    3.3620000E+00    6.4805136E-03    6.3941606E-03
    3.3660000E+00    6.4739941E-03    6.3878879E-03
    3.3700000E+00    6.4675166E-03    6.3816556E-03
    3.3740000E+00    6.4610810E-03    6.3754637E-03
    3.3780000E+00    6.4546875E-03    6.3693121E-03
    3.3820000E+00    6.4483359E-03    6.3632009E-03
    3.3860000E+00    6.4420263E-03    6.3571300E-03
    3.3900000E+00    6.4357586E-03    6.3510994E-03
    3.3940000E+00    6.4295328E-03    6.3451092E-03
    3.3980000E+00    6.4233489E-03    6.3391591E-03
    3.4020000E+00    6.4172068E-03    6.3332494E-03
    3.4060000E+00    6.4111066E-03    6.3273798E-03
    3.4100000E+00    6.4050483E-03    6.3215505E-03
    3.4140000E+00    6.3990318E-03    6.3157615E-03
    3.4180000E+00    6.3930570E-03    6.3100126E-03
    3.4220000E+00    6.3871241E-03    6.3043038E-03
    3.4260000E+00    6.3812329E-03    6.2986353E-03
    3.4300000E+00    6.3753835E-03    6.2930069E-03
    3.4340000E+00    6.3695758E-03    6.2874186E-03
    3.4380000E+00    6.3638098E-03    6.2818704E-03
    3.4420000E+00    6.3580855E-03    6.2763623E-03
    3.4460000E+00    6.3524029E-03    6.2708943E-03
    3.4500000E+00    6.3467620E-03    6.2654664E-03
    3.4540000E+00    6.3411627E-03    6.2600785E-03
    3.4580000E+00    6.3356050E-03    6.2547306E-03
    3.4620000E+00    6.3300890E-03    6.2494228E-03
    3.4660000E+00    6.3246145E-03    6.2441550E-03
    3.4700000E+00    6.3191816E-03    6.2389271E-03
    3.4740000E+00    6.3137903E-03    6.2337393E-03
    3.4780000E+00    6.3084406E-03    6.2285914E-03
    3.4820000E+00    6.3031324E-03    6.2234834E-03
    3.4860000E+00    6.2978657E-03    6.2184154E-03
    3.4900000E+00    6.2926405E-03    6.2133872E-03
    3.4940000E+00    6.2874568E-03    6.2083990E-03
    3.4980000E+00    6.2823146E-03    6.2034507E-03
    3.5020000E+00    6.2772138E-03    6.1985422E-03
    3.5060000E+00    6.2721544E-03    6.1936736E-03
    3.5100000E+00    6.2671365E-03    6.1888449E-03
    3.5140000E+00    6.2621600E-03    6.1840559E-03
    3.5180000E+00    6.2572249E-03    6.1793068E-03
    3.5220000E+00    6.2523312E-03    6.1745975E-03
    3.5260000E+00    6.2474789E-03    6.1699280E-03
    3.5300000E+00    6.2426679E-03    6.1652982E-03
    3.5340000E+00    6.2378982E-03    6.1607083E-03
    3.5380000E+00    6.2331699E-03    6.1561580E-03
    3.5420000E+00    6.2284828E-03    6.1516475E-03
    3.5460000E+00    6.2238371E-03    6.1471767E-03
    3.5500000E+00    6.2192326E-03    6.1427457E-03
    3.5540000E+00    6.2146695E-03    6.1383543E-03
    3.5580000E+00    6.2101475E-03    6.1340026E-03
    3.5620000E+00    6.2056668E-03    6.1296906E-03
    3.5660000E+00    6.2012274E-03    6.1254182E-03
    3.5700000E+00    6.1968291E-03    6.1211855E-03
    3.5740000E+00    6.1924720E-03    6.1169924E-03
    3.5780000E+00    6.1881562E-03    6.1128390E-03
    3.5820000E+00    6.1838815E-03    6.1087251E-03
    3.5860000E+00    6.1796479E-03    6.1046508E-03
    3.5900000E+00    6.1754556E-03    6.1006162E-03
    3.5940000E+00    6.1713043E-03    6.0966211E-03
    3.5980000E+00    6.1671942E-03    6.0926655E-03
    3.6020000E+00    6.1631252E-03    6.0887495E-03
    3.6060000E+00    6.1590972E-03    6.0848731E-03
    3.6100000E+00    6.1551104E-03    6.0810362E-03
    3.6140000E+00    6.1511646E-03    6.0772387E-03
    3.6180000E+00    6.1472599E-03    6.0734808E-03
    3.6220000E+00    6.1433963E-03    6.0697624E-03
    3.6260000E+00    6.1395736E-03    6.0660835E-03
    3.6300000E+00    6.1357920E-03    6.0624440E-03
    3.6340000E+00    6.1320514E-03    6.0588440E-03
    3.6380000E+00    6.1283519E-03    6.0552835E-03
    3.6420000E+00    6.1246933E-03    6.0517624E-03
    3.6460000E+00    6.1210757E-03    6.0482807E-03
    3.6500000E+00    6.1174990E-03    6.0448384E-03
    3.6540000E+00    6.1139633E-03    6.0414355E-03
    3.6580000E+00    6.1104686E-03    6.0380721E-03
    3.6620000E+00    6.1070148E-03    6.0347480E-03
    3.6660000E+00    6.1036019E-03    6.0314633E-03
    3.6700000E+00    6.1002300E-03    6.0282180E-03
    3.6740000E+00    6.0968989E-03    6.0250120E-03
    3.6780000E+00    6.0936087E-03    6.0218454E-03
    3.6820000E+00    6.0903595E-03    6.0187181E-03
    3.6860000E+00    6.0871511E-03    6.0156302E-03
    3.6900000E+00    6.0839835E-03    6.0125816E-03
    3.6940000E+00    6.0808568E-03    6.0095723E-03
    3.6980000E+00    6.0777710E-03    6.0066023E-03
    3.7020000E+00    6.0747260E-03    6.0036716E-03
    3.7060000E+00    6.0717218E-03    6.0007801E-03
    3.7100000E+00    6.0687585E-03    5.9979280E-03
    3.7140000E+00    6.0658359E-03    5.9951151E-03
    3.7180000E+00    6.0629542E-03    5.9923415E-03
    3.7220000E+00    6.0601132E-03    5.9896071E-03
    3.7260000E+00    6.0573130E-03    5.9869120E-03
    3.7300000E+00    6.0545536E-03    5.9842561E-03
    3.7340000E+00    6.0518350E-03    5.9816395E-03
    3.7380000E+00    6.0491571E-03    5.9790620E-03
    3.7420000E+00    6.0465199E-03    5.9765238E-03
    3.7460000E+00    6.0439235E-03    5.9740248E-03
    3.7500000E+00    6.0413678E-03    5.9715650E-03
    3.7540000E+00    6.0388529E-03    5.9691443E-03
    3.7580000E+00    6.0363787E-03    5.9667629E-03
    3.7620000E+00    6.0339452E-03    5.9644206E-03
    3.7660000E+00    6.0315523E-03    5.9621175E-03
    3.7700000E+00    6.0292002E-03    5.9598536E-03
    3.7740000E+00    6.0268888E-03    5.9576288E-03
    3.7780000E+00    6.0246180E-03    5.9554432E-03
    3.7820000E+00    6.0223879E-03    5.9532967E-03
    3.7860000E+00    6.0201985E-03    5.9511894E-03
    3.7900000E+00    6.0180497E-03    5.9491212E-03
    3.7940000E+00    6.0159416E-03    5.9470921E-03
    3.7980000E+00    6.0138741E-03    5.9451021E-03
    3.8020000E+00    6.0118473E-03    5.9431512E-03
    3.8060000E+00    6.0098611E-03    5.9412395E-03
    3.8100000E+00    6.0079156E-03    5.9393668E-03
    3.8140000E+00    6.0060106E-03    5.9375333E-03
    3.8180000E+00    6.0041463E-03    5.9357388E-03
    3.8220000E+00    6.0023226E-03    5.9339834E-03
    3.8260000E+00    6.0005395E-03    5.9322671E-03
    3.8300000E+00    5.9987969E-03    5.9305899E-03
    3.8340000E+00    5.9970950E-03    5.9289518E-03
    3.8380000E+00    5.9954337E-03    5.9273527E-03
    3.8420000E+00    5.9938129E-03    5.9257926E-03
    3.8460000E+00    5.9922328E-03    5.9242717E-03
    3.8500000E+00    5.9906932E-03    5.9227898E-03
    3.8540000E+00    5.9891941E-03    5.9213469E-03
    3.8580000E+00    5.9877357E-03    5.9199431E-03
    3.8620000E+00    5.9863178E-03    5.9185783E-03
    3.8660000E+00    5.9849404E-03    5.9172525E-03
    3.8700000E+00    5.9836036E-03    5.9159658E-03
    3.8740000E+00    5.9823074E-03    5.9147181E-03
    3.8780000E+00    5.9810517E-03    5.9135094E-03
    3.8820000E+00    5.9798365E-03    5.9123398E-03
    3.8860000E+00    5.9786619E-03    5.9112092E-03
    3.8900000E+00    5.9775278E-03    5.9101175E-03
    3.8940000E+00    5.9764343E-03    5.9090649E-03
    3.8980000E+00    5.9753812E-03    5.9080513E-03
    3.9020000E+00    5.9743687E-03    5.9070767E-03
    3.9060000E+00    5.9733967E-03    5.9061412E-03
    3.9100000E+00    5.9724653E-03    5.9052446E-03
    3.9140000E+00    5.9715743E-03    5.9043870E-03
    3.9180000E+00    5.9707239E-03    5.9035684E-03
    3.9220000E+00    5.9699140E-03    5.9027888E-03
    3.9260000E+00    5.9691445E-03    5.9020482E-03
    3.9300000E+00    5.9684156E-03    5.9013466E-03
    3.9340000E+00    5.9677272E-03    5.9006839E-03
    3.9380000E+00    5.9670793E-03    5.9000603E-03
    3.9420000E+00    5.9664719E-03    5.8994756E-03
    3.9460000E+00    5.9659050E-03    5.8989300E-03
    3.9500000E+00    5.9653786E-03    5.8984233E-03
    3.9540000E+00    5.9648927E-03    5.8979555E-03
    3.9580000E+00    5.9644473E-03    5.8975268E-03
    3.9620000E+00    5.9640424E-03    5.8971370E-03
    3.9660000E+00    5.9636779E-03    5.8967863E-03
    3.9700000E+00    5.9633540E-03    5.8964745E-03
    3.9740000E+00    5.9630706E-03    5.8962016E-03
    3.9780000E+00    5.9628276E-03    5.8959678E-03
    3.9820000E+00    5.9626252E-03    5.8957729E-03
    3.9860000E+00    5.9624632E-03    5.8956170E-03
    3.9900000E+00    5.9623417E-03    5.8955001E-03
    3.9940000E+00    5.9622608E-03    5.8954221E-03
    3.9980000E+00    5.9622203E-03    5.8953832E-03
