# Time          1.0000E+00
# Units: Mol/kgw
    Distance        SO4--            SO164--         
    2.0000000E-03    2.7970016E-02    2.6967384E-02
    6.0000000E-03    2.7901417E-02    2.6902172E-02
    1.0000000E-02    2.7832843E-02    2.6836983E-02
    1.4000000E-02    2.7764295E-02    2.6771819E-02
    1.8000000E-02    2.7695776E-02    2.6706682E-02
    2.2000000E-02    2.7627289E-02    2.6641574E-02
    2.6000000E-02    2.7558835E-02    2.6576499E-02
    3.0000000E-02    2.7490418E-02    2.6511457E-02
    3.4000000E-02    2.7422040E-02    2.6446451E-02
    3.8000000E-02    2.7353703E-02    2.6381484E-02
    4.2000000E-02    2.7285409E-02    2.6316559E-02
    4.6000000E-02    2.7217162E-02    2.6251676E-02
    5.0000000E-02    2.7148963E-02    2.6186839E-02
    5.4000000E-02    2.7080815E-02    2.6122049E-02
    5.8000000E-02    2.7012720E-02    2.6057309E-02
    6.2000000E-02    2.6944680E-02    2.5992622E-02
    6.6000000E-02    2.6876699E-02    2.5927988E-02
    7.0000000E-02    2.6808777E-02    2.5863411E-02
    7.4000000E-02    2.6740918E-02    2.5798893E-02
    7.8000000E-02    2.6673124E-02    2.5734435E-02
    8.2000000E-02    2.6605397E-02    2.5670040E-02
    8.6000000E-02    2.6537739E-02    2.5605710E-02
    9.0000000E-02    2.6470152E-02    2.5541447E-02
    9.4000000E-02    2.6402639E-02    2.5477253E-02
    9.8000000E-02    2.6335202E-02    2.5413130E-02
    1.0200000E-01    2.6267842E-02    2.5349080E-02
    1.0600000E-01    2.6200562E-02    2.5285104E-02
    1.1000000E-01    2.6133364E-02    2.5221206E-02
    1.1400000E-01    2.6066250E-02    2.5157386E-02
    1.1800000E-01    2.5999222E-02    2.5093647E-02
    1.2200000E-01    2.5932282E-02    2.5029991E-02
    1.2600000E-01    2.5865432E-02    2.4966419E-02
    1.3000000E-01    2.5798674E-02    2.4902932E-02
    1.3400000E-01    2.5732009E-02    2.4839534E-02
    1.3800000E-01    2.5665439E-02    2.4776225E-02
    1.4200000E-01    2.5598967E-02    2.4713008E-02
    1.4600000E-01    2.5532594E-02    2.4649883E-02
    1.5000000E-01    2.5466322E-02    2.4586853E-02
    1.5400000E-01    2.5400152E-02    2.4523919E-02
    1.5800000E-01    2.5334086E-02    2.4461083E-02
    1.6200000E-01    2.5268126E-02    2.4398346E-02
    1.6600000E-01    2.5202273E-02    2.4335710E-02
    1.7000000E-01    2.5136529E-02    2.4273176E-02
    1.7400000E-01    2.5070896E-02    2.4210746E-02
    1.7800000E-01    2.5005374E-02    2.4148420E-02
    1.8200000E-01    2.4939966E-02    2.4086202E-02
    1.8600000E-01    2.4874673E-02    2.4024090E-02
    1.9000000E-01    2.4809496E-02    2.3962088E-02
    1.9400000E-01    2.4744437E-02    2.3900197E-02
    1.9800000E-01    2.4679496E-02    2.3838417E-02
    2.0200000E-01    2.4614676E-02    2.3776749E-02
    2.0600000E-01    2.4549977E-02    2.3715196E-02
    2.1000000E-01    2.4485401E-02    2.3653758E-02
    2.1400000E-01    2.4420948E-02    2.3592436E-02
    2.1800000E-01    2.4356621E-02    2.3531231E-02
    2.2200000E-01    2.4292419E-02    2.3470145E-02
    2.2600000E-01    2.4228345E-02    2.3409178E-02
    2.3000000E-01    2.4164399E-02    2.3348331E-02
    2.3400000E-01    2.4100582E-02    2.3287606E-02
    2.3800000E-01    2.4036895E-02    2.3227003E-02
    2.4200000E-01    2.3973339E-02    2.3166523E-02
    2.4600000E-01    2.3909916E-02    2.3106167E-02
    2.5000000E-01    2.3846625E-02    2.3045936E-02
    2.5400000E-01    2.3783469E-02    2.2985831E-02
    2.5800000E-01    2.3720447E-02    2.2925852E-02
    2.6200000E-01    2.3657560E-02    2.2866000E-02
    2.6600000E-01    2.3594809E-02    2.2806276E-02
    2.7000000E-01    2.3532196E-02    2.2746681E-02
    2.7400000E-01    2.3469720E-02    2.2687215E-02
    2.7800000E-01    2.3407383E-02    2.2627879E-02
    2.8200000E-01    2.3345184E-02    2.2568673E-02
    2.8600000E-01    2.3283126E-02    2.2509599E-02
    2.9000000E-01    2.3221207E-02    2.2450656E-02
    2.9400000E-01    2.3159429E-02    2.2391846E-02
    2.9800000E-01    2.3097793E-02    2.2333168E-02
    3.0200000E-01    2.3036298E-02    2.2274624E-02
    3.0600000E-01    2.2974946E-02    2.2216213E-02
    3.1000000E-01    2.2913737E-02    2.2157937E-02
    3.1400000E-01    2.2852671E-02    2.2099795E-02
    3.1800000E-01    2.2791748E-02    2.2041788E-02
    3.2200000E-01    2.2730970E-02    2.1983917E-02
    3.2600000E-01    2.2670337E-02    2.1926181E-02
    3.3000000E-01    2.2609848E-02    2.1868581E-02
    3.3400000E-01    2.2549504E-02    2.1811118E-02
    3.3800000E-01    2.2489306E-02    2.1753792E-02
    3.4200000E-01    2.2429254E-02    2.1696602E-02
    3.4600000E-01    2.2369348E-02    2.1639550E-02
    3.5000000E-01    2.2309588E-02    2.1582636E-02
    3.5400000E-01    2.2249975E-02    2.1525859E-02
    3.5800000E-01    2.2190508E-02    2.1469220E-02
    3.6200000E-01    2.2131189E-02    2.1412719E-02
    3.6600000E-01    2.2072017E-02    2.1356357E-02
    3.7000000E-01    2.2012992E-02    2.1300133E-02
    3.7400000E-01    2.1954114E-02    2.1244047E-02
    3.7800000E-01    2.1895385E-02    2.1188101E-02
    3.8200000E-01    2.1836803E-02    2.1132293E-02
    3.8600000E-01    2.1778369E-02    2.1076624E-02
    3.9000000E-01    2.1720083E-02    2.1021094E-02
    3.9400000E-01    2.1661944E-02    2.0965704E-02
    3.9800000E-01    2.1603954E-02    2.0910452E-02
    4.0200000E-01    2.1546112E-02    2.0855340E-02
    4.0600000E-01    2.1488418E-02    2.0800367E-02
    4.1000000E-01    2.1430873E-02    2.0745534E-02
    4.1400000E-01    2.1373475E-02    2.0690839E-02
    4.1800000E-01    2.1316226E-02    2.0636284E-02
    4.2200000E-01    2.1259125E-02    2.0581869E-02
    4.2600000E-01    2.1202172E-02    2.0527592E-02
    4.3000000E-01    2.1145366E-02    2.0473455E-02
    4.3400000E-01    2.1088709E-02    2.0419456E-02
    4.3800000E-01    2.1032200E-02    2.0365597E-02
    4.4200000E-01    2.0975839E-02    2.0311877E-02
    4.4600000E-01    2.0919625E-02    2.0258296E-02
    4.5000000E-01    2.0863559E-02    2.0204854E-02
    4.5400000E-01    2.0807641E-02    2.0151550E-02
    4.5800000E-01    2.0751870E-02    2.0098385E-02
    4.6200000E-01    2.0696246E-02    2.0045359E-02
    4.6600000E-01    2.0640770E-02    1.9992471E-02
    4.7000000E-01    2.0585441E-02    1.9939722E-02
    4.7400000E-01    2.0530258E-02    1.9887110E-02
    4.7800000E-01    2.0475222E-02    1.9834637E-02
    4.8200000E-01    2.0420333E-02    1.9782302E-02
    4.8600000E-01    2.0365590E-02    1.9730104E-02
    4.9000000E-01    2.0310994E-02    1.9678044E-02
    4.9400000E-01    2.0256543E-02    1.9626121E-02
    4.9800000E-01    2.0202239E-02    1.9574335E-02
    5.0200000E-01    2.0148080E-02    1.9522687E-02
    5.0600000E-01    2.0094066E-02    1.9471175E-02
    5.1000000E-01    2.0040198E-02    1.9419800E-02
    5.1400000E-01    1.9986474E-02    1.9368562E-02
    5.1800000E-01    1.9932896E-02    1.9317459E-02
    5.2200000E-01    1.9879462E-02    1.9266493E-02
    5.2600000E-01    1.9826172E-02    1.9215663E-02
    5.3000000E-01    1.9773027E-02    1.9164968E-02
    5.3400000E-01    1.9720025E-02    1.9114409E-02
    5.3800000E-01    1.9667167E-02    1.9063985E-02
    5.4200000E-01    1.9614453E-02    1.9013695E-02
    5.4600000E-01    1.9561881E-02    1.8963541E-02
    5.5000000E-01    1.9509453E-02    1.8913521E-02
    5.5400000E-01    1.9457167E-02    1.8863635E-02
    5.5800000E-01    1.9405023E-02    1.8813883E-02
    5.6200000E-01    1.9353022E-02    1.8764265E-02
    5.6600000E-01    1.9301162E-02    1.8714781E-02
    5.7000000E-01    1.9249444E-02    1.8665429E-02
    5.7400000E-01    1.9197867E-02    1.8616211E-02
    5.7800000E-01    1.9146431E-02    1.8567126E-02
    5.8200000E-01    1.9095135E-02    1.8518173E-02
    5.8600000E-01    1.9043980E-02    1.8469352E-02
    5.9000000E-01    1.8992966E-02    1.8420663E-02
    5.9400000E-01    1.8942091E-02    1.8372106E-02
    5.9800000E-01    1.8891355E-02    1.8323680E-02
    6.0200000E-01    1.8840759E-02    1.8275385E-02
    6.0600000E-01    1.8790302E-02    1.8227221E-02
    6.1000000E-01    1.8739983E-02    1.8179188E-02
    6.1400000E-01    1.8689803E-02    1.8131285E-02
    6.1800000E-01    1.8639761E-02    1.8083512E-02
    6.2200000E-01    1.8589857E-02    1.8035869E-02
    6.2600000E-01    1.8540090E-02    1.7988356E-02
    6.3000000E-01    1.8490460E-02    1.7940971E-02
    6.3400000E-01    1.8440967E-02    1.7893716E-02
    6.3800000E-01    1.8391610E-02    1.7846589E-02
    6.4200000E-01    1.8342390E-02    1.7799590E-02
    6.4600000E-01    1.8293305E-02    1.7752719E-02
    6.5000000E-01    1.8244357E-02    1.7705977E-02
    6.5400000E-01    1.8195543E-02    1.7659361E-02
    6.5800000E-01    1.8146864E-02    1.7612873E-02
    6.6200000E-01    1.8098320E-02    1.7566512E-02
    6.6600000E-01    1.8049911E-02    1.7520277E-02
    6.7000000E-01    1.8001635E-02    1.7474168E-02
    6.7400000E-01    1.7953493E-02    1.7428186E-02
    6.7800000E-01    1.7905484E-02    1.7382329E-02
    6.8200000E-01    1.7857609E-02    1.7336598E-02
    6.8600000E-01    1.7809866E-02    1.7290992E-02
    6.9000000E-01    1.7762255E-02    1.7245510E-02
    6.9400000E-01    1.7714777E-02    1.7200153E-02
    6.9800000E-01    1.7667430E-02    1.7154920E-02
    7.0200000E-01    1.7620215E-02    1.7109812E-02
    7.0600000E-01    1.7573131E-02    1.7064826E-02
    7.1000000E-01    1.7526178E-02    1.7019965E-02
    7.1400000E-01    1.7479355E-02    1.6975226E-02
    7.1800000E-01    1.7432662E-02    1.6930610E-02
    7.2200000E-01    1.7386100E-02    1.6886116E-02
    7.2600000E-01    1.7339666E-02    1.6841744E-02
    7.3000000E-01    1.7293362E-02    1.6797494E-02
    7.3400000E-01    1.7247187E-02    1.6753366E-02
    7.3800000E-01    1.7201140E-02    1.6709359E-02
    7.4200000E-01    1.7155222E-02    1.6665473E-02
    7.4600000E-01    1.7109431E-02    1.6621708E-02
    7.5000000E-01    1.7063768E-02    1.6578063E-02
    7.5400000E-01    1.7018232E-02    1.6534538E-02
    7.5800000E-01    1.6972823E-02    1.6491132E-02
    7.6200000E-01    1.6927541E-02    1.6447846E-02
    7.6600000E-01    1.6882385E-02    1.6404680E-02
    7.7000000E-01    1.6837355E-02    1.6361632E-02
    7.7400000E-01    1.6792451E-02    1.6318702E-02
    7.7800000E-01    1.6747672E-02    1.6275891E-02
    7.8200000E-01    1.6703018E-02    1.6233198E-02
    7.8600000E-01    1.6658489E-02    1.6190622E-02
    7.9000000E-01    1.6614084E-02    1.6148164E-02
    7.9400000E-01    1.6569803E-02    1.6105823E-02
    7.9800000E-01    1.6525645E-02    1.6063599E-02
    8.0200000E-01    1.6481612E-02    1.6021491E-02
    8.0600000E-01    1.6437701E-02    1.5979499E-02
    8.1000000E-01    1.6393913E-02    1.5937624E-02
    8.1400000E-01    1.6350248E-02    1.5895863E-02
    8.1800000E-01    1.6306704E-02    1.5854218E-02
    8.2200000E-01    1.6263283E-02    1.5812689E-02
    8.2600000E-01    1.6219983E-02    1.5771273E-02
    8.3000000E-01    1.6176804E-02    1.5729972E-02
    8.3400000E-01    1.6133746E-02    1.5688786E-02
    8.3800000E-01    1.6090809E-02    1.5647713E-02
    8.4200000E-01    1.6047992E-02    1.5606754E-02
    8.4600000E-01    1.6005295E-02    1.5565908E-02
    8.5000000E-01    1.5962717E-02    1.5525175E-02
    8.5400000E-01    1.5920259E-02    1.5484554E-02
    8.5800000E-01    1.5877920E-02    1.5444046E-02
    8.6200000E-01    1.5835700E-02    1.5403650E-02
    8.6600000E-01    1.5793598E-02    1.5363366E-02
    8.7000000E-01    1.5751614E-02    1.5323193E-02
    8.7400000E-01    1.5709747E-02    1.5283132E-02
    8.7800000E-01    1.5667999E-02    1.5243182E-02
    8.8200000E-01    1.5626367E-02    1.5203342E-02
    8.8600000E-01    1.5584852E-02    1.5163613E-02
    8.9000000E-01    1.5543454E-02    1.5123993E-02
    8.9400000E-01    1.5502172E-02    1.5084484E-02
    8.9800000E-01    1.5461006E-02    1.5045084E-02
    9.0200000E-01    1.5419956E-02    1.5005793E-02
    9.0600000E-01    1.5379021E-02    1.4966611E-02
    9.1000000E-01    1.5338201E-02    1.4927538E-02
    9.1400000E-01    1.5297495E-02    1.4888574E-02
    9.1800000E-01    1.5256904E-02    1.4849717E-02
    9.2200000E-01    1.5216428E-02    1.4810969E-02
    9.2600000E-01    1.5176065E-02    1.4772328E-02
    9.3000000E-01    1.5135815E-02    1.4733794E-02
    9.3400000E-01    1.5095679E-02    1.4695367E-02
    9.3800000E-01    1.5055656E-02    1.4657047E-02
    9.4200000E-01    1.5015745E-02    1.4618833E-02
    9.4600000E-01    1.4975947E-02    1.4580726E-02
    9.5000000E-01    1.4936261E-02    1.4542724E-02
    9.5400000E-01    1.4896686E-02    1.4504829E-02
    9.5800000E-01    1.4857223E-02    1.4467038E-02
    9.6200000E-01    1.4817871E-02    1.4429353E-02
    9.6600000E-01    1.4778630E-02    1.4391772E-02
    9.7000000E-01    1.4739500E-02    1.4354296E-02
    9.7400000E-01    1.4700480E-02    1.4316924E-02
    9.7800000E-01    1.4661570E-02    1.4279657E-02
    9.8200000E-01    1.4622769E-02    1.4242493E-02
    9.8600000E-01    1.4584078E-02    1.4205432E-02
    9.9000000E-01    1.4545496E-02    1.4168475E-02
    9.9400000E-01    1.4507023E-02    1.4131620E-02
    9.9800000E-01    1.4468659E-02    1.4094869E-02
    1.0020000E+00    1.4430402E-02    1.4058219E-02
    1.0060000E+00    1.4392254E-02    1.4021672E-02
    1.0100000E+00    1.4354214E-02    1.3985227E-02
    1.0140000E+00    1.4316281E-02    1.3948883E-02
    1.0180000E+00    1.4278455E-02    1.3912641E-02
    1.0220000E+00    1.4240736E-02    1.3876500E-02
    1.0260000E+00    1.4203123E-02    1.3840459E-02
    1.0300000E+00    1.4165617E-02    1.3804520E-02
    1.0340000E+00    1.4128216E-02    1.3768680E-02
    1.0380000E+00    1.4090922E-02    1.3732941E-02
    1.0420000E+00    1.4053733E-02    1.3697301E-02
    1.0460000E+00    1.4016649E-02    1.3661761E-02
    1.0500000E+00    1.3979670E-02    1.3626320E-02
    1.0540000E+00    1.3942796E-02    1.3590978E-02
    1.0580000E+00    1.3906026E-02    1.3555735E-02
    1.0620000E+00    1.3869360E-02    1.3520590E-02
    1.0660000E+00    1.3832798E-02    1.3485544E-02
    1.0700000E+00    1.3796339E-02    1.3450596E-02
    1.0740000E+00    1.3759984E-02    1.3415745E-02
    1.0780000E+00    1.3723732E-02    1.3380992E-02
    1.0820000E+00    1.3687582E-02    1.3346336E-02
    1.0860000E+00    1.3651535E-02    1.3311777E-02
    1.0900000E+00    1.3615590E-02    1.3277315E-02
    1.0940000E+00    1.3579747E-02    1.3242949E-02
    1.0980000E+00    1.3544005E-02    1.3208680E-02
    1.1020000E+00    1.3508365E-02    1.3174506E-02
    1.1060000E+00    1.3472826E-02    1.3140429E-02
    1.1100000E+00    1.3437388E-02    1.3106447E-02
    1.1140000E+00    1.3402051E-02    1.3072560E-02
    1.1180000E+00    1.3366814E-02    1.3038768E-02
    1.1220000E+00    1.3331676E-02    1.3005070E-02
    1.1260000E+00    1.3296639E-02    1.2971468E-02
    1.1300000E+00    1.3261701E-02    1.2937959E-02
    1.1340000E+00    1.3226863E-02    1.2904545E-02
    1.1380000E+00    1.3192123E-02    1.2871224E-02
    1.1420000E+00    1.3157482E-02    1.2837997E-02
    1.1460000E+00    1.3122940E-02    1.2804864E-02
    1.1500000E+00    1.3088496E-02    1.2771823E-02
    1.1540000E+00    1.3054150E-02    1.2738875E-02
    1.1580000E+00    1.3019901E-02    1.2706020E-02
    1.1620000E+00    1.2985750E-02    1.2673257E-02
    1.1660000E+00    1.2951696E-02    1.2640586E-02
    1.1700000E+00    1.2917740E-02    1.2608007E-02
    1.1740000E+00    1.2883879E-02    1.2575520E-02
    1.1780000E+00    1.2850116E-02    1.2543124E-02
    1.1820000E+00    1.2816448E-02    1.2510819E-02
    1.1860000E+00    1.2782877E-02    1.2478605E-02
    1.1900000E+00    1.2749401E-02    1.2446482E-02
    1.1940000E+00    1.2716020E-02    1.2414449E-02
    1.1980000E+00    1.2682735E-02    1.2382507E-02
    1.2020000E+00    1.2649545E-02    1.2350654E-02
    1.2060000E+00    1.2616449E-02    1.2318891E-02
    1.2100000E+00    1.2583448E-02    1.2287218E-02
    1.2140000E+00    1.2550541E-02    1.2255634E-02
    1.2180000E+00    1.2517728E-02    1.2224139E-02
    1.2220000E+00    1.2485009E-02    1.2192733E-02
    1.2260000E+00    1.2452383E-02    1.2161416E-02
    1.2300000E+00    1.2419850E-02    1.2130187E-02
    1.2340000E+00    1.2387410E-02    1.2099046E-02
    1.2380000E+00    1.2355063E-02    1.2067993E-02
    1.2420000E+00    1.2322809E-02    1.2037028E-02
    1.2460000E+00    1.2290647E-02    1.2006151E-02
    1.2500000E+00    1.2258576E-02    1.1975360E-02
    1.2540000E+00    1.2226598E-02    1.1944657E-02
    1.2580000E+00    1.2194711E-02    1.1914040E-02
    1.2620000E+00    1.2162915E-02    1.1883510E-02
    1.2660000E+00    1.2131211E-02    1.1853067E-02
    1.2700000E+00    1.2099597E-02    1.1822709E-02
    1.2740000E+00    1.2068074E-02    1.1792438E-02
    1.2780000E+00    1.2036641E-02    1.1762252E-02
    1.2820000E+00    1.2005298E-02    1.1732151E-02
    1.2860000E+00    1.1974045E-02    1.1702136E-02
    1.2900000E+00    1.1942882E-02    1.1672206E-02
    1.2940000E+00    1.1911808E-02    1.1642361E-02
    1.2980000E+00    1.1880823E-02    1.1612601E-02
    1.3020000E+00    1.1849927E-02    1.1582924E-02
    1.3060000E+00    1.1819120E-02    1.1553333E-02
    1.3100000E+00    1.1788402E-02    1.1523825E-02
    1.3140000E+00    1.1757771E-02    1.1494400E-02
    1.3180000E+00    1.1727229E-02    1.1465060E-02
    1.3220000E+00    1.1696774E-02    1.1435802E-02
    1.3260000E+00    1.1666407E-02    1.1406628E-02
    1.3300000E+00    1.1636128E-02    1.1377537E-02
    1.3340000E+00    1.1605935E-02    1.1348528E-02
    1.3380000E+00    1.1575829E-02    1.1319602E-02
    1.3420000E+00    1.1545810E-02    1.1290758E-02
    1.3460000E+00    1.1515878E-02    1.1261996E-02
    1.3500000E+00    1.1486031E-02    1.1233316E-02
    1.3540000E+00    1.1456271E-02    1.1204718E-02
    1.3580000E+00    1.1426596E-02    1.1176201E-02
    1.3620000E+00    1.1397007E-02    1.1147765E-02
    1.3660000E+00    1.1367503E-02    1.1119411E-02
    1.3700000E+00    1.1338085E-02    1.1091137E-02
    1.3740000E+00    1.1308751E-02    1.1062944E-02
    1.3780000E+00    1.1279502E-02    1.1034831E-02
    1.3820000E+00    1.1250337E-02    1.1006798E-02
    1.3860000E+00    1.1221257E-02    1.0978846E-02
    1.3900000E+00    1.1192260E-02    1.0950973E-02
    1.3940000E+00    1.1163347E-02    1.0923180E-02
    1.3980000E+00    1.1134518E-02    1.0895466E-02
    1.4020000E+00    1.1105772E-02    1.0867832E-02
    1.4060000E+00    1.1077110E-02    1.0840276E-02
    1.4100000E+00    1.1048530E-02    1.0812799E-02
    1.4140000E+00    1.1020033E-02    1.0785401E-02
    1.4180000E+00    1.0991619E-02    1.0758081E-02
    1.4220000E+00    1.0963286E-02    1.0730840E-02
    1.4260000E+00    1.0935036E-02    1.0703676E-02
    1.4300000E+00    1.0906868E-02    1.0676590E-02
    1.4340000E+00    1.0878781E-02    1.0649582E-02
    1.4380000E+00    1.0850776E-02    1.0622651E-02
    1.4420000E+00    1.0822852E-02    1.0595797E-02
    1.4460000E+00    1.0795009E-02    1.0569021E-02
    1.4500000E+00    1.0767247E-02    1.0542321E-02
    1.4540000E+00    1.0739565E-02    1.0515698E-02
    1.4580000E+00    1.0711964E-02    1.0489151E-02
    1.4620000E+00    1.0684443E-02    1.0462681E-02
    1.4660000E+00    1.0657002E-02    1.0436286E-02
    1.4700000E+00    1.0629641E-02    1.0409968E-02
    1.4740000E+00    1.0602359E-02    1.0383725E-02
    1.4780000E+00    1.0575157E-02    1.0357558E-02
    1.4820000E+00    1.0548034E-02    1.0331465E-02
    1.4860000E+00    1.0520990E-02    1.0305448E-02
    1.4900000E+00    1.0494024E-02    1.0279506E-02
    1.4940000E+00    1.0467137E-02    1.0253639E-02
    1.4980000E+00    1.0440329E-02    1.0227846E-02
    1.5020000E+00    1.0413599E-02    1.0202127E-02
    1.5060000E+00    1.0386946E-02    1.0176483E-02
    1.5100000E+00    1.0360372E-02    1.0150913E-02
    1.5140000E+00    1.0333875E-02    1.0125416E-02
    1.5180000E+00    1.0307455E-02    1.0099993E-02
    1.5220000E+00    1.0281113E-02    1.0074643E-02
    1.5260000E+00    1.0254847E-02    1.0049367E-02
    1.5300000E+00    1.0228658E-02    1.0024164E-02
    1.5340000E+00    1.0202546E-02    9.9990331E-03
    1.5380000E+00    1.0176510E-02    9.9739753E-03
    1.5420000E+00    1.0150551E-02    9.9489900E-03
    1.5460000E+00    1.0124667E-02    9.9240770E-03
    1.5500000E+00    1.0098859E-02    9.8992361E-03
    1.5540000E+00    1.0073127E-02    9.8744672E-03
    1.5580000E+00    1.0047470E-02    9.8497701E-03
    1.5620000E+00    1.0021888E-02    9.8251446E-03
    1.5660000E+00    9.9963817E-03    9.8005905E-03
    1.5700000E+00    9.9709500E-03    9.7761076E-03
    1.5740000E+00    9.9455929E-03    9.7516958E-03
    1.5780000E+00    9.9203102E-03    9.7273549E-03
    1.5820000E+00    9.8951018E-03    9.7030846E-03
    1.5860000E+00    9.8699675E-03    9.6788850E-03
    1.5900000E+00    9.8449070E-03    9.6547556E-03
    1.5940000E+00    9.8199203E-03    9.6306965E-03
    1.5980000E+00    9.7950071E-03    9.6067073E-03
    1.6020000E+00    9.7701672E-03    9.5827880E-03
    1.6060000E+00    9.7454005E-03    9.5589383E-03
    1.6100000E+00    9.7207067E-03    9.5351581E-03
    1.6140000E+00    9.6960856E-03    9.5114472E-03
    1.6180000E+00    9.6715372E-03    9.4878055E-03
    1.6220000E+00    9.6470612E-03    9.4642327E-03
    1.6260000E+00    9.6226574E-03    9.4407288E-03
    1.6300000E+00    9.5983256E-03    9.4172934E-03
    1.6340000E+00    9.5740657E-03    9.3939265E-03
    1.6380000E+00    9.5498775E-03    9.3706279E-03
    1.6420000E+00    9.5257607E-03    9.3473974E-03
    1.6460000E+00    9.5017153E-03    9.3242348E-03
    1.6500000E+00    9.4777410E-03    9.3011400E-03
    1.6540000E+00    9.4538376E-03    9.2781129E-03
    1.6580000E+00    9.4300051E-03    9.2551532E-03
    1.6620000E+00    9.4062431E-03    9.2322607E-03
    1.6660000E+00    9.3825515E-03    9.2094354E-03
    1.6700000E+00    9.3589302E-03    9.1866770E-03
    1.6740000E+00    9.3353790E-03    9.1639853E-03
    1.6780000E+00    9.3118976E-03    9.1413603E-03
    1.6820000E+00    9.2884860E-03    9.1188018E-03
    1.6860000E+00    9.2651439E-03    9.0963095E-03
    1.6900000E+00    9.2418711E-03    9.0738834E-03
    1.6940000E+00    9.2186676E-03    9.0515232E-03
    1.6980000E+00    9.1955330E-03    9.0292288E-03
    1.7020000E+00    9.1724673E-03    9.0070000E-03
    1.7060000E+00    9.1494703E-03    8.9848367E-03
    1.7100000E+00    9.1265417E-03    8.9627387E-03
    1.7140000E+00    9.1036815E-03    8.9407059E-03
    1.7180000E+00    9.0808895E-03    8.9187381E-03
    1.7220000E+00    9.0581654E-03    8.8968351E-03
    1.7260000E+00    9.0355091E-03    8.8749968E-03
    1.7300000E+00    9.0129205E-03    8.8532229E-03
    1.7340000E+00    8.9903994E-03    8.8315135E-03
    1.7380000E+00    8.9679455E-03    8.8098682E-03
    1.7420000E+00    8.9455589E-03    8.7882870E-03
    1.7460000E+00    8.9232391E-03    8.7667697E-03
    1.7500000E+00    8.9009862E-03    8.7453161E-03
    1.7540000E+00    8.8787999E-03    8.7239260E-03
    1.7580000E+00    8.8566801E-03    8.7025994E-03
    1.7620000E+00    8.8346266E-03    8.6813360E-03
    1.7660000E+00    8.8126393E-03    8.6601358E-03
    1.7700000E+00    8.7907179E-03    8.6389985E-03
    1.7740000E+00    8.7688623E-03    8.6179240E-03
    1.7780000E+00    8.7470724E-03    8.5969121E-03
    1.7820000E+00    8.7253479E-03    8.5759628E-03
    1.7860000E+00    8.7036888E-03    8.5550757E-03
    1.7900000E+00    8.6820949E-03    8.5342509E-03
    1.7940000E+00    8.6605659E-03    8.5134881E-03
    1.7980000E+00    8.6391018E-03    8.4927872E-03
    1.8020000E+00    8.6177024E-03    8.4721481E-03
    1.8060000E+00    8.5963674E-03    8.4515705E-03
    1.8100000E+00    8.5750969E-03    8.4310543E-03
    1.8140000E+00    8.5538905E-03    8.4105995E-03
    1.8180000E+00    8.5327482E-03    8.3902058E-03
    1.8220000E+00    8.5116698E-03    8.3698731E-03
    1.8260000E+00    8.4906550E-03    8.3496012E-03
    1.8300000E+00    8.4697039E-03    8.3293900E-03
    1.8340000E+00    8.4488162E-03    8.3092394E-03
    1.8380000E+00    8.4279917E-03    8.2891492E-03
    1.8420000E+00    8.4072303E-03    8.2691192E-03
    1.8460000E+00    8.3865318E-03    8.2491493E-03
    1.8500000E+00    8.3658962E-03    8.2292395E-03
    1.8540000E+00    8.3453232E-03    8.2093894E-03
    1.8580000E+00    8.3248126E-03    8.1895990E-03
    1.8620000E+00    8.3043644E-03    8.1698682E-03
    1.8660000E+00    8.2839784E-03    8.1501967E-03
    1.8700000E+00    8.2636544E-03    8.1305845E-03
    1.8740000E+00    8.2433922E-03    8.1110314E-03
    1.8780000E+00    8.2231918E-03    8.0915372E-03
    1.8820000E+00    8.2030529E-03    8.0721019E-03
    1.8860000E+00    8.1829754E-03    8.0527253E-03
    1.8900000E+00    8.1629593E-03    8.0334072E-03
    1.8940000E+00    8.1430042E-03    8.0141475E-03
    1.8980000E+00    8.1231101E-03    7.9949461E-03
    1.9020000E+00    8.1032768E-03    7.9758027E-03
    1.9060000E+00    8.0835042E-03    7.9567174E-03
    1.9100000E+00    8.0637921E-03    7.9376899E-03
    1.9140000E+00    8.0441403E-03    7.9187201E-03
    1.9180000E+00    8.0245488E-03    7.8998079E-03
    1.9220000E+00    8.0050174E-03    7.8809531E-03
    1.9260000E+00    7.9855459E-03    7.8621556E-03
    1.9300000E+00    7.9661342E-03    7.8434153E-03
    1.9340000E+00    7.9467821E-03    7.8247320E-03
    1.9380000E+00    7.9274896E-03    7.8061055E-03
    1.9420000E+00    7.9082564E-03    7.7875359E-03
    1.9460000E+00    7.8890824E-03    7.7690228E-03
    1.9500000E+00    7.8699674E-03    7.7505662E-03
    1.9540000E+00    7.8509114E-03    7.7321660E-03
    1.9580000E+00    7.8319142E-03    7.7138219E-03
    1.9620000E+00    7.8129756E-03    7.6955340E-03
    1.9660000E+00    7.7940955E-03    7.6773020E-03
    1.9700000E+00    7.7752738E-03    7.6591258E-03
    1.9740000E+00    7.7565102E-03    7.6410052E-03
    1.9780000E+00    7.7378048E-03    7.6229403E-03
    1.9820000E+00    7.7191573E-03    7.6049307E-03
    1.9860000E+00    7.7005675E-03    7.5869765E-03
    1.9900000E+00    7.6820355E-03    7.5690774E-03
    1.9940000E+00    7.6635609E-03    7.5512333E-03
    1.9980000E+00    7.6451437E-03    7.5334441E-03
    2.0020000E+00    7.6267838E-03    7.5157097E-03
    2.0060000E+00    7.6084810E-03    7.4980300E-03
    2.0100000E+00    7.5902351E-03    7.4804047E-03
    2.0140000E+00    7.5720461E-03    7.4628338E-03
    2.0180000E+00    7.5539137E-03    7.4453172E-03
    2.0220000E+00    7.5358380E-03    7.4278547E-03
    2.0260000E+00    7.5178186E-03    7.4104462E-03
    2.0300000E+00    7.4998555E-03    7.3930916E-03
    2.0340000E+00    7.4819486E-03    7.3757908E-03
    2.0380000E+00    7.4640977E-03    7.3585435E-03
    2.0420000E+00    7.4463027E-03    7.3413498E-03
    2.0460000E+00    7.4285635E-03    7.3242094E-03
    2.0500000E+00    7.4108798E-03    7.3071223E-03
    2.0540000E+00    7.3932517E-03    7.2900883E-03
    2.0580000E+00    7.3756789E-03    7.2731073E-03
    2.0620000E+00    7.3581613E-03    7.2561792E-03
    2.0660000E+00    7.3406988E-03    7.2393038E-03
    2.0700000E+00    7.3232913E-03    7.2224811E-03
    2.0740000E+00    7.3059386E-03    7.2057109E-03
    2.0780000E+00    7.2886407E-03    7.1889930E-03
    2.0820000E+00    7.2713973E-03    7.1723275E-03
    2.0860000E+00    7.2542083E-03    7.1557141E-03
    2.0900000E+00    7.2370737E-03    7.1391527E-03
    2.0940000E+00    7.2199932E-03    7.1226432E-03
    2.0980000E+00    7.2029668E-03    7.1061855E-03
    2.1020000E+00    7.1859944E-03    7.0897794E-03
    2.1060000E+00    7.1690757E-03    7.0734249E-03
    2.1100000E+00    7.1522107E-03    7.0571219E-03
    2.1140000E+00    7.1353993E-03    7.0408701E-03
    2.1180000E+00    7.1186413E-03    7.0246695E-03
    2.1220000E+00    7.1019366E-03    7.0085200E-03
    2.1260000E+00    7.0852851E-03    6.9924215E-03
    2.1300000E+00    7.0686866E-03    6.9763738E-03
    2.1340000E+00    7.0521411E-03    6.9603768E-03
    2.1380000E+00    7.0356483E-03    6.9444305E-03
    2.1420000E+00    7.0192083E-03    6.9285346E-03
    2.1460000E+00    7.0028208E-03    6.9126891E-03
    2.1500000E+00    6.9864857E-03    6.8968938E-03
    2.1540000E+00    6.9702030E-03    6.8811487E-03
    2.1580000E+00    6.9539724E-03    6.8654537E-03
    2.1620000E+00    6.9377939E-03    6.8498085E-03
    2.1660000E+00    6.9216674E-03    6.8342132E-03
    2.1700000E+00    6.9055927E-03    6.8186675E-03
    2.1740000E+00    6.8895697E-03    6.8031714E-03
    2.1780000E+00    6.8735983E-03    6.7877248E-03
    2.1820000E+00    6.8576783E-03    6.7723275E-03
    2.1860000E+00    6.8418097E-03    6.7569795E-03
    2.1900000E+00    6.8259924E-03    6.7416806E-03
    2.1940000E+00    6.8102261E-03    6.7264308E-03
    2.1980000E+00    6.7945109E-03    6.7112298E-03
    2.2020000E+00    6.7788465E-03    6.6960776E-03
    2.2060000E+00    6.7632329E-03    6.6809741E-03
    2.2100000E+00    6.7476699E-03    6.6659192E-03
    2.2140000E+00    6.7321574E-03    6.6509128E-03
    2.2180000E+00    6.7166954E-03    6.6359547E-03
    2.2220000E+00    6.7012837E-03    6.6210449E-03
    2.2260000E+00    6.6859221E-03    6.6061832E-03
    2.2300000E+00    6.6706106E-03    6.5913695E-03
    2.2340000E+00    6.6553490E-03    6.5766038E-03
    2.2380000E+00    6.6401373E-03    6.5618859E-03
    2.2420000E+00    6.6249753E-03    6.5472157E-03
    2.2460000E+00    6.6098629E-03    6.5325931E-03
    2.2500000E+00    6.5948000E-03    6.5180180E-03
    2.2540000E+00    6.5797865E-03    6.5034903E-03
    2.2580000E+00    6.5648223E-03    6.4890099E-03
    2.2620000E+00    6.5499072E-03    6.4745766E-03
    2.2660000E+00    6.5350412E-03    6.4601905E-03
    2.2700000E+00    6.5202241E-03    6.4458513E-03
    2.2740000E+00    6.5054558E-03    6.4315590E-03
    2.2780000E+00    6.4907363E-03    6.4173135E-03
    2.2820000E+00    6.4760653E-03    6.4031146E-03
    2.2860000E+00    6.4614429E-03    6.3889623E-03
    2.2900000E+00    6.4468688E-03    6.3748564E-03
    2.2940000E+00    6.4323430E-03    6.3607969E-03
    2.2980000E+00    6.4178654E-03    6.3467837E-03
    2.3020000E+00    6.4034358E-03    6.3328165E-03
    2.3060000E+00    6.3890542E-03    6.3188955E-03
    2.3100000E+00    6.3747205E-03    6.3050204E-03
    2.3140000E+00    6.3604344E-03    6.2911911E-03
    2.3180000E+00    6.3461960E-03    6.2774076E-03
    2.3220000E+00    6.3320052E-03    6.2636697E-03
    2.3260000E+00    6.3178617E-03    6.2499774E-03
    2.3300000E+00    6.3037655E-03    6.2363305E-03
    2.3340000E+00    6.2897166E-03    6.2227290E-03
    2.3380000E+00    6.2757148E-03    6.2091727E-03
    2.3420000E+00    6.2617599E-03    6.1956616E-03
    2.3460000E+00    6.2478520E-03    6.1821955E-03
    2.3500000E+00    6.2339908E-03    6.1687744E-03
    2.3540000E+00    6.2201763E-03    6.1553982E-03
    2.3580000E+00    6.2064084E-03    6.1420667E-03
    2.3620000E+00    6.1926870E-03    6.1287798E-03
    2.3660000E+00    6.1790120E-03    6.1155375E-03
    2.3700000E+00    6.1653832E-03    6.1023398E-03
    2.3740000E+00    6.1518006E-03    6.0891863E-03
    2.3780000E+00    6.1382640E-03    6.0760772E-03
    2.3820000E+00    6.1247735E-03    6.0630122E-03
    2.3860000E+00    6.1113288E-03    6.0499914E-03
    2.3900000E+00    6.0979299E-03    6.0370145E-03
    2.3940000E+00    6.0845766E-03    6.0240815E-03
    2.3980000E+00    6.0712689E-03    6.0111924E-03
    2.4020000E+00    6.0580067E-03    5.9983469E-03
    2.4060000E+00    6.0447898E-03    5.9855451E-03
    2.4100000E+00    6.0316182E-03    5.9727868E-03
    2.4140000E+00    6.0184918E-03    5.9600719E-03
    2.4180000E+00    6.0054105E-03    5.9474004E-03
    2.4220000E+00    5.9923741E-03    5.9347721E-03
    2.4260000E+00    5.9793826E-03    5.9221870E-03
    2.4300000E+00    5.9664359E-03    5.9096449E-03
    2.4340000E+00    5.9535339E-03    5.8971459E-03
    2.4380000E+00    5.9406764E-03    5.8846897E-03
    2.4420000E+00    5.9278635E-03    5.8722763E-03
    2.4460000E+00    5.9150949E-03    5.8599056E-03
    2.4500000E+00    5.9023706E-03    5.8475775E-03
    2.4540000E+00    5.8896906E-03    5.8352920E-03
    2.4580000E+00    5.8770546E-03    5.8230489E-03
    2.4620000E+00    5.8644627E-03    5.8108481E-03
    2.4660000E+00    5.8519147E-03    5.7986896E-03
    2.4700000E+00    5.8394105E-03    5.7865733E-03
    2.4740000E+00    5.8269501E-03    5.7744990E-03
    2.4780000E+00    5.8145333E-03    5.7624668E-03
    2.4820000E+00    5.8021600E-03    5.7504764E-03
    2.4860000E+00    5.7898302E-03    5.7385279E-03
    2.4900000E+00    5.7775438E-03    5.7266211E-03
    2.4940000E+00    5.7653006E-03    5.7147560E-03
    2.4980000E+00    5.7531006E-03    5.7029324E-03
    2.5020000E+00    5.7409437E-03    5.6911503E-03
    2.5060000E+00    5.7288298E-03    5.6794096E-03
    2.5100000E+00    5.7167588E-03    5.6677102E-03
    2.5140000E+00    5.7047306E-03    5.6560520E-03
    2.5180000E+00    5.6927451E-03    5.6444349E-03
    2.5220000E+00    5.6808023E-03    5.6328589E-03
    2.5260000E+00    5.6689020E-03    5.6213239E-03
    2.5300000E+00    5.6570442E-03    5.6098297E-03
    2.5340000E+00    5.6452288E-03    5.5983764E-03
    2.5380000E+00    5.6334556E-03    5.5869637E-03
    2.5420000E+00    5.6217247E-03    5.5755917E-03
    2.5460000E+00    5.6100358E-03    5.5642603E-03
    2.5500000E+00    5.5983889E-03    5.5529693E-03
    2.5540000E+00    5.5867840E-03    5.5417187E-03
    2.5580000E+00    5.5752210E-03    5.5305084E-03
    2.5620000E+00    5.5636997E-03    5.5193383E-03
    2.5660000E+00    5.5522200E-03    5.5082084E-03
    2.5700000E+00    5.5407820E-03    5.4971185E-03
    2.5740000E+00    5.5293854E-03    5.4860687E-03
    2.5780000E+00    5.5180303E-03    5.4750587E-03
    2.5820000E+00    5.5067165E-03    5.4640885E-03
    2.5860000E+00    5.4954439E-03    5.4531581E-03
    2.5900000E+00    5.4842125E-03    5.4422674E-03
    2.5940000E+00    5.4730222E-03    5.4314162E-03
    2.5980000E+00    5.4618729E-03    5.4206045E-03
    2.6020000E+00    5.4507644E-03    5.4098323E-03
    2.6060000E+00    5.4396969E-03    5.3990994E-03
    2.6100000E+00    5.4286700E-03    5.3884058E-03
    2.6140000E+00    5.4176838E-03    5.3777514E-03
    2.6180000E+00    5.4067382E-03    5.3671361E-03
    2.6220000E+00    5.3958331E-03    5.3565598E-03
    2.6260000E+00    5.3849684E-03    5.3460225E-03
    2.6300000E+00    5.3741441E-03    5.3355240E-03
    2.6340000E+00    5.3633600E-03    5.3250644E-03
    2.6380000E+00    5.3526161E-03    5.3146435E-03
    2.6420000E+00    5.3419122E-03    5.3042613E-03
    2.6460000E+00    5.3312484E-03    5.2939177E-03
    2.6500000E+00    5.3206246E-03    5.2836125E-03
    2.6540000E+00    5.3100405E-03    5.2733458E-03
    2.6580000E+00    5.2994963E-03    5.2631175E-03
    2.6620000E+00    5.2889917E-03    5.2529274E-03
    2.6660000E+00    5.2785268E-03    5.2427756E-03
    2.6700000E+00    5.2681014E-03    5.2326619E-03
    2.6740000E+00    5.2577155E-03    5.2225862E-03
    2.6780000E+00    5.2473689E-03    5.2125485E-03
    2.6820000E+00    5.2370617E-03    5.2025488E-03
    2.6860000E+00    5.2267937E-03    5.1925869E-03
    2.6900000E+00    5.2165648E-03    5.1826628E-03
    2.6940000E+00    5.2063751E-03    5.1727763E-03
    2.6980000E+00    5.1962243E-03    5.1629275E-03
    2.7020000E+00    5.1861124E-03    5.1531163E-03
    2.7060000E+00    5.1760394E-03    5.1433425E-03
    2.7100000E+00    5.1660052E-03    5.1336061E-03
    2.7140000E+00    5.1560097E-03    5.1239071E-03
    2.7180000E+00    5.1460528E-03    5.1142454E-03
    2.7220000E+00    5.1361344E-03    5.1046209E-03
    2.7260000E+00    5.1262545E-03    5.0950335E-03
    2.7300000E+00    5.1164131E-03    5.0854832E-03
    2.7340000E+00    5.1066099E-03    5.0759698E-03
    2.7380000E+00    5.0968450E-03    5.0664934E-03
    2.7420000E+00    5.0871183E-03    5.0570538E-03
    2.7460000E+00    5.0774297E-03    5.0476511E-03
    2.7500000E+00    5.0677791E-03    5.0382850E-03
    2.7540000E+00    5.0581665E-03    5.0289556E-03
    2.7580000E+00    5.0485918E-03    5.0196628E-03
    2.7620000E+00    5.0390549E-03    5.0104065E-03
    2.7660000E+00    5.0295558E-03    5.0011867E-03
    2.7700000E+00    5.0200944E-03    4.9920032E-03
    2.7740000E+00    5.0106705E-03    4.9828561E-03
    2.7780000E+00    5.0012842E-03    4.9737452E-03
    2.7820000E+00    4.9919354E-03    4.9646705E-03
    2.7860000E+00    4.9826239E-03    4.9556319E-03
    2.7900000E+00    4.9733498E-03    4.9466293E-03
    2.7940000E+00    4.9641130E-03    4.9376628E-03
    2.7980000E+00    4.9549133E-03    4.9287322E-03
    2.8020000E+00    4.9457507E-03    4.9198374E-03
    2.8060000E+00    4.9366253E-03    4.9109784E-03
    2.8100000E+00    4.9275368E-03    4.9021552E-03
    2.8140000E+00    4.9184852E-03    4.8933676E-03
    2.8180000E+00    4.9094704E-03    4.8846156E-03
    2.8220000E+00    4.9004925E-03    4.8758991E-03
    2.8260000E+00    4.8915512E-03    4.8672182E-03
    2.8300000E+00    4.8826466E-03    4.8585726E-03
    2.8340000E+00    4.8737786E-03    4.8499624E-03
    2.8380000E+00    4.8649471E-03    4.8413875E-03
    2.8420000E+00    4.8561521E-03    4.8328478E-03
    2.8460000E+00    4.8473934E-03    4.8243432E-03
    2.8500000E+00    4.8386711E-03    4.8158738E-03
    2.8540000E+00    4.8299850E-03    4.8074394E-03
    2.8580000E+00    4.8213351E-03    4.7990399E-03
    2.8620000E+00    4.8127213E-03    4.7906754E-03
    2.8660000E+00    4.8041436E-03    4.7823458E-03
    2.8700000E+00    4.7956019E-03    4.7740509E-03
    2.8740000E+00    4.7870961E-03    4.7657908E-03
    2.8780000E+00    4.7786262E-03    4.7575653E-03
    2.8820000E+00    4.7701920E-03    4.7493745E-03
    2.8860000E+00    4.7617937E-03    4.7412182E-03
    2.8900000E+00    4.7534310E-03    4.7330965E-03
    2.8940000E+00    4.7451039E-03    4.7250091E-03
    2.8980000E+00    4.7368124E-03    4.7169562E-03
    2.9020000E+00    4.7285563E-03    4.7089375E-03
    2.9060000E+00    4.7203357E-03    4.7009532E-03
    2.9100000E+00    4.7121505E-03    4.6930030E-03
    2.9140000E+00    4.7040005E-03    4.6850870E-03
    2.9180000E+00    4.6958859E-03    4.6772050E-03
    2.9220000E+00    4.6878064E-03    4.6693571E-03
    2.9260000E+00    4.6797620E-03    4.6615432E-03
    2.9300000E+00    4.6717527E-03    4.6537632E-03
    2.9340000E+00    4.6637784E-03    4.6460171E-03
    2.9380000E+00    4.6558390E-03    4.6383047E-03
    2.9420000E+00    4.6479346E-03    4.6306262E-03
    2.9460000E+00    4.6400649E-03    4.6229813E-03
    2.9500000E+00    4.6322301E-03    4.6153700E-03
    2.9540000E+00    4.6244299E-03    4.6077924E-03
    2.9580000E+00    4.6166644E-03    4.6002482E-03
    2.9620000E+00    4.6089335E-03    4.5927376E-03
    2.9660000E+00    4.6012372E-03    4.5852604E-03
    2.9700000E+00    4.5935753E-03    4.5778165E-03
    2.9740000E+00    4.5859478E-03    4.5704059E-03
    2.9780000E+00    4.5783547E-03    4.5630286E-03
    2.9820000E+00    4.5707959E-03    4.5556846E-03
    2.9860000E+00    4.5632714E-03    4.5483736E-03
    2.9900000E+00    4.5557810E-03    4.5410958E-03
    2.9940000E+00    4.5483248E-03    4.5338510E-03
    2.9980000E+00    4.5409027E-03    4.5266392E-03
    3.0020000E+00    4.5335146E-03    4.5194603E-03
    3.0060000E+00    4.5261605E-03    4.5123144E-03
    3.0100000E+00    4.5188403E-03    4.5052012E-03
    3.0140000E+00    4.5115540E-03    4.4981209E-03
    3.0180000E+00    4.5043014E-03    4.4910733E-03
    3.0220000E+00    4.4970827E-03    4.4840584E-03
    3.0260000E+00    4.4898976E-03    4.4770761E-03
    3.0300000E+00    4.4827462E-03    4.4701264E-03
    3.0340000E+00    4.4756284E-03    4.4632092E-03
    3.0380000E+00    4.4685441E-03    4.4563245E-03
    3.0420000E+00    4.4614933E-03    4.4494722E-03
    3.0460000E+00    4.4544760E-03    4.4426523E-03
    3.0500000E+00    4.4474920E-03    4.4358648E-03
    3.0540000E+00    4.4405413E-03    4.4291095E-03
    3.0580000E+00    4.4336240E-03    4.4223865E-03
    3.0620000E+00    4.4267399E-03    4.4156957E-03
    3.0660000E+00    4.4198889E-03    4.4090370E-03
    3.0700000E+00    4.4130711E-03    4.4024103E-03
    3.0740000E+00    4.4062863E-03    4.3958158E-03
    3.0780000E+00    4.3995346E-03    4.3892532E-03
    3.0820000E+00    4.3928158E-03    4.3827226E-03
    3.0860000E+00    4.3861300E-03    4.3762238E-03
    3.0900000E+00    4.3794771E-03    4.3697569E-03
    3.0940000E+00    4.3728569E-03    4.3633219E-03
    3.0980000E+00    4.3662696E-03    4.3569185E-03
    3.1020000E+00    4.3597149E-03    4.3505469E-03
    3.1060000E+00    4.3531930E-03    4.3442070E-03
    3.1100000E+00    4.3467037E-03    4.3378987E-03
    3.1140000E+00    4.3402469E-03    4.3316219E-03
    3.1180000E+00    4.3338227E-03    4.3253767E-03
    3.1220000E+00    4.3274310E-03    4.3191629E-03
    3.1260000E+00    4.3210717E-03    4.3129806E-03
    3.1300000E+00    4.3147448E-03    4.3068297E-03
    3.1340000E+00    4.3084502E-03    4.3007102E-03
    3.1380000E+00    4.3021879E-03    4.2946219E-03
    3.1420000E+00    4.2959579E-03    4.2885649E-03
    3.1460000E+00    4.2897601E-03    4.2825392E-03
    3.1500000E+00    4.2835944E-03    4.2765446E-03
    3.1540000E+00    4.2774608E-03    4.2705811E-03
    3.1580000E+00    4.2713593E-03    4.2646487E-03
    3.1620000E+00    4.2652899E-03    4.2587474E-03
    3.1660000E+00    4.2592523E-03    4.2528770E-03
    3.1700000E+00    4.2532468E-03    4.2470376E-03
    3.1740000E+00    4.2472731E-03    4.2412292E-03
    3.1780000E+00    4.2413312E-03    4.2354516E-03
    3.1820000E+00    4.2354211E-03    4.2297048E-03
    3.1860000E+00    4.2295428E-03    4.2239888E-03
    3.1900000E+00    4.2236962E-03    4.2183036E-03
    3.1940000E+00    4.2178813E-03    4.2126491E-03
    3.1980000E+00    4.2120979E-03    4.2070253E-03
    3.2020000E+00    4.2063462E-03    4.2014320E-03
    3.2060000E+00    4.2006260E-03    4.1958694E-03
    3.2100000E+00    4.1949372E-03    4.1903373E-03
    3.2140000E+00    4.1892799E-03    4.1848357E-03
    3.2180000E+00    4.1836541E-03    4.1793646E-03
    3.2220000E+00    4.1780595E-03    4.1739239E-03
    3.2260000E+00    4.1724963E-03    4.1685136E-03
    3.2300000E+00    4.1669644E-03    4.1631337E-03
    3.2340000E+00    4.1614638E-03    4.1577840E-03
    3.2380000E+00    4.1559943E-03    4.1524646E-03
    3.2420000E+00    4.1505560E-03    4.1471755E-03
    3.2460000E+00    4.1451488E-03    4.1419165E-03
    3.2500000E+00    4.1397726E-03    4.1366877E-03
    3.2540000E+00    4.1344275E-03    4.1314891E-03
    3.2580000E+00    4.1291134E-03    4.1263205E-03
    3.2620000E+00    4.1238303E-03    4.1211819E-03
    3.2660000E+00    4.1185781E-03    4.1160733E-03
    3.2700000E+00    4.1133567E-03    4.1109948E-03
    3.2740000E+00    4.1081662E-03    4.1059461E-03
    3.2780000E+00    4.1030065E-03    4.1009273E-03
    3.2820000E+00    4.0978776E-03    4.0959384E-03
    3.2860000E+00    4.0927794E-03    4.0909794E-03
    3.2900000E+00    4.0877118E-03    4.0860501E-03
    3.2940000E+00    4.0826750E-03    4.0811505E-03
    3.2980000E+00    4.0776687E-03    4.0762807E-03
    3.3020000E+00    4.0726930E-03    4.0714405E-03
    3.3060000E+00    4.0677478E-03    4.0666300E-03
    3.3100000E+00    4.0628332E-03    4.0618492E-03
    3.3140000E+00    4.0579490E-03    4.0570978E-03
    3.3180000E+00    4.0530952E-03    4.0523761E-03
    3.3220000E+00    4.0482718E-03    4.0476838E-03
    3.3260000E+00    4.0434788E-03    4.0430210E-03
    3.3300000E+00    4.0387161E-03    4.0383877E-03
    3.3340000E+00    4.0339837E-03    4.0337837E-03
    3.3380000E+00    4.0292815E-03    4.0292091E-03
    3.3420000E+00    4.0246095E-03    4.0246639E-03
    3.3460000E+00    4.0199677E-03    4.0201480E-03
    3.3500000E+00    4.0153561E-03    4.0156613E-03
    3.3540000E+00    4.0107746E-03    4.0112039E-03
    3.3580000E+00    4.0062231E-03    4.0067757E-03
    3.3620000E+00    4.0017017E-03    4.0023767E-03
    3.3660000E+00    3.9972103E-03    3.9980068E-03
    3.3700000E+00    3.9927489E-03    3.9936661E-03
    3.3740000E+00    3.9883174E-03    3.9893544E-03
    3.3780000E+00    3.9839158E-03    3.9850717E-03
    3.3820000E+00    3.9795441E-03    3.9808181E-03
    3.3860000E+00    3.9752022E-03    3.9765935E-03
    3.3900000E+00    3.9708902E-03    3.9723979E-03
    3.3940000E+00    3.9666079E-03    3.9682311E-03
    3.3980000E+00    3.9623553E-03    3.9640933E-03
    3.4020000E+00    3.9581325E-03    3.9599844E-03
    3.4060000E+00    3.9539394E-03    3.9559042E-03
    3.4100000E+00    3.9497759E-03    3.9518529E-03
    3.4140000E+00    3.9456421E-03    3.9478304E-03
    3.4180000E+00    3.9415378E-03    3.9438366E-03
    3.4220000E+00    3.9374631E-03    3.9398716E-03
    3.4260000E+00    3.9334179E-03    3.9359352E-03
    3.4300000E+00    3.9294022E-03    3.9320275E-03
    3.4340000E+00    3.9254160E-03    3.9281485E-03
    3.4380000E+00    3.9214592E-03    3.9242980E-03
    3.4420000E+00    3.9175319E-03    3.9204762E-03
    3.4460000E+00    3.9136339E-03    3.9166828E-03
    3.4500000E+00    3.9097653E-03    3.9129181E-03
    3.4540000E+00    3.9059260E-03    3.9091818E-03
    3.4580000E+00    3.9021160E-03    3.9054740E-03
    3.4620000E+00    3.8983352E-03    3.9017946E-03
    3.4660000E+00    3.8945837E-03    3.8981437E-03
    3.4700000E+00    3.8908614E-03    3.8945211E-03
    3.4740000E+00    3.8871683E-03    3.8909269E-03
    3.4780000E+00    3.8835044E-03    3.8873611E-03
    3.4820000E+00    3.8798696E-03    3.8838236E-03
    3.4860000E+00    3.8762638E-03    3.8803143E-03
    3.4900000E+00    3.8726872E-03    3.8768334E-03
    3.4940000E+00    3.8691396E-03    3.8733806E-03
    3.4980000E+00    3.8656210E-03    3.8699561E-03
    3.5020000E+00    3.8621314E-03    3.8665598E-03
    3.5060000E+00    3.8586708E-03    3.8631916E-03
    3.5100000E+00    3.8552392E-03    3.8598516E-03
    3.5140000E+00    3.8518364E-03    3.8565397E-03
    3.5180000E+00    3.8484626E-03    3.8532559E-03
    3.5220000E+00    3.8451176E-03    3.8500002E-03
    3.5260000E+00    3.8418014E-03    3.8467725E-03
    3.5300000E+00    3.8385141E-03    3.8435728E-03
    3.5340000E+00    3.8352556E-03    3.8404011E-03
    3.5380000E+00    3.8320258E-03    3.8372574E-03
    3.5420000E+00    3.8288248E-03    3.8341417E-03
    3.5460000E+00    3.8256525E-03    3.8310539E-03
    3.5500000E+00    3.8225089E-03    3.8279940E-03
    3.5540000E+00    3.8193940E-03    3.8249620E-03
    3.5580000E+00    3.8163077E-03    3.8219578E-03
    3.5620000E+00    3.8132501E-03    3.8189815E-03
    3.5660000E+00    3.8102211E-03    3.8160330E-03
    3.5700000E+00    3.8072206E-03    3.8131124E-03
    3.5740000E+00    3.8042487E-03    3.8102195E-03
    3.5780000E+00    3.8013054E-03    3.8073543E-03
    3.5820000E+00    3.7983906E-03    3.8045169E-03
    3.5860000E+00    3.7955042E-03    3.8017072E-03
    3.5900000E+00    3.7926464E-03    3.7989253E-03
    3.5940000E+00    3.7898170E-03    3.7961710E-03
    3.5980000E+00    3.7870160E-03    3.7934443E-03
    3.6020000E+00    3.7842435E-03    3.7907453E-03
    3.6060000E+00    3.7814993E-03    3.7880739E-03
    3.6100000E+00    3.7787835E-03    3.7854301E-03
    3.6140000E+00    3.7760961E-03    3.7828139E-03
    3.6180000E+00    3.7734370E-03    3.7802253E-03
    3.6220000E+00    3.7708062E-03    3.7776642E-03
    3.6260000E+00    3.7682037E-03    3.7751306E-03
    3.6300000E+00    3.7656295E-03    3.7726246E-03
    3.6340000E+00    3.7630835E-03    3.7701460E-03
    3.6380000E+00    3.7605657E-03    3.7676949E-03
    3.6420000E+00    3.7580762E-03    3.7652712E-03
    3.6460000E+00    3.7556149E-03    3.7628750E-03
    3.6500000E+00    3.7531818E-03    3.7605062E-03
    3.6540000E+00    3.7507768E-03    3.7581648E-03
    3.6580000E+00    3.7483999E-03    3.7558508E-03
    3.6620000E+00    3.7460512E-03    3.7535642E-03
    3.6660000E+00    3.7437306E-03    3.7513049E-03
    3.6700000E+00    3.7414381E-03    3.7490730E-03
    3.6740000E+00    3.7391737E-03    3.7468683E-03
    3.6780000E+00    3.7369373E-03    3.7446910E-03
    3.6820000E+00    3.7347290E-03    3.7425410E-03
    3.6860000E+00    3.7325487E-03    3.7404182E-03
    3.6900000E+00    3.7303964E-03    3.7383227E-03
    3.6940000E+00    3.7282721E-03    3.7362545E-03
    3.6980000E+00    3.7261757E-03    3.7342134E-03
    3.7020000E+00    3.7241074E-03    3.7321996E-03
    3.7060000E+00    3.7220669E-03    3.7302130E-03
    3.7100000E+00    3.7200545E-03    3.7282536E-03
    3.7140000E+00    3.7180699E-03    3.7263213E-03
    3.7180000E+00    3.7161132E-03    3.7244162E-03
    3.7220000E+00    3.7141844E-03    3.7225383E-03
    3.7260000E+00    3.7122835E-03    3.7206874E-03
    3.7300000E+00    3.7104105E-03    3.7188637E-03
    3.7340000E+00    3.7085653E-03    3.7170671E-03
    3.7380000E+00    3.7067479E-03    3.7152976E-03
    3.7420000E+00    3.7049584E-03    3.7135552E-03
    3.7460000E+00    3.7031967E-03    3.7118398E-03
    3.7500000E+00    3.7014627E-03    3.7101515E-03
    3.7540000E+00    3.6997566E-03    3.7084902E-03
    3.7580000E+00    3.6980782E-03    3.7068560E-03
    3.7620000E+00    3.6964275E-03    3.7052487E-03
    3.7660000E+00    3.6948046E-03    3.7036685E-03
    3.7700000E+00    3.6932095E-03    3.7021153E-03
    3.7740000E+00    3.6916420E-03    3.7005891E-03
    3.7780000E+00    3.6901023E-03    3.6990898E-03
    3.7820000E+00    3.6885903E-03    3.6976175E-03
    3.7860000E+00    3.6871059E-03    3.6961722E-03
    3.7900000E+00    3.6856492E-03    3.6947538E-03
    3.7940000E+00    3.6842202E-03    3.6933623E-03
    3.7980000E+00    3.6828189E-03    3.6919977E-03
    3.8020000E+00    3.6814451E-03    3.6906601E-03
    3.8060000E+00    3.6800991E-03    3.6893494E-03
    3.8100000E+00    3.6787806E-03    3.6880655E-03
    3.8140000E+00    3.6774898E-03    3.6868086E-03
    3.8180000E+00    3.6762265E-03    3.6855785E-03
    3.8220000E+00    3.6749909E-03    3.6843753E-03
    3.8260000E+00    3.6737828E-03    3.6831990E-03
    3.8300000E+00    3.6726024E-03    3.6820495E-03
    3.8340000E+00    3.6714495E-03    3.6809268E-03
    3.8380000E+00    3.6703241E-03    3.6798310E-03
    3.8420000E+00    3.6692263E-03    3.6787620E-03
    3.8460000E+00    3.6681561E-03    3.6777198E-03
    3.8500000E+00    3.6671134E-03    3.6767044E-03
    3.8540000E+00    3.6660982E-03    3.6757159E-03
    3.8580000E+00    3.6651105E-03    3.6747541E-03
    3.8620000E+00    3.6641504E-03    3.6738192E-03
    3.8660000E+00    3.6632178E-03    3.6729110E-03
    3.8700000E+00    3.6623126E-03    3.6720296E-03
    3.8740000E+00    3.6614350E-03    3.6711749E-03
    3.8780000E+00    3.6605848E-03    3.6703471E-03
    3.8820000E+00    3.6597622E-03    3.6695460E-03
    3.8860000E+00    3.6589670E-03    3.6687716E-03
    3.8900000E+00    3.6581993E-03    3.6680240E-03
    3.8940000E+00    3.6574590E-03    3.6673032E-03
    3.8980000E+00    3.6567462E-03    3.6666090E-03
    3.9020000E+00    3.6560609E-03    3.6659417E-03
    3.9060000E+00    3.6554030E-03    3.6653010E-03
    3.9100000E+00    3.6547726E-03    3.6646871E-03
    3.9140000E+00    3.6541696E-03    3.6640999E-03
    3.9180000E+00    3.6535940E-03    3.6635394E-03
    3.9220000E+00    3.6530459E-03    3.6630056E-03
    3.9260000E+00    3.6525252E-03    3.6624986E-03
    3.9300000E+00    3.6520319E-03    3.6620182E-03
    3.9340000E+00    3.6515661E-03    3.6615645E-03
    3.9380000E+00    3.6511276E-03    3.6611376E-03
    3.9420000E+00    3.6507166E-03    3.6607373E-03
    3.9460000E+00    3.6503330E-03    3.6603638E-03
    3.9500000E+00    3.6499768E-03    3.6600169E-03
    3.9540000E+00    3.6496480E-03    3.6596967E-03
    3.9580000E+00    3.6493466E-03    3.6594032E-03
    3.9620000E+00    3.6490727E-03    3.6591364E-03
    3.9660000E+00    3.6488261E-03    3.6588963E-03
    3.9700000E+00    3.6486069E-03    3.6586829E-03
    3.9740000E+00    3.6484152E-03    3.6584961E-03
    3.9780000E+00    3.6482508E-03    3.6583361E-03
    3.9820000E+00    3.6481138E-03    3.6582027E-03
    3.9860000E+00    3.6480042E-03    3.6580959E-03
    3.9900000E+00    3.6479220E-03    3.6580159E-03
    3.9940000E+00    3.6478672E-03    3.6579626E-03
    3.9980000E+00    3.6478398E-03    3.6579359E-03
