# Time          7.5000E+02
# Units: Permil
    Distance        SO4--            SO164--         
    2.0000000E-03    2.1017007E+01    8.7585554E+00
    6.0000000E-03    2.1051001E+01    8.9174580E+00
    1.0000000E-02    2.1084984E+01    9.0742813E+00
    1.4000000E-02    2.1118957E+01    9.2290517E+00
    1.8000000E-02    2.1152921E+01    9.3817957E+00
    2.2000000E-02    2.1186873E+01    9.5325390E+00
    2.6000000E-02    2.1220816E+01    9.6813074E+00
    3.0000000E-02    2.1254748E+01    9.8281261E+00
    3.4000000E-02    2.1288670E+01    9.9730201E+00
    3.8000000E-02    2.1322582E+01    1.0116014E+01
    4.2000000E-02    2.1356483E+01    1.0257132E+01
    4.6000000E-02    2.1390374E+01    1.0396399E+01
    5.0000000E-02    2.1424254E+01    1.0533838E+01
    5.4000000E-02    2.1458124E+01    1.0669472E+01
    5.8000000E-02    2.1491983E+01    1.0803325E+01
    6.2000000E-02    2.1525831E+01    1.0935420E+01
    6.6000000E-02    2.1559669E+01    1.1065779E+01
    7.0000000E-02    2.1593497E+01    1.1194424E+01
    7.4000000E-02    2.1627313E+01    1.1321377E+01
    7.8000000E-02    2.1661119E+01    1.1446661E+01
    8.2000000E-02    2.1694915E+01    1.1570297E+01
    8.6000000E-02    2.1728699E+01    1.1692305E+01
    9.0000000E-02    2.1762473E+01    1.1812707E+01
    9.4000000E-02    2.1796236E+01    1.1931524E+01
    9.8000000E-02    2.1829987E+01    1.2048775E+01
    1.0200000E-01    2.1863728E+01    1.2164482E+01
    1.0600000E-01    2.1897458E+01    1.2278663E+01
    1.1000000E-01    2.1931177E+01    1.2391339E+01
    1.1400000E-01    2.1964885E+01    1.2502529E+01
    1.1800000E-01    2.1998582E+01    1.2612252E+01
    1.2200000E-01    2.2032268E+01    1.2720527E+01
    1.2600000E-01    2.2065943E+01    1.2827372E+01
    1.3000000E-01    2.2099606E+01    1.2932807E+01
    1.3400000E-01    2.2133258E+01    1.3036849E+01
    1.3800000E-01    2.2166899E+01    1.3139516E+01
    1.4200000E-01    2.2200529E+01    1.3240826E+01
    1.4600000E-01    2.2234147E+01    1.3340797E+01
    1.5000000E-01    2.2267754E+01    1.3439446E+01
    1.5400000E-01    2.2301350E+01    1.3536790E+01
    1.5800000E-01    2.2334934E+01    1.3632845E+01
    1.6200000E-01    2.2368507E+01    1.3727629E+01
    1.6600000E-01    2.2402068E+01    1.3821158E+01
    1.7000000E-01    2.2435618E+01    1.3913448E+01
    1.7400000E-01    2.2469156E+01    1.4004516E+01
    1.7800000E-01    2.2502682E+01    1.4094376E+01
    1.8200000E-01    2.2536197E+01    1.4183045E+01
    1.8600000E-01    2.2569700E+01    1.4270538E+01
    1.9000000E-01    2.2603192E+01    1.4356870E+01
    1.9400000E-01    2.2636671E+01    1.4442057E+01
    1.9800000E-01    2.2670139E+01    1.4526113E+01
    2.0200000E-01    2.2703595E+01    1.4609053E+01
    2.0600000E-01    2.2737039E+01    1.4690892E+01
    2.1000000E-01    2.2770471E+01    1.4771643E+01
    2.1400000E-01    2.2803892E+01    1.4851321E+01
    2.1800000E-01    2.2837300E+01    1.4929939E+01
    2.2200000E-01    2.2870696E+01    1.5007512E+01
    2.2600000E-01    2.2904080E+01    1.5084053E+01
    2.3000000E-01    2.2937452E+01    1.5159576E+01
    2.3400000E-01    2.2970812E+01    1.5234093E+01
    2.3800000E-01    2.3004160E+01    1.5307619E+01
    2.4200000E-01    2.3037496E+01    1.5380165E+01
    2.4600000E-01    2.3070819E+01    1.5451744E+01
    2.5000000E-01    2.3104130E+01    1.5522370E+01
    2.5400000E-01    2.3137428E+01    1.5592053E+01
    2.5800000E-01    2.3170715E+01    1.5660808E+01
    2.6200000E-01    2.3203989E+01    1.5728646E+01
    2.6600000E-01    2.3237250E+01    1.5795578E+01
    2.7000000E-01    2.3270499E+01    1.5861617E+01
    2.7400000E-01    2.3303735E+01    1.5926775E+01
    2.7800000E-01    2.3336959E+01    1.5991062E+01
    2.8200000E-01    2.3370171E+01    1.6054490E+01
    2.8600000E-01    2.3403369E+01    1.6117070E+01
    2.9000000E-01    2.3436555E+01    1.6178814E+01
    2.9400000E-01    2.3469728E+01    1.6239733E+01
    2.9800000E-01    2.3502889E+01    1.6299836E+01
    3.0200000E-01    2.3536036E+01    1.6359136E+01
    3.0600000E-01    2.3569171E+01    1.6417641E+01
    3.1000000E-01    2.3602293E+01    1.6475364E+01
    3.1400000E-01    2.3635402E+01    1.6532313E+01
    3.1800000E-01    2.3668498E+01    1.6588499E+01
    3.2200000E-01    2.3701581E+01    1.6643933E+01
    3.2600000E-01    2.3734651E+01    1.6698623E+01
    3.3000000E-01    2.3767708E+01    1.6752580E+01
    3.3400000E-01    2.3800752E+01    1.6805814E+01
    3.3800000E-01    2.3833783E+01    1.6858333E+01
    3.4200000E-01    2.3866801E+01    1.6910147E+01
    3.4600000E-01    2.3899805E+01    1.6961265E+01
    3.5000000E-01    2.3932796E+01    1.7011698E+01
    3.5400000E-01    2.3965774E+01    1.7061452E+01
    3.5800000E-01    2.3998738E+01    1.7110538E+01
    3.6200000E-01    2.4031689E+01    1.7158965E+01
    3.6600000E-01    2.4064627E+01    1.7206740E+01
    3.7000000E-01    2.4097551E+01    1.7253872E+01
    3.7400000E-01    2.4130461E+01    1.7300371E+01
    3.7800000E-01    2.4163358E+01    1.7346243E+01
    3.8200000E-01    2.4196242E+01    1.7391499E+01
    3.8600000E-01    2.4229111E+01    1.7436144E+01
    3.9000000E-01    2.4261967E+01    1.7480189E+01
    3.9400000E-01    2.4294810E+01    1.7523640E+01
    3.9800000E-01    2.4327639E+01    1.7566505E+01
    4.0200000E-01    2.4360453E+01    1.7608792E+01
    4.0600000E-01    2.4393254E+01    1.7650509E+01
    4.1000000E-01    2.4426041E+01    1.7691664E+01
    4.1400000E-01    2.4458815E+01    1.7732263E+01
    4.1800000E-01    2.4491574E+01    1.7772314E+01
    4.2200000E-01    2.4524319E+01    1.7811824E+01
    4.2600000E-01    2.4557050E+01    1.7850800E+01
    4.3000000E-01    2.4589767E+01    1.7889250E+01
    4.3400000E-01    2.4622470E+01    1.7927180E+01
    4.3800000E-01    2.4655159E+01    1.7964598E+01
    4.4200000E-01    2.4687834E+01    1.8001509E+01
    4.4600000E-01    2.4720494E+01    1.8037922E+01
    4.5000000E-01    2.4753140E+01    1.8073841E+01
    4.5400000E-01    2.4785772E+01    1.8109274E+01
    4.5800000E-01    2.4818389E+01    1.8144228E+01
    4.6200000E-01    2.4850992E+01    1.8178708E+01
    4.6600000E-01    2.4883581E+01    1.8212721E+01
    4.7000000E-01    2.4916155E+01    1.8246274E+01
    4.7400000E-01    2.4948714E+01    1.8279371E+01
    4.7800000E-01    2.4981259E+01    1.8312020E+01
    4.8200000E-01    2.5013789E+01    1.8344226E+01
    4.8600000E-01    2.5046305E+01    1.8375995E+01
    4.9000000E-01    2.5078806E+01    1.8407333E+01
    4.9400000E-01    2.5111292E+01    1.8438245E+01
    4.9800000E-01    2.5143763E+01    1.8468738E+01
    5.0200000E-01    2.5176219E+01    1.8498816E+01
    5.0600000E-01    2.5208661E+01    1.8528486E+01
    5.1000000E-01    2.5241088E+01    1.8557752E+01
    5.1400000E-01    2.5273499E+01    1.8586621E+01
    5.1800000E-01    2.5305896E+01    1.8615097E+01
    5.2200000E-01    2.5338277E+01    1.8643186E+01
    5.2600000E-01    2.5370644E+01    1.8670893E+01
    5.3000000E-01    2.5402995E+01    1.8698222E+01
    5.3400000E-01    2.5435331E+01    1.8725180E+01
    5.3800000E-01    2.5467652E+01    1.8751770E+01
    5.4200000E-01    2.5499958E+01    1.8777998E+01
    5.4600000E-01    2.5532248E+01    1.8803869E+01
    5.5000000E-01    2.5564523E+01    1.8829387E+01
    5.5400000E-01    2.5596783E+01    1.8854557E+01
    5.5800000E-01    2.5629027E+01    1.8879384E+01
    5.6200000E-01    2.5661255E+01    1.8903872E+01
    5.6600000E-01    2.5693469E+01    1.8928026E+01
    5.7000000E-01    2.5725666E+01    1.8951850E+01
    5.7400000E-01    2.5757848E+01    1.8975349E+01
    5.7800000E-01    2.5790014E+01    1.8998527E+01
    5.8200000E-01    2.5822165E+01    1.9021389E+01
    5.8600000E-01    2.5854299E+01    1.9043938E+01
    5.9000000E-01    2.5886418E+01    1.9066179E+01
    5.9400000E-01    2.5918522E+01    1.9088116E+01
    5.9800000E-01    2.5950609E+01    1.9109752E+01
    6.0200000E-01    2.5982680E+01    1.9131093E+01
    6.0600000E-01    2.6014735E+01    1.9152142E+01
    6.1000000E-01    2.6046775E+01    1.9172902E+01
    6.1400000E-01    2.6078798E+01    1.9193379E+01
    6.1800000E-01    2.6110805E+01    1.9213574E+01
    6.2200000E-01    2.6142796E+01    1.9233494E+01
    6.2600000E-01    2.6174771E+01    1.9253140E+01
    6.3000000E-01    2.6206729E+01    1.9272517E+01
    6.3400000E-01    2.6238672E+01    1.9291628E+01
    6.3800000E-01    2.6270598E+01    1.9310477E+01
    6.4200000E-01    2.6302507E+01    1.9329068E+01
    6.4600000E-01    2.6334400E+01    1.9347403E+01
    6.5000000E-01    2.6366277E+01    1.9365487E+01
    6.5400000E-01    2.6398137E+01    1.9383323E+01
    6.5800000E-01    2.6429981E+01    1.9400913E+01
    6.6200000E-01    2.6461807E+01    1.9418262E+01
    6.6600000E-01    2.6493618E+01    1.9435373E+01
    6.7000000E-01    2.6525411E+01    1.9452248E+01
    6.7400000E-01    2.6557188E+01    1.9468891E+01
    6.7800000E-01    2.6588948E+01    1.9485306E+01
    6.8200000E-01    2.6620692E+01    1.9501495E+01
    6.8600000E-01    2.6652418E+01    1.9517460E+01
    6.9000000E-01    2.6684127E+01    1.9533207E+01
    6.9400000E-01    2.6715820E+01    1.9548736E+01
    6.9800000E-01    2.6747495E+01    1.9564052E+01
    7.0200000E-01    2.6779154E+01    1.9579156E+01
    7.0600000E-01    2.6810795E+01    1.9594053E+01
    7.1000000E-01    2.6842419E+01    1.9608744E+01
    7.1400000E-01    2.6874026E+01    1.9623233E+01
    7.1800000E-01    2.6905616E+01    1.9637522E+01
    7.2200000E-01    2.6937188E+01    1.9651614E+01
    7.2600000E-01    2.6968743E+01    1.9665511E+01
    7.3000000E-01    2.7000281E+01    1.9679217E+01
    7.3400000E-01    2.7031801E+01    1.9692733E+01
    7.3800000E-01    2.7063304E+01    1.9706063E+01
    7.4200000E-01    2.7094789E+01    1.9719209E+01
    7.4600000E-01    2.7126256E+01    1.9732173E+01
    7.5000000E-01    2.7157706E+01    1.9744959E+01
    7.5400000E-01    2.7189139E+01    1.9757567E+01
    7.5800000E-01    2.7220553E+01    1.9770001E+01
    7.6200000E-01    2.7251950E+01    1.9782263E+01
    7.6600000E-01    2.7283329E+01    1.9794356E+01
    7.7000000E-01    2.7314690E+01    1.9806281E+01
    7.7400000E-01    2.7346034E+01    1.9818042E+01
    7.7800000E-01    2.7377359E+01    1.9829639E+01
    7.8200000E-01    2.7408666E+01    1.9841076E+01
    7.8600000E-01    2.7439956E+01    1.9852355E+01
    7.9000000E-01    2.7471227E+01    1.9863478E+01
    7.9400000E-01    2.7502480E+01    1.9874446E+01
    7.9800000E-01    2.7533715E+01    1.9885262E+01
    8.0200000E-01    2.7564931E+01    1.9895929E+01
    8.0600000E-01    2.7596129E+01    1.9906447E+01
    8.1000000E-01    2.7627309E+01    1.9916820E+01
    8.1400000E-01    2.7658471E+01    1.9927049E+01
    8.1800000E-01    2.7689614E+01    1.9937136E+01
    8.2200000E-01    2.7720739E+01    1.9947083E+01
    8.2600000E-01    2.7751845E+01    1.9956891E+01
    8.3000000E-01    2.7782933E+01    1.9966564E+01
    8.3400000E-01    2.7814002E+01    1.9976102E+01
    8.3800000E-01    2.7845052E+01    1.9985508E+01
    8.4200000E-01    2.7876083E+01    1.9994784E+01
    8.4600000E-01    2.7907096E+01    2.0003930E+01
    8.5000000E-01    2.7938090E+01    2.0012949E+01
    8.5400000E-01    2.7969065E+01    2.0021843E+01
    8.5800000E-01    2.8000021E+01    2.0030613E+01
    8.6200000E-01    2.8030959E+01    2.0039261E+01
    8.6600000E-01    2.8061877E+01    2.0047789E+01
    8.7000000E-01    2.8092776E+01    2.0056198E+01
    8.7400000E-01    2.8123656E+01    2.0064490E+01
    8.7800000E-01    2.8154517E+01    2.0072667E+01
    8.8200000E-01    2.8185359E+01    2.0080730E+01
    8.8600000E-01    2.8216181E+01    2.0088680E+01
    8.9000000E-01    2.8246984E+01    2.0096520E+01
    8.9400000E-01    2.8277768E+01    2.0104251E+01
    8.9800000E-01    2.8308532E+01    2.0111874E+01
    9.0200000E-01    2.8339277E+01    2.0119390E+01
    9.0600000E-01    2.8370002E+01    2.0126802E+01
    9.1000000E-01    2.8400708E+01    2.0134111E+01
    9.1400000E-01    2.8431395E+01    2.0141317E+01
    9.1800000E-01    2.8462061E+01    2.0148423E+01
    9.2200000E-01    2.8492708E+01    2.0155430E+01
    9.2600000E-01    2.8523335E+01    2.0162339E+01
    9.3000000E-01    2.8553942E+01    2.0169152E+01
    9.3400000E-01    2.8584530E+01    2.0175869E+01
    9.3800000E-01    2.8615097E+01    2.0182493E+01
    9.4200000E-01    2.8645645E+01    2.0189024E+01
    9.4600000E-01    2.8676173E+01    2.0195464E+01
    9.5000000E-01    2.8706680E+01    2.0201814E+01
    9.5400000E-01    2.8737168E+01    2.0208076E+01
    9.5800000E-01    2.8767635E+01    2.0214249E+01
    9.6200000E-01    2.8798082E+01    2.0220337E+01
    9.6600000E-01    2.8828509E+01    2.0226339E+01
    9.7000000E-01    2.8858915E+01    2.0232258E+01
    9.7400000E-01    2.8889301E+01    2.0238093E+01
    9.7800000E-01    2.8919667E+01    2.0243847E+01
    9.8200000E-01    2.8950012E+01    2.0249521E+01
    9.8600000E-01    2.8980337E+01    2.0255115E+01
    9.9000000E-01    2.9010641E+01    2.0260631E+01
    9.9400000E-01    2.9040925E+01    2.0266069E+01
    9.9800000E-01    2.9071188E+01    2.0271432E+01
    1.0020000E+00    2.9101430E+01    2.0276719E+01
    1.0060000E+00    2.9131652E+01    2.0281932E+01
    1.0100000E+00    2.9161852E+01    2.0287073E+01
    1.0140000E+00    2.9192032E+01    2.0292141E+01
    1.0180000E+00    2.9222191E+01    2.0297138E+01
    1.0220000E+00    2.9252329E+01    2.0302065E+01
    1.0260000E+00    2.9282446E+01    2.0306924E+01
    1.0300000E+00    2.9312542E+01    2.0311714E+01
    1.0340000E+00    2.9342617E+01    2.0316437E+01
    1.0380000E+00    2.9372670E+01    2.0321093E+01
    1.0420000E+00    2.9402702E+01    2.0325685E+01
    1.0460000E+00    2.9432713E+01    2.0330211E+01
    1.0500000E+00    2.9462703E+01    2.0334675E+01
    1.0540000E+00    2.9492671E+01    2.0339076E+01
    1.0580000E+00    2.9522618E+01    2.0343415E+01
    1.0620000E+00    2.9552544E+01    2.0347693E+01
    1.0660000E+00    2.9582448E+01    2.0351911E+01
    1.0700000E+00    2.9612330E+01    2.0356070E+01
    1.0740000E+00    2.9642191E+01    2.0360170E+01
    1.0780000E+00    2.9672030E+01    2.0364213E+01
    1.0820000E+00    2.9701847E+01    2.0368200E+01
    1.0860000E+00    2.9731642E+01    2.0372130E+01
    1.0900000E+00    2.9761416E+01    2.0376005E+01
    1.0940000E+00    2.9791167E+01    2.0379825E+01
    1.0980000E+00    2.9820897E+01    2.0383592E+01
    1.1020000E+00    2.9850605E+01    2.0387306E+01
    1.1060000E+00    2.9880291E+01    2.0390968E+01
    1.1100000E+00    2.9909954E+01    2.0394578E+01
    1.1140000E+00    2.9939596E+01    2.0398138E+01
    1.1180000E+00    2.9969215E+01    2.0401647E+01
    1.1220000E+00    2.9998812E+01    2.0405107E+01
    1.1260000E+00    3.0028386E+01    2.0408519E+01
    1.1300000E+00    3.0057938E+01    2.0411882E+01
    1.1340000E+00    3.0087468E+01    2.0415198E+01
    1.1380000E+00    3.0116975E+01    2.0418468E+01
    1.1420000E+00    3.0146460E+01    2.0421692E+01
    1.1460000E+00    3.0175922E+01    2.0424870E+01
    1.1500000E+00    3.0205362E+01    2.0428004E+01
    1.1540000E+00    3.0234779E+01    2.0431093E+01
    1.1580000E+00    3.0264173E+01    2.0434139E+01
    1.1620000E+00    3.0293544E+01    2.0437142E+01
    1.1660000E+00    3.0322893E+01    2.0440103E+01
    1.1700000E+00    3.0352218E+01    2.0443022E+01
    1.1740000E+00    3.0381521E+01    2.0445901E+01
    1.1780000E+00    3.0410800E+01    2.0448738E+01
    1.1820000E+00    3.0440057E+01    2.0451536E+01
    1.1860000E+00    3.0469290E+01    2.0454294E+01
    1.1900000E+00    3.0498501E+01    2.0457014E+01
    1.1940000E+00    3.0527688E+01    2.0459695E+01
    1.1980000E+00    3.0556851E+01    2.0462339E+01
    1.2020000E+00    3.0585992E+01    2.0464945E+01
    1.2060000E+00    3.0615109E+01    2.0467515E+01
    1.2100000E+00    3.0644202E+01    2.0470048E+01
    1.2140000E+00    3.0673272E+01    2.0472546E+01
    1.2180000E+00    3.0702319E+01    2.0475009E+01
    1.2220000E+00    3.0731342E+01    2.0477437E+01
    1.2260000E+00    3.0760341E+01    2.0479831E+01
    1.2300000E+00    3.0789317E+01    2.0482191E+01
    1.2340000E+00    3.0818269E+01    2.0484518E+01
    1.2380000E+00    3.0847196E+01    2.0486812E+01
    1.2420000E+00    3.0876101E+01    2.0489074E+01
    1.2460000E+00    3.0904981E+01    2.0491304E+01
    1.2500000E+00    3.0933837E+01    2.0493502E+01
    1.2540000E+00    3.0962669E+01    2.0495670E+01
    1.2580000E+00    3.0991477E+01    2.0497807E+01
    1.2620000E+00    3.1020261E+01    2.0499914E+01
    1.2660000E+00    3.1049021E+01    2.0501992E+01
    1.2700000E+00    3.1077756E+01    2.0504040E+01
    1.2740000E+00    3.1106467E+01    2.0506059E+01
    1.2780000E+00    3.1135154E+01    2.0508050E+01
    1.2820000E+00    3.1163816E+01    2.0510013E+01
    1.2860000E+00    3.1192454E+01    2.0511948E+01
    1.2900000E+00    3.1221068E+01    2.0513856E+01
    1.2940000E+00    3.1249656E+01    2.0515738E+01
    1.2980000E+00    3.1278221E+01    2.0517592E+01
    1.3020000E+00    3.1306760E+01    2.0519421E+01
    1.3060000E+00    3.1335275E+01    2.0521224E+01
    1.3100000E+00    3.1363765E+01    2.0523001E+01
    1.3140000E+00    3.1392230E+01    2.0524754E+01
    1.3180000E+00    3.1420670E+01    2.0526482E+01
    1.3220000E+00    3.1449085E+01    2.0528186E+01
    1.3260000E+00    3.1477475E+01    2.0529865E+01
    1.3300000E+00    3.1505840E+01    2.0531521E+01
    1.3340000E+00    3.1534180E+01    2.0533154E+01
    1.3380000E+00    3.1562495E+01    2.0534764E+01
    1.3420000E+00    3.1590784E+01    2.0536351E+01
    1.3460000E+00    3.1619048E+01    2.0537916E+01
    1.3500000E+00    3.1647287E+01    2.0539459E+01
    1.3540000E+00    3.1675501E+01    2.0540980E+01
    1.3580000E+00    3.1703688E+01    2.0542480E+01
    1.3620000E+00    3.1731851E+01    2.0543959E+01
    1.3660000E+00    3.1759988E+01    2.0545417E+01
    1.3700000E+00    3.1788099E+01    2.0546855E+01
    1.3740000E+00    3.1816184E+01    2.0548272E+01
    1.3780000E+00    3.1844244E+01    2.0549670E+01
    1.3820000E+00    3.1872278E+01    2.0551048E+01
    1.3860000E+00    3.1900286E+01    2.0552406E+01
    1.3900000E+00    3.1928268E+01    2.0553746E+01
    1.3940000E+00    3.1956225E+01    2.0555066E+01
    1.3980000E+00    3.1984155E+01    2.0556369E+01
    1.4020000E+00    3.2012059E+01    2.0557653E+01
    1.4060000E+00    3.2039937E+01    2.0558919E+01
    1.4100000E+00    3.2067788E+01    2.0560167E+01
    1.4140000E+00    3.2095614E+01    2.0561398E+01
    1.4180000E+00    3.2123413E+01    2.0562611E+01
    1.4220000E+00    3.2151186E+01    2.0563808E+01
    1.4260000E+00    3.2178932E+01    2.0564988E+01
    1.4300000E+00    3.2206652E+01    2.0566151E+01
    1.4340000E+00    3.2234346E+01    2.0567298E+01
    1.4380000E+00    3.2262013E+01    2.0568429E+01
    1.4420000E+00    3.2289653E+01    2.0569544E+01
    1.4460000E+00    3.2317266E+01    2.0570643E+01
    1.4500000E+00    3.2344853E+01    2.0571728E+01
    1.4540000E+00    3.2372413E+01    2.0572797E+01
    1.4580000E+00    3.2399946E+01    2.0573851E+01
    1.4620000E+00    3.2427452E+01    2.0574890E+01
    1.4660000E+00    3.2454931E+01    2.0575915E+01
    1.4700000E+00    3.2482383E+01    2.0576926E+01
    1.4740000E+00    3.2509808E+01    2.0577922E+01
    1.4780000E+00    3.2537206E+01    2.0578905E+01
    1.4820000E+00    3.2564576E+01    2.0579874E+01
    1.4860000E+00    3.2591920E+01    2.0580829E+01
    1.4900000E+00    3.2619236E+01    2.0581771E+01
    1.4940000E+00    3.2646524E+01    2.0582700E+01
    1.4980000E+00    3.2673786E+01    2.0583616E+01
    1.5020000E+00    3.2701019E+01    2.0584520E+01
    1.5060000E+00    3.2728225E+01    2.0585410E+01
    1.5100000E+00    3.2755404E+01    2.0586289E+01
    1.5140000E+00    3.2782555E+01    2.0587155E+01
    1.5180000E+00    3.2809678E+01    2.0588009E+01
    1.5220000E+00    3.2836773E+01    2.0588851E+01
    1.5260000E+00    3.2863841E+01    2.0589682E+01
    1.5300000E+00    3.2890880E+01    2.0590501E+01
    1.5340000E+00    3.2917892E+01    2.0591309E+01
    1.5380000E+00    3.2944876E+01    2.0592105E+01
    1.5420000E+00    3.2971831E+01    2.0592891E+01
    1.5460000E+00    3.2998759E+01    2.0593665E+01
    1.5500000E+00    3.3025658E+01    2.0594429E+01
    1.5540000E+00    3.3052529E+01    2.0595183E+01
    1.5580000E+00    3.3079371E+01    2.0595925E+01
    1.5620000E+00    3.3106186E+01    2.0596658E+01
    1.5660000E+00    3.3132972E+01    2.0597381E+01
    1.5700000E+00    3.3159729E+01    2.0598093E+01
    1.5740000E+00    3.3186458E+01    2.0598796E+01
    1.5780000E+00    3.3213159E+01    2.0599489E+01
    1.5820000E+00    3.3239830E+01    2.0600173E+01
    1.5860000E+00    3.3266473E+01    2.0600847E+01
    1.5900000E+00    3.3293088E+01    2.0601512E+01
    1.5940000E+00    3.3319673E+01    2.0602167E+01
    1.5980000E+00    3.3346230E+01    2.0602814E+01
    1.6020000E+00    3.3372757E+01    2.0603452E+01
    1.6060000E+00    3.3399256E+01    2.0604081E+01
    1.6100000E+00    3.3425725E+01    2.0604701E+01
    1.6140000E+00    3.3452166E+01    2.0605313E+01
    1.6180000E+00    3.3478577E+01    2.0605917E+01
    1.6220000E+00    3.3504959E+01    2.0606512E+01
    1.6260000E+00    3.3531312E+01    2.0607099E+01
    1.6300000E+00    3.3557636E+01    2.0607678E+01
    1.6340000E+00    3.3583930E+01    2.0608250E+01
    1.6380000E+00    3.3610194E+01    2.0608813E+01
    1.6420000E+00    3.3636429E+01    2.0609369E+01
    1.6460000E+00    3.3662635E+01    2.0609917E+01
    1.6500000E+00    3.3688811E+01    2.0610458E+01
    1.6540000E+00    3.3714957E+01    2.0610991E+01
    1.6580000E+00    3.3741074E+01    2.0611517E+01
    1.6620000E+00    3.3767160E+01    2.0612036E+01
    1.6660000E+00    3.3793217E+01    2.0612548E+01
    1.6700000E+00    3.3819244E+01    2.0613053E+01
    1.6740000E+00    3.3845241E+01    2.0613551E+01
    1.6780000E+00    3.3871208E+01    2.0614043E+01
    1.6820000E+00    3.3897145E+01    2.0614527E+01
    1.6860000E+00    3.3923051E+01    2.0615005E+01
    1.6900000E+00    3.3948928E+01    2.0615477E+01
    1.6940000E+00    3.3974774E+01    2.0615943E+01
    1.6980000E+00    3.4000590E+01    2.0616402E+01
    1.7020000E+00    3.4026375E+01    2.0616855E+01
    1.7060000E+00    3.4052131E+01    2.0617301E+01
    1.7100000E+00    3.4077855E+01    2.0617742E+01
    1.7140000E+00    3.4103549E+01    2.0618177E+01
    1.7180000E+00    3.4129212E+01    2.0618606E+01
    1.7220000E+00    3.4154845E+01    2.0619030E+01
    1.7260000E+00    3.4180447E+01    2.0619447E+01
    1.7300000E+00    3.4206018E+01    2.0619859E+01
    1.7340000E+00    3.4231559E+01    2.0620266E+01
    1.7380000E+00    3.4257068E+01    2.0620667E+01
    1.7420000E+00    3.4282546E+01    2.0621063E+01
    1.7460000E+00    3.4307994E+01    2.0621454E+01
    1.7500000E+00    3.4333410E+01    2.0621839E+01
    1.7540000E+00    3.4358795E+01    2.0622219E+01
    1.7580000E+00    3.4384149E+01    2.0622594E+01
    1.7620000E+00    3.4409472E+01    2.0622965E+01
    1.7660000E+00    3.4434764E+01    2.0623330E+01
    1.7700000E+00    3.4460024E+01    2.0623691E+01
    1.7740000E+00    3.4485252E+01    2.0624046E+01
    1.7780000E+00    3.4510449E+01    2.0624397E+01
    1.7820000E+00    3.4535615E+01    2.0624744E+01
    1.7860000E+00    3.4560749E+01    2.0625086E+01
    1.7900000E+00    3.4585851E+01    2.0625423E+01
    1.7940000E+00    3.4610922E+01    2.0625756E+01
    1.7980000E+00    3.4635960E+01    2.0626085E+01
    1.8020000E+00    3.4660967E+01    2.0626409E+01
    1.8060000E+00    3.4685942E+01    2.0626729E+01
    1.8100000E+00    3.4710885E+01    2.0627045E+01
    1.8140000E+00    3.4735796E+01    2.0627357E+01
    1.8180000E+00    3.4760675E+01    2.0627664E+01
    1.8220000E+00    3.4785522E+01    2.0627968E+01
    1.8260000E+00    3.4810337E+01    2.0628268E+01
    1.8300000E+00    3.4835119E+01    2.0628564E+01
    1.8340000E+00    3.4859869E+01    2.0628856E+01
    1.8380000E+00    3.4884587E+01    2.0629144E+01
    1.8420000E+00    3.4909272E+01    2.0629429E+01
    1.8460000E+00    3.4933925E+01    2.0629710E+01
    1.8500000E+00    3.4958545E+01    2.0629987E+01
    1.8540000E+00    3.4983132E+01    2.0630261E+01
    1.8580000E+00    3.5007687E+01    2.0630531E+01
    1.8620000E+00    3.5032210E+01    2.0630798E+01
    1.8660000E+00    3.5056699E+01    2.0631062E+01
    1.8700000E+00    3.5081156E+01    2.0631322E+01
    1.8740000E+00    3.5105579E+01    2.0631578E+01
    1.8780000E+00    3.5129970E+01    2.0631832E+01
    1.8820000E+00    3.5154328E+01    2.0632082E+01
    1.8860000E+00    3.5178652E+01    2.0632329E+01
    1.8900000E+00    3.5202944E+01    2.0632573E+01
    1.8940000E+00    3.5227202E+01    2.0632814E+01
    1.8980000E+00    3.5251427E+01    2.0633052E+01
    1.9020000E+00    3.5275619E+01    2.0633287E+01
    1.9060000E+00    3.5299777E+01    2.0633519E+01
    1.9100000E+00    3.5323902E+01    2.0633748E+01
    1.9140000E+00    3.5347993E+01    2.0633974E+01
    1.9180000E+00    3.5372051E+01    2.0634197E+01
    1.9220000E+00    3.5396075E+01    2.0634418E+01
    1.9260000E+00    3.5420066E+01    2.0634636E+01
    1.9300000E+00    3.5444023E+01    2.0634851E+01
    1.9340000E+00    3.5467946E+01    2.0635063E+01
    1.9380000E+00    3.5491835E+01    2.0635273E+01
    1.9420000E+00    3.5515691E+01    2.0635480E+01
    1.9460000E+00    3.5539512E+01    2.0635685E+01
    1.9500000E+00    3.5563299E+01    2.0635887E+01
    1.9540000E+00    3.5587053E+01    2.0636087E+01
    1.9580000E+00    3.5610772E+01    2.0636284E+01
    1.9620000E+00    3.5634457E+01    2.0636479E+01
    1.9660000E+00    3.5658107E+01    2.0636672E+01
    1.9700000E+00    3.5681724E+01    2.0636862E+01
    1.9740000E+00    3.5705306E+01    2.0637050E+01
    1.9780000E+00    3.5728853E+01    2.0637235E+01
    1.9820000E+00    3.5752367E+01    2.0637419E+01
    1.9860000E+00    3.5775845E+01    2.0637600E+01
    1.9900000E+00    3.5799289E+01    2.0637779E+01
    1.9940000E+00    3.5822698E+01    2.0637955E+01
    1.9980000E+00    3.5846073E+01    2.0638130E+01
    2.0020000E+00    3.5869413E+01    2.0638303E+01
    2.0060000E+00    3.5892718E+01    2.0638473E+01
    2.0100000E+00    3.5915988E+01    2.0638642E+01
    2.0140000E+00    3.5939223E+01    2.0638808E+01
    2.0180000E+00    3.5962423E+01    2.0638973E+01
    2.0220000E+00    3.5985588E+01    2.0639136E+01
    2.0260000E+00    3.6008718E+01    2.0639296E+01
    2.0300000E+00    3.6031813E+01    2.0639455E+01
    2.0340000E+00    3.6054872E+01    2.0639612E+01
    2.0380000E+00    3.6077896E+01    2.0639767E+01
    2.0420000E+00    3.6100885E+01    2.0639921E+01
    2.0460000E+00    3.6123838E+01    2.0640072E+01
    2.0500000E+00    3.6146756E+01    2.0640222E+01
    2.0540000E+00    3.6169639E+01    2.0640370E+01
    2.0580000E+00    3.6192485E+01    2.0640517E+01
    2.0620000E+00    3.6215296E+01    2.0640662E+01
    2.0660000E+00    3.6238072E+01    2.0640805E+01
    2.0700000E+00    3.6260811E+01    2.0640946E+01
    2.0740000E+00    3.6283515E+01    2.0641086E+01
    2.0780000E+00    3.6306183E+01    2.0641224E+01
    2.0820000E+00    3.6328815E+01    2.0641361E+01
    2.0860000E+00    3.6351411E+01    2.0641496E+01
    2.0900000E+00    3.6373970E+01    2.0641630E+01
    2.0940000E+00    3.6396494E+01    2.0641762E+01
    2.0980000E+00    3.6418982E+01    2.0641892E+01
    2.1020000E+00    3.6441433E+01    2.0642022E+01
    2.1060000E+00    3.6463848E+01    2.0642149E+01
    2.1100000E+00    3.6486227E+01    2.0642276E+01
    2.1140000E+00    3.6508569E+01    2.0642401E+01
    2.1180000E+00    3.6530875E+01    2.0642524E+01
    2.1220000E+00    3.6553144E+01    2.0642646E+01
    2.1260000E+00    3.6575376E+01    2.0642767E+01
    2.1300000E+00    3.6597572E+01    2.0642887E+01
    2.1340000E+00    3.6619732E+01    2.0643005E+01
    2.1380000E+00    3.6641854E+01    2.0643122E+01
    2.1420000E+00    3.6663940E+01    2.0643238E+01
    2.1460000E+00    3.6685989E+01    2.0643352E+01
    2.1500000E+00    3.6708001E+01    2.0643466E+01
    2.1540000E+00    3.6729975E+01    2.0643578E+01
    2.1580000E+00    3.6751913E+01    2.0643689E+01
    2.1620000E+00    3.6773814E+01    2.0643798E+01
    2.1660000E+00    3.6795677E+01    2.0643907E+01
    2.1700000E+00    3.6817504E+01    2.0644014E+01
    2.1740000E+00    3.6839293E+01    2.0644120E+01
    2.1780000E+00    3.6861044E+01    2.0644226E+01
    2.1820000E+00    3.6882759E+01    2.0644330E+01
    2.1860000E+00    3.6904436E+01    2.0644432E+01
    2.1900000E+00    3.6926075E+01    2.0644534E+01
    2.1940000E+00    3.6947677E+01    2.0644635E+01
    2.1980000E+00    3.6969241E+01    2.0644735E+01
    2.2020000E+00    3.6990767E+01    2.0644834E+01
    2.2060000E+00    3.7012256E+01    2.0644932E+01
    2.2100000E+00    3.7033707E+01    2.0645028E+01
    2.2140000E+00    3.7055120E+01    2.0645124E+01
    2.2180000E+00    3.7076495E+01    2.0645219E+01
    2.2220000E+00    3.7097832E+01    2.0645313E+01
    2.2260000E+00    3.7119131E+01    2.0645406E+01
    2.2300000E+00    3.7140392E+01    2.0645498E+01
    2.2340000E+00    3.7161615E+01    2.0645589E+01
    2.2380000E+00    3.7182799E+01    2.0645679E+01
    2.2420000E+00    3.7203946E+01    2.0645768E+01
    2.2460000E+00    3.7225054E+01    2.0645857E+01
    2.2500000E+00    3.7246124E+01    2.0645944E+01
    2.2540000E+00    3.7267155E+01    2.0646031E+01
    2.2580000E+00    3.7288148E+01    2.0646117E+01
    2.2620000E+00    3.7309102E+01    2.0646202E+01
    2.2660000E+00    3.7330017E+01    2.0646286E+01
    2.2700000E+00    3.7350894E+01    2.0646369E+01
    2.2740000E+00    3.7371733E+01    2.0646452E+01
    2.2780000E+00    3.7392532E+01    2.0646534E+01
    2.2820000E+00    3.7413293E+01    2.0646615E+01
    2.2860000E+00    3.7434014E+01    2.0646695E+01
    2.2900000E+00    3.7454697E+01    2.0646774E+01
    2.2940000E+00    3.7475341E+01    2.0646853E+01
    2.2980000E+00    3.7495946E+01    2.0646931E+01
    2.3020000E+00    3.7516511E+01    2.0647008E+01
    2.3060000E+00    3.7537038E+01    2.0647085E+01
    2.3100000E+00    3.7557525E+01    2.0647161E+01
    2.3140000E+00    3.7577973E+01    2.0647236E+01
    2.3180000E+00    3.7598382E+01    2.0647311E+01
    2.3220000E+00    3.7618751E+01    2.0647384E+01
    2.3260000E+00    3.7639080E+01    2.0647458E+01
    2.3300000E+00    3.7659371E+01    2.0647530E+01
    2.3340000E+00    3.7679621E+01    2.0647602E+01
    2.3380000E+00    3.7699832E+01    2.0647673E+01
    2.3420000E+00    3.7720004E+01    2.0647744E+01
    2.3460000E+00    3.7740135E+01    2.0647813E+01
    2.3500000E+00    3.7760227E+01    2.0647883E+01
    2.3540000E+00    3.7780279E+01    2.0647951E+01
    2.3580000E+00    3.7800291E+01    2.0648020E+01
    2.3620000E+00    3.7820263E+01    2.0648087E+01
    2.3660000E+00    3.7840195E+01    2.0648154E+01
    2.3700000E+00    3.7860087E+01    2.0648220E+01
    2.3740000E+00    3.7879939E+01    2.0648286E+01
    2.3780000E+00    3.7899751E+01    2.0648351E+01
    2.3820000E+00    3.7919523E+01    2.0648416E+01
    2.3860000E+00    3.7939254E+01    2.0648480E+01
    2.3900000E+00    3.7958945E+01    2.0648543E+01
    2.3940000E+00    3.7978595E+01    2.0648606E+01
    2.3980000E+00    3.7998205E+01    2.0648669E+01
    2.4020000E+00    3.8017775E+01    2.0648731E+01
    2.4060000E+00    3.8037303E+01    2.0648792E+01
    2.4100000E+00    3.8056792E+01    2.0648853E+01
    2.4140000E+00    3.8076239E+01    2.0648914E+01
    2.4180000E+00    3.8095646E+01    2.0648974E+01
    2.4220000E+00    3.8115012E+01    2.0649033E+01
    2.4260000E+00    3.8134337E+01    2.0649092E+01
    2.4300000E+00    3.8153622E+01    2.0649151E+01
    2.4340000E+00    3.8172865E+01    2.0649209E+01
    2.4380000E+00    3.8192067E+01    2.0649266E+01
    2.4420000E+00    3.8211229E+01    2.0649323E+01
    2.4460000E+00    3.8230349E+01    2.0649380E+01
    2.4500000E+00    3.8249428E+01    2.0649436E+01
    2.4540000E+00    3.8268466E+01    2.0649492E+01
    2.4580000E+00    3.8287462E+01    2.0649547E+01
    2.4620000E+00    3.8306417E+01    2.0649602E+01
    2.4660000E+00    3.8325331E+01    2.0649656E+01
    2.4700000E+00    3.8344203E+01    2.0649710E+01
    2.4740000E+00    3.8363034E+01    2.0649764E+01
    2.4780000E+00    3.8381823E+01    2.0649817E+01
    2.4820000E+00    3.8400571E+01    2.0649870E+01
    2.4860000E+00    3.8419277E+01    2.0649922E+01
    2.4900000E+00    3.8437941E+01    2.0649974E+01
    2.4940000E+00    3.8456564E+01    2.0650026E+01
    2.4980000E+00    3.8475144E+01    2.0650077E+01
    2.5020000E+00    3.8493683E+01    2.0650128E+01
    2.5060000E+00    3.8512180E+01    2.0650179E+01
    2.5100000E+00    3.8530635E+01    2.0650229E+01
    2.5140000E+00    3.8549047E+01    2.0650278E+01
    2.5180000E+00    3.8567418E+01    2.0650328E+01
    2.5220000E+00    3.8585747E+01    2.0650377E+01
    2.5260000E+00    3.8604033E+01    2.0650425E+01
    2.5300000E+00    3.8622277E+01    2.0650474E+01
    2.5340000E+00    3.8640479E+01    2.0650522E+01
    2.5380000E+00    3.8658638E+01    2.0650569E+01
    2.5420000E+00    3.8676755E+01    2.0650617E+01
    2.5460000E+00    3.8694830E+01    2.0650663E+01
    2.5500000E+00    3.8712862E+01    2.0650710E+01
    2.5540000E+00    3.8730851E+01    2.0650756E+01
    2.5580000E+00    3.8748798E+01    2.0650802E+01
    2.5620000E+00    3.8766702E+01    2.0650848E+01
    2.5660000E+00    3.8784564E+01    2.0650893E+01
    2.5700000E+00    3.8802382E+01    2.0650938E+01
    2.5740000E+00    3.8820158E+01    2.0650983E+01
    2.5780000E+00    3.8837891E+01    2.0651027E+01
    2.5820000E+00    3.8855581E+01    2.0651071E+01
    2.5860000E+00    3.8873228E+01    2.0651115E+01
    2.5900000E+00    3.8890832E+01    2.0651158E+01
    2.5940000E+00    3.8908392E+01    2.0651202E+01
    2.5980000E+00    3.8925910E+01    2.0651245E+01
    2.6020000E+00    3.8943385E+01    2.0651287E+01
    2.6060000E+00    3.8960816E+01    2.0651329E+01
    2.6100000E+00    3.8978204E+01    2.0651372E+01
    2.6140000E+00    3.8995548E+01    2.0651413E+01
    2.6180000E+00    3.9012849E+01    2.0651455E+01
    2.6220000E+00    3.9030107E+01    2.0651496E+01
    2.6260000E+00    3.9047321E+01    2.0651537E+01
    2.6300000E+00    3.9064491E+01    2.0651578E+01
    2.6340000E+00    3.9081618E+01    2.0651618E+01
    2.6380000E+00    3.9098702E+01    2.0651658E+01
    2.6420000E+00    3.9115741E+01    2.0651698E+01
    2.6460000E+00    3.9132737E+01    2.0651738E+01
    2.6500000E+00    3.9149689E+01    2.0651777E+01
    2.6540000E+00    3.9166597E+01    2.0651816E+01
    2.6580000E+00    3.9183461E+01    2.0651855E+01
    2.6620000E+00    3.9200281E+01    2.0651894E+01
    2.6660000E+00    3.9217057E+01    2.0651932E+01
    2.6700000E+00    3.9233790E+01    2.0651970E+01
    2.6740000E+00    3.9250478E+01    2.0652008E+01
    2.6780000E+00    3.9267121E+01    2.0652046E+01
    2.6820000E+00    3.9283721E+01    2.0652083E+01
    2.6860000E+00    3.9300276E+01    2.0652121E+01
    2.6900000E+00    3.9316787E+01    2.0652158E+01
    2.6940000E+00    3.9333254E+01    2.0652194E+01
    2.6980000E+00    3.9349676E+01    2.0652231E+01
    2.7020000E+00    3.9366053E+01    2.0652267E+01
    2.7060000E+00    3.9382386E+01    2.0652303E+01
    2.7100000E+00    3.9398675E+01    2.0652339E+01
    2.7140000E+00    3.9414919E+01    2.0652375E+01
    2.7180000E+00    3.9431118E+01    2.0652410E+01
    2.7220000E+00    3.9447273E+01    2.0652446E+01
    2.7260000E+00    3.9463382E+01    2.0652481E+01
    2.7300000E+00    3.9479447E+01    2.0652516E+01
    2.7340000E+00    3.9495467E+01    2.0652550E+01
    2.7380000E+00    3.9511442E+01    2.0652585E+01
    2.7420000E+00    3.9527373E+01    2.0652619E+01
    2.7460000E+00    3.9543258E+01    2.0652653E+01
    2.7500000E+00    3.9559098E+01    2.0652687E+01
    2.7540000E+00    3.9574893E+01    2.0652720E+01
    2.7580000E+00    3.9590642E+01    2.0652754E+01
    2.7620000E+00    3.9606347E+01    2.0652787E+01
    2.7660000E+00    3.9622006E+01    2.0652820E+01
    2.7700000E+00    3.9637620E+01    2.0652853E+01
    2.7740000E+00    3.9653189E+01    2.0652886E+01
    2.7780000E+00    3.9668712E+01    2.0652918E+01
    2.7820000E+00    3.9684190E+01    2.0652950E+01
    2.7860000E+00    3.9699622E+01    2.0652982E+01
    2.7900000E+00    3.9715008E+01    2.0653014E+01
    2.7940000E+00    3.9730350E+01    2.0653046E+01
    2.7980000E+00    3.9745645E+01    2.0653078E+01
    2.8020000E+00    3.9760895E+01    2.0653109E+01
    2.8060000E+00    3.9776099E+01    2.0653140E+01
    2.8100000E+00    3.9791257E+01    2.0653171E+01
    2.8140000E+00    3.9806369E+01    2.0653202E+01
    2.8180000E+00    3.9821436E+01    2.0653233E+01
    2.8220000E+00    3.9836456E+01    2.0653263E+01
    2.8260000E+00    3.9851431E+01    2.0653294E+01
    2.8300000E+00    3.9866359E+01    2.0653324E+01
    2.8340000E+00    3.9881242E+01    2.0653354E+01
    2.8380000E+00    3.9896078E+01    2.0653384E+01
    2.8420000E+00    3.9910868E+01    2.0653413E+01
    2.8460000E+00    3.9925612E+01    2.0653443E+01
    2.8500000E+00    3.9940310E+01    2.0653472E+01
    2.8540000E+00    3.9954961E+01    2.0653502E+01
    2.8580000E+00    3.9969566E+01    2.0653531E+01
    2.8620000E+00    3.9984125E+01    2.0653559E+01
    2.8660000E+00    3.9998637E+01    2.0653588E+01
    2.8700000E+00    4.0013103E+01    2.0653617E+01
    2.8740000E+00    4.0027522E+01    2.0653645E+01
    2.8780000E+00    4.0041895E+01    2.0653673E+01
    2.8820000E+00    4.0056221E+01    2.0653702E+01
    2.8860000E+00    4.0070500E+01    2.0653730E+01
    2.8900000E+00    4.0084732E+01    2.0653757E+01
    2.8940000E+00    4.0098918E+01    2.0653785E+01
    2.8980000E+00    4.0113057E+01    2.0653813E+01
    2.9020000E+00    4.0127149E+01    2.0653840E+01
    2.9060000E+00    4.0141195E+01    2.0653867E+01
    2.9100000E+00    4.0155193E+01    2.0653894E+01
    2.9140000E+00    4.0169144E+01    2.0653921E+01
    2.9180000E+00    4.0183049E+01    2.0653948E+01
    2.9220000E+00    4.0196906E+01    2.0653975E+01
    2.9260000E+00    4.0210716E+01    2.0654001E+01
    2.9300000E+00    4.0224479E+01    2.0654027E+01
    2.9340000E+00    4.0238195E+01    2.0654054E+01
    2.9380000E+00    4.0251863E+01    2.0654080E+01
    2.9420000E+00    4.0265485E+01    2.0654106E+01
    2.9460000E+00    4.0279058E+01    2.0654131E+01
    2.9500000E+00    4.0292585E+01    2.0654157E+01
    2.9540000E+00    4.0306064E+01    2.0654183E+01
    2.9580000E+00    4.0319496E+01    2.0654208E+01
    2.9620000E+00    4.0332880E+01    2.0654233E+01
    2.9660000E+00    4.0346216E+01    2.0654258E+01
    2.9700000E+00    4.0359505E+01    2.0654283E+01
    2.9740000E+00    4.0372747E+01    2.0654308E+01
    2.9780000E+00    4.0385940E+01    2.0654333E+01
    2.9820000E+00    4.0399086E+01    2.0654358E+01
    2.9860000E+00    4.0412184E+01    2.0654382E+01
    2.9900000E+00    4.0425235E+01    2.0654406E+01
    2.9940000E+00    4.0438237E+01    2.0654431E+01
    2.9980000E+00    4.0451192E+01    2.0654455E+01
    3.0020000E+00    4.0464099E+01    2.0654479E+01
    3.0060000E+00    4.0476957E+01    2.0654502E+01
    3.0100000E+00    4.0489768E+01    2.0654526E+01
    3.0140000E+00    4.0502531E+01    2.0654550E+01
    3.0180000E+00    4.0515245E+01    2.0654573E+01
    3.0220000E+00    4.0527912E+01    2.0654596E+01
    3.0260000E+00    4.0540530E+01    2.0654620E+01
    3.0300000E+00    4.0553100E+01    2.0654643E+01
    3.0340000E+00    4.0565622E+01    2.0654666E+01
    3.0380000E+00    4.0578095E+01    2.0654688E+01
    3.0420000E+00    4.0590520E+01    2.0654711E+01
    3.0460000E+00    4.0602897E+01    2.0654734E+01
    3.0500000E+00    4.0615225E+01    2.0654756E+01
    3.0540000E+00    4.0627505E+01    2.0654779E+01
    3.0580000E+00    4.0639736E+01    2.0654801E+01
    3.0620000E+00    4.0651919E+01    2.0654823E+01
    3.0660000E+00    4.0664053E+01    2.0654845E+01
    3.0700000E+00    4.0676139E+01    2.0654867E+01
    3.0740000E+00    4.0688175E+01    2.0654889E+01
    3.0780000E+00    4.0700164E+01    2.0654910E+01
    3.0820000E+00    4.0712103E+01    2.0654932E+01
    3.0860000E+00    4.0723994E+01    2.0654953E+01
    3.0900000E+00    4.0735836E+01    2.0654974E+01
    3.0940000E+00    4.0747629E+01    2.0654996E+01
    3.0980000E+00    4.0759373E+01    2.0655017E+01
    3.1020000E+00    4.0771068E+01    2.0655038E+01
    3.1060000E+00    4.0782714E+01    2.0655058E+01
    3.1100000E+00    4.0794311E+01    2.0655079E+01
    3.1140000E+00    4.0805859E+01    2.0655100E+01
    3.1180000E+00    4.0817358E+01    2.0655120E+01
    3.1220000E+00    4.0828808E+01    2.0655141E+01
    3.1260000E+00    4.0840209E+01    2.0655161E+01
    3.1300000E+00    4.0851560E+01    2.0655181E+01
    3.1340000E+00    4.0862863E+01    2.0655201E+01
    3.1380000E+00    4.0874116E+01    2.0655221E+01
    3.1420000E+00    4.0885319E+01    2.0655241E+01
    3.1460000E+00    4.0896474E+01    2.0655261E+01
    3.1500000E+00    4.0907578E+01    2.0655280E+01
    3.1540000E+00    4.0918634E+01    2.0655300E+01
    3.1580000E+00    4.0929640E+01    2.0655319E+01
    3.1620000E+00    4.0940597E+01    2.0655339E+01
    3.1660000E+00    4.0951504E+01    2.0655358E+01
    3.1700000E+00    4.0962361E+01    2.0655377E+01
    3.1740000E+00    4.0973169E+01    2.0655396E+01
    3.1780000E+00    4.0983927E+01    2.0655415E+01
    3.1820000E+00    4.0994635E+01    2.0655433E+01
    3.1860000E+00    4.1005294E+01    2.0655452E+01
    3.1900000E+00    4.1015903E+01    2.0655471E+01
    3.1940000E+00    4.1026463E+01    2.0655489E+01
    3.1980000E+00    4.1036972E+01    2.0655507E+01
    3.2020000E+00    4.1047432E+01    2.0655526E+01
    3.2060000E+00    4.1057841E+01    2.0655544E+01
    3.2100000E+00    4.1068201E+01    2.0655562E+01
    3.2140000E+00    4.1078511E+01    2.0655580E+01
    3.2180000E+00    4.1088770E+01    2.0655598E+01
    3.2220000E+00    4.1098980E+01    2.0655615E+01
    3.2260000E+00    4.1109140E+01    2.0655633E+01
    3.2300000E+00    4.1119250E+01    2.0655651E+01
    3.2340000E+00    4.1129309E+01    2.0655668E+01
    3.2380000E+00    4.1139318E+01    2.0655685E+01
    3.2420000E+00    4.1149277E+01    2.0655702E+01
    3.2460000E+00    4.1159186E+01    2.0655720E+01
    3.2500000E+00    4.1169045E+01    2.0655737E+01
    3.2540000E+00    4.1178853E+01    2.0655753E+01
    3.2580000E+00    4.1188611E+01    2.0655770E+01
    3.2620000E+00    4.1198319E+01    2.0655787E+01
    3.2660000E+00    4.1207976E+01    2.0655804E+01
    3.2700000E+00    4.1217583E+01    2.0655820E+01
    3.2740000E+00    4.1227139E+01    2.0655837E+01
    3.2780000E+00    4.1236645E+01    2.0655853E+01
    3.2820000E+00    4.1246100E+01    2.0655869E+01
    3.2860000E+00    4.1255505E+01    2.0655885E+01
    3.2900000E+00    4.1264859E+01    2.0655901E+01
    3.2940000E+00    4.1274162E+01    2.0655917E+01
    3.2980000E+00    4.1283415E+01    2.0655933E+01
    3.3020000E+00    4.1292617E+01    2.0655949E+01
    3.3060000E+00    4.1301769E+01    2.0655964E+01
    3.3100000E+00    4.1310869E+01    2.0655980E+01
    3.3140000E+00    4.1319919E+01    2.0655995E+01
    3.3180000E+00    4.1328918E+01    2.0656010E+01
    3.3220000E+00    4.1337867E+01    2.0656026E+01
    3.3260000E+00    4.1346764E+01    2.0656041E+01
    3.3300000E+00    4.1355610E+01    2.0656056E+01
    3.3340000E+00    4.1364406E+01    2.0656071E+01
    3.3380000E+00    4.1373151E+01    2.0656086E+01
    3.3420000E+00    4.1381844E+01    2.0656100E+01
    3.3460000E+00    4.1390487E+01    2.0656115E+01
    3.3500000E+00    4.1399078E+01    2.0656130E+01
    3.3540000E+00    4.1407619E+01    2.0656144E+01
    3.3580000E+00    4.1416108E+01    2.0656158E+01
    3.3620000E+00    4.1424546E+01    2.0656173E+01
    3.3660000E+00    4.1432933E+01    2.0656187E+01
    3.3700000E+00    4.1441269E+01    2.0656201E+01
    3.3740000E+00    4.1449554E+01    2.0656215E+01
    3.3780000E+00    4.1457787E+01    2.0656229E+01
    3.3820000E+00    4.1465969E+01    2.0656243E+01
    3.3860000E+00    4.1474100E+01    2.0656256E+01
    3.3900000E+00    4.1482179E+01    2.0656270E+01
    3.3940000E+00    4.1490207E+01    2.0656283E+01
    3.3980000E+00    4.1498184E+01    2.0656297E+01
    3.4020000E+00    4.1506109E+01    2.0656310E+01
    3.4060000E+00    4.1513983E+01    2.0656323E+01
    3.4100000E+00    4.1521805E+01    2.0656337E+01
    3.4140000E+00    4.1529576E+01    2.0656350E+01
    3.4180000E+00    4.1537295E+01    2.0656362E+01
    3.4220000E+00    4.1544963E+01    2.0656375E+01
    3.4260000E+00    4.1552579E+01    2.0656388E+01
    3.4300000E+00    4.1560144E+01    2.0656401E+01
    3.4340000E+00    4.1567657E+01    2.0656413E+01
    3.4380000E+00    4.1575118E+01    2.0656426E+01
    3.4420000E+00    4.1582528E+01    2.0656438E+01
    3.4460000E+00    4.1589885E+01    2.0656451E+01
    3.4500000E+00    4.1597192E+01    2.0656463E+01
    3.4540000E+00    4.1604446E+01    2.0656475E+01
    3.4580000E+00    4.1611648E+01    2.0656487E+01
    3.4620000E+00    4.1618799E+01    2.0656499E+01
    3.4660000E+00    4.1625898E+01    2.0656511E+01
    3.4700000E+00    4.1632945E+01    2.0656522E+01
    3.4740000E+00    4.1639940E+01    2.0656534E+01
    3.4780000E+00    4.1646884E+01    2.0656546E+01
    3.4820000E+00    4.1653775E+01    2.0656557E+01
    3.4860000E+00    4.1660614E+01    2.0656568E+01
    3.4900000E+00    4.1667402E+01    2.0656580E+01
    3.4940000E+00    4.1674137E+01    2.0656591E+01
    3.4980000E+00    4.1680820E+01    2.0656602E+01
    3.5020000E+00    4.1687452E+01    2.0656613E+01
    3.5060000E+00    4.1694031E+01    2.0656624E+01
    3.5100000E+00    4.1700558E+01    2.0656635E+01
    3.5140000E+00    4.1707033E+01    2.0656645E+01
    3.5180000E+00    4.1713456E+01    2.0656656E+01
    3.5220000E+00    4.1719827E+01    2.0656667E+01
    3.5260000E+00    4.1726145E+01    2.0656677E+01
    3.5300000E+00    4.1732412E+01    2.0656688E+01
    3.5340000E+00    4.1738626E+01    2.0656698E+01
    3.5380000E+00    4.1744787E+01    2.0656708E+01
    3.5420000E+00    4.1750897E+01    2.0656718E+01
    3.5460000E+00    4.1756954E+01    2.0656728E+01
    3.5500000E+00    4.1762959E+01    2.0656738E+01
    3.5540000E+00    4.1768912E+01    2.0656748E+01
    3.5580000E+00    4.1774812E+01    2.0656758E+01
    3.5620000E+00    4.1780660E+01    2.0656767E+01
    3.5660000E+00    4.1786455E+01    2.0656777E+01
    3.5700000E+00    4.1792198E+01    2.0656786E+01
    3.5740000E+00    4.1797889E+01    2.0656796E+01
    3.5780000E+00    4.1803527E+01    2.0656805E+01
    3.5820000E+00    4.1809113E+01    2.0656814E+01
    3.5860000E+00    4.1814646E+01    2.0656823E+01
    3.5900000E+00    4.1820126E+01    2.0656832E+01
    3.5940000E+00    4.1825554E+01    2.0656841E+01
    3.5980000E+00    4.1830930E+01    2.0656850E+01
    3.6020000E+00    4.1836253E+01    2.0656859E+01
    3.6060000E+00    4.1841523E+01    2.0656868E+01
    3.6100000E+00    4.1846741E+01    2.0656876E+01
    3.6140000E+00    4.1851906E+01    2.0656885E+01
    3.6180000E+00    4.1857018E+01    2.0656893E+01
    3.6220000E+00    4.1862078E+01    2.0656901E+01
    3.6260000E+00    4.1867085E+01    2.0656910E+01
    3.6300000E+00    4.1872040E+01    2.0656918E+01
    3.6340000E+00    4.1876941E+01    2.0656926E+01
    3.6380000E+00    4.1881790E+01    2.0656934E+01
    3.6420000E+00    4.1886586E+01    2.0656942E+01
    3.6460000E+00    4.1891330E+01    2.0656949E+01
    3.6500000E+00    4.1896020E+01    2.0656957E+01
    3.6540000E+00    4.1900658E+01    2.0656965E+01
    3.6580000E+00    4.1905243E+01    2.0656972E+01
    3.6620000E+00    4.1909775E+01    2.0656980E+01
    3.6660000E+00    4.1914254E+01    2.0656987E+01
    3.6700000E+00    4.1918680E+01    2.0656994E+01
    3.6740000E+00    4.1923054E+01    2.0657001E+01
    3.6780000E+00    4.1927374E+01    2.0657008E+01
    3.6820000E+00    4.1931642E+01    2.0657015E+01
    3.6860000E+00    4.1935857E+01    2.0657022E+01
    3.6900000E+00    4.1940019E+01    2.0657029E+01
    3.6940000E+00    4.1944127E+01    2.0657036E+01
    3.6980000E+00    4.1948183E+01    2.0657042E+01
    3.7020000E+00    4.1952186E+01    2.0657049E+01
    3.7060000E+00    4.1956136E+01    2.0657055E+01
    3.7100000E+00    4.1960033E+01    2.0657062E+01
    3.7140000E+00    4.1963876E+01    2.0657068E+01
    3.7180000E+00    4.1967667E+01    2.0657074E+01
    3.7220000E+00    4.1971405E+01    2.0657080E+01
    3.7260000E+00    4.1975089E+01    2.0657086E+01
    3.7300000E+00    4.1978721E+01    2.0657092E+01
    3.7340000E+00    4.1982299E+01    2.0657098E+01
    3.7380000E+00    4.1985824E+01    2.0657104E+01
    3.7420000E+00    4.1989296E+01    2.0657109E+01
    3.7460000E+00    4.1992715E+01    2.0657115E+01
    3.7500000E+00    4.1996081E+01    2.0657121E+01
    3.7540000E+00    4.1999394E+01    2.0657126E+01
    3.7580000E+00    4.2002653E+01    2.0657131E+01
    3.7620000E+00    4.2005859E+01    2.0657136E+01
    3.7660000E+00    4.2009012E+01    2.0657142E+01
    3.7700000E+00    4.2012112E+01    2.0657147E+01
    3.7740000E+00    4.2015159E+01    2.0657152E+01
    3.7780000E+00    4.2018152E+01    2.0657157E+01
    3.7820000E+00    4.2021092E+01    2.0657161E+01
    3.7860000E+00    4.2023979E+01    2.0657166E+01
    3.7900000E+00    4.2026813E+01    2.0657171E+01
    3.7940000E+00    4.2029593E+01    2.0657175E+01
    3.7980000E+00    4.2032320E+01    2.0657180E+01
    3.8020000E+00    4.2034994E+01    2.0657184E+01
    3.8060000E+00    4.2037614E+01    2.0657188E+01
    3.8100000E+00    4.2040181E+01    2.0657192E+01
    3.8140000E+00    4.2042695E+01    2.0657196E+01
    3.8180000E+00    4.2045155E+01    2.0657200E+01
    3.8220000E+00    4.2047562E+01    2.0657204E+01
    3.8260000E+00    4.2049916E+01    2.0657208E+01
    3.8300000E+00    4.2052216E+01    2.0657212E+01
    3.8340000E+00    4.2054463E+01    2.0657216E+01
    3.8380000E+00    4.2056657E+01    2.0657219E+01
    3.8420000E+00    4.2058797E+01    2.0657223E+01
    3.8460000E+00    4.2060884E+01    2.0657226E+01
    3.8500000E+00    4.2062917E+01    2.0657229E+01
    3.8540000E+00    4.2064897E+01    2.0657233E+01
    3.8580000E+00    4.2066824E+01    2.0657236E+01
    3.8620000E+00    4.2068697E+01    2.0657239E+01
    3.8660000E+00    4.2070517E+01    2.0657242E+01
    3.8700000E+00    4.2072283E+01    2.0657245E+01
    3.8740000E+00    4.2073996E+01    2.0657247E+01
    3.8780000E+00    4.2075655E+01    2.0657250E+01
    3.8820000E+00    4.2077261E+01    2.0657253E+01
    3.8860000E+00    4.2078813E+01    2.0657255E+01
    3.8900000E+00    4.2080312E+01    2.0657258E+01
    3.8940000E+00    4.2081758E+01    2.0657260E+01
    3.8980000E+00    4.2083150E+01    2.0657262E+01
    3.9020000E+00    4.2084488E+01    2.0657264E+01
    3.9060000E+00    4.2085773E+01    2.0657266E+01
    3.9100000E+00    4.2087005E+01    2.0657268E+01
    3.9140000E+00    4.2088183E+01    2.0657270E+01
    3.9180000E+00    4.2089307E+01    2.0657272E+01
    3.9220000E+00    4.2090378E+01    2.0657274E+01
    3.9260000E+00    4.2091396E+01    2.0657276E+01
    3.9300000E+00    4.2092360E+01    2.0657277E+01
    3.9340000E+00    4.2093270E+01    2.0657279E+01
    3.9380000E+00    4.2094127E+01    2.0657280E+01
    3.9420000E+00    4.2094930E+01    2.0657281E+01
    3.9460000E+00    4.2095680E+01    2.0657282E+01
    3.9500000E+00    4.2096376E+01    2.0657284E+01
    3.9540000E+00    4.2097019E+01    2.0657285E+01
    3.9580000E+00    4.2097608E+01    2.0657286E+01
    3.9620000E+00    4.2098144E+01    2.0657286E+01
    3.9660000E+00    4.2098626E+01    2.0657287E+01
    3.9700000E+00    4.2099054E+01    2.0657288E+01
    3.9740000E+00    4.2099429E+01    2.0657289E+01
    3.9780000E+00    4.2099750E+01    2.0657289E+01
    3.9820000E+00    4.2100018E+01    2.0657290E+01
    3.9860000E+00    4.2100232E+01    2.0657290E+01
    3.9900000E+00    4.2100393E+01    2.0657290E+01
    3.9940000E+00    4.2100500E+01    2.0657290E+01
    3.9980000E+00    4.2100554E+01    2.0657290E+01
