# Time          1.0000E+03
# Units: Bars
    Distance        CO2(g)          
    2.0000000E-03    1.1600739E-01
    6.0000000E-03    1.2958567E-01
    1.0000000E-02    1.4312588E-01
    1.4000000E-02    1.5662812E-01
    1.8000000E-02    1.7009249E-01
    2.2000000E-02    1.8351911E-01
    2.6000000E-02    1.9690808E-01
    3.0000000E-02    2.1025951E-01
    3.4000000E-02    2.2357349E-01
    3.8000000E-02    2.3685015E-01
    4.2000000E-02    2.5008958E-01
    4.6000000E-02    2.6329189E-01
    5.0000000E-02    2.7645718E-01
    5.4000000E-02    2.8958555E-01
    5.8000000E-02    3.0267712E-01
    6.2000000E-02    3.1573199E-01
    6.6000000E-02    3.2875025E-01
    7.0000000E-02    3.4173201E-01
    7.4000000E-02    3.5467738E-01
    7.8000000E-02    3.6758645E-01
    8.2000000E-02    3.8045934E-01
    8.6000000E-02    3.9329613E-01
    9.0000000E-02    4.0609694E-01
    9.4000000E-02    4.1886186E-01
    9.8000000E-02    4.3159099E-01
    1.0200000E-01    4.4428444E-01
    1.0600000E-01    4.5694231E-01
    1.1000000E-01    4.6956469E-01
    1.1400000E-01    4.8215169E-01
    1.1800000E-01    4.9470340E-01
    1.2200000E-01    5.0721993E-01
    1.2600000E-01    5.1970137E-01
    1.3000000E-01    5.3214782E-01
    1.3400000E-01    5.4455938E-01
    1.3800000E-01    5.5693615E-01
    1.4200000E-01    5.6927822E-01
    1.4600000E-01    5.8158570E-01
    1.5000000E-01    5.9385868E-01
    1.5400000E-01    6.0609725E-01
    1.5800000E-01    6.1830152E-01
    1.6200000E-01    6.3047158E-01
    1.6600000E-01    6.4260752E-01
    1.7000000E-01    6.5470944E-01
    1.7400000E-01    6.6677745E-01
    1.7800000E-01    6.7881162E-01
    1.8200000E-01    6.9081206E-01
    1.8600000E-01    7.0277886E-01
    1.9000000E-01    7.1471212E-01
    1.9400000E-01    7.2661193E-01
    1.9800000E-01    7.3847838E-01
    2.0200000E-01    7.5031157E-01
    2.0600000E-01    7.6211158E-01
    2.1000000E-01    7.7387852E-01
    2.1400000E-01    7.8561248E-01
    2.1800000E-01    7.9731354E-01
    2.2200000E-01    8.0898181E-01
    2.2600000E-01    8.2061736E-01
    2.3000000E-01    8.3222030E-01
    2.3400000E-01    8.4379071E-01
    2.3800000E-01    8.5532869E-01
    2.4200000E-01    8.6683432E-01
    2.4600000E-01    8.7830770E-01
    2.5000000E-01    8.8974892E-01
    2.5400000E-01    9.0115806E-01
    2.5800000E-01    9.1253522E-01
    2.6200000E-01    9.2388049E-01
    2.6600000E-01    9.3519395E-01
    2.7000000E-01    9.4647569E-01
    2.7400000E-01    9.5772580E-01
    2.7800000E-01    9.6894438E-01
    2.8200000E-01    9.8013150E-01
    2.8600000E-01    9.9128726E-01
    2.9000000E-01    1.0024117E+00
    2.9400000E-01    1.0135050E+00
    2.9800000E-01    1.0245672E+00
    3.0200000E-01    1.0355984E+00
    3.0600000E-01    1.0465987E+00
    3.1000000E-01    1.0575681E+00
    3.1400000E-01    1.0685067E+00
    3.1800000E-01    1.0794147E+00
    3.2200000E-01    1.0902921E+00
    3.2600000E-01    1.1011390E+00
    3.3000000E-01    1.1119554E+00
    3.3400000E-01    1.1227416E+00
    3.3800000E-01    1.1334975E+00
    3.4200000E-01    1.1442232E+00
    3.4600000E-01    1.1549189E+00
    3.5000000E-01    1.1655845E+00
    3.5400000E-01    1.1762203E+00
    3.5800000E-01    1.1868262E+00
    3.6200000E-01    1.1974024E+00
    3.6600000E-01    1.2079489E+00
    3.7000000E-01    1.2184659E+00
    3.7400000E-01    1.2289533E+00
    3.7800000E-01    1.2394113E+00
    3.8200000E-01    1.2498400E+00
    3.8600000E-01    1.2602395E+00
    3.9000000E-01    1.2706098E+00
    3.9400000E-01    1.2809509E+00
    3.9800000E-01    1.2912631E+00
    4.0200000E-01    1.3015464E+00
    4.0600000E-01    1.3118008E+00
    4.1000000E-01    1.3220264E+00
    4.1400000E-01    1.3322233E+00
    4.1800000E-01    1.3423917E+00
    4.2200000E-01    1.3525315E+00
    4.2600000E-01    1.3626428E+00
    4.3000000E-01    1.3727258E+00
    4.3400000E-01    1.3827805E+00
    4.3800000E-01    1.3928070E+00
    4.4200000E-01    1.4028053E+00
    4.4600000E-01    1.4127756E+00
    4.5000000E-01    1.4227179E+00
    4.5400000E-01    1.4326323E+00
    4.5800000E-01    1.4425189E+00
    4.6200000E-01    1.4523777E+00
    4.6600000E-01    1.4622089E+00
    4.7000000E-01    1.4720124E+00
    4.7400000E-01    1.4817885E+00
    4.7800000E-01    1.4915371E+00
    4.8200000E-01    1.5012583E+00
    4.8600000E-01    1.5109523E+00
    4.9000000E-01    1.5206190E+00
    4.9400000E-01    1.5302586E+00
    4.9800000E-01    1.5398711E+00
    5.0200000E-01    1.5494567E+00
    5.0600000E-01    1.5590153E+00
    5.1000000E-01    1.5685471E+00
    5.1400000E-01    1.5780521E+00
    5.1800000E-01    1.5875304E+00
    5.2200000E-01    1.5969821E+00
    5.2600000E-01    1.6064073E+00
    5.3000000E-01    1.6158060E+00
    5.3400000E-01    1.6251782E+00
    5.3800000E-01    1.6345242E+00
    5.4200000E-01    1.6438439E+00
    5.4600000E-01    1.6531374E+00
    5.5000000E-01    1.6624048E+00
    5.5400000E-01    1.6716462E+00
    5.5800000E-01    1.6808616E+00
    5.6200000E-01    1.6900512E+00
    5.6600000E-01    1.6992149E+00
    5.7000000E-01    1.7083528E+00
    5.7400000E-01    1.7174651E+00
    5.7800000E-01    1.7265517E+00
    5.8200000E-01    1.7356128E+00
    5.8600000E-01    1.7446485E+00
    5.9000000E-01    1.7536588E+00
    5.9400000E-01    1.7626437E+00
    5.9800000E-01    1.7716033E+00
    6.0200000E-01    1.7805378E+00
    6.0600000E-01    1.7894472E+00
    6.1000000E-01    1.7983315E+00
    6.1400000E-01    1.8071908E+00
    6.1800000E-01    1.8160252E+00
    6.2200000E-01    1.8248348E+00
    6.2600000E-01    1.8336196E+00
    6.3000000E-01    1.8423796E+00
    6.3400000E-01    1.8511151E+00
    6.3800000E-01    1.8598259E+00
    6.4200000E-01    1.8685123E+00
    6.4600000E-01    1.8771742E+00
    6.5000000E-01    1.8858118E+00
    6.5400000E-01    1.8944250E+00
    6.5800000E-01    1.9030140E+00
    6.6200000E-01    1.9115789E+00
    6.6600000E-01    1.9201196E+00
    6.7000000E-01    1.9286363E+00
    6.7400000E-01    1.9371290E+00
    6.7800000E-01    1.9455978E+00
    6.8200000E-01    1.9540428E+00
    6.8600000E-01    1.9624640E+00
    6.9000000E-01    1.9708615E+00
    6.9400000E-01    1.9792353E+00
    6.9800000E-01    1.9875856E+00
    7.0200000E-01    1.9959123E+00
    7.0600000E-01    2.0042156E+00
    7.1000000E-01    2.0124955E+00
    7.1400000E-01    2.0207521E+00
    7.1800000E-01    2.0289854E+00
    7.2200000E-01    2.0371955E+00
    7.2600000E-01    2.0453825E+00
    7.3000000E-01    2.0535464E+00
    7.3400000E-01    2.0616874E+00
    7.3800000E-01    2.0698053E+00
    7.4200000E-01    2.0779004E+00
    7.4600000E-01    2.0859727E+00
    7.5000000E-01    2.0940222E+00
    7.5400000E-01    2.1020490E+00
    7.5800000E-01    2.1100532E+00
    7.6200000E-01    2.1180348E+00
    7.6600000E-01    2.1259939E+00
    7.7000000E-01    2.1339306E+00
    7.7400000E-01    2.1418448E+00
    7.7800000E-01    2.1497368E+00
    7.8200000E-01    2.1576065E+00
    7.8600000E-01    2.1654539E+00
    7.9000000E-01    2.1732793E+00
    7.9400000E-01    2.1810825E+00
    7.9800000E-01    2.1888638E+00
    8.0200000E-01    2.1966230E+00
    8.0600000E-01    2.2043604E+00
    8.1000000E-01    2.2120759E+00
    8.1400000E-01    2.2197697E+00
    8.1800000E-01    2.2274417E+00
    8.2200000E-01    2.2350920E+00
    8.2600000E-01    2.2427208E+00
    8.3000000E-01    2.2503280E+00
    8.3400000E-01    2.2579137E+00
    8.3800000E-01    2.2654779E+00
    8.4200000E-01    2.2730208E+00
    8.4600000E-01    2.2805424E+00
    8.5000000E-01    2.2880428E+00
    8.5400000E-01    2.2955219E+00
    8.5800000E-01    2.3029799E+00
    8.6200000E-01    2.3104168E+00
    8.6600000E-01    2.3178327E+00
    8.7000000E-01    2.3252276E+00
    8.7400000E-01    2.3326016E+00
    8.7800000E-01    2.3399547E+00
    8.8200000E-01    2.3472871E+00
    8.8600000E-01    2.3545987E+00
    8.9000000E-01    2.3618896E+00
    8.9400000E-01    2.3691599E+00
    8.9800000E-01    2.3764096E+00
    9.0200000E-01    2.3836388E+00
    9.0600000E-01    2.3908475E+00
    9.1000000E-01    2.3980359E+00
    9.1400000E-01    2.4052038E+00
    9.1800000E-01    2.4123515E+00
    9.2200000E-01    2.4194789E+00
    9.2600000E-01    2.4265862E+00
    9.3000000E-01    2.4336733E+00
    9.3400000E-01    2.4407403E+00
    9.3800000E-01    2.4477873E+00
    9.4200000E-01    2.4548144E+00
    9.4600000E-01    2.4618215E+00
    9.5000000E-01    2.4688087E+00
    9.5400000E-01    2.4757762E+00
    9.5800000E-01    2.4827239E+00
    9.6200000E-01    2.4896519E+00
    9.6600000E-01    2.4965602E+00
    9.7000000E-01    2.5034490E+00
    9.7400000E-01    2.5103182E+00
    9.7800000E-01    2.5171679E+00
    9.8200000E-01    2.5239981E+00
    9.8600000E-01    2.5308090E+00
    9.9000000E-01    2.5376006E+00
    9.9400000E-01    2.5443729E+00
    9.9800000E-01    2.5511259E+00
    1.0020000E+00    2.5578598E+00
    1.0060000E+00    2.5645745E+00
    1.0100000E+00    2.5712702E+00
    1.0140000E+00    2.5779469E+00
    1.0180000E+00    2.5846045E+00
    1.0220000E+00    2.5912433E+00
    1.0260000E+00    2.5978632E+00
    1.0300000E+00    2.6044642E+00
    1.0340000E+00    2.6110465E+00
    1.0380000E+00    2.6176101E+00
    1.0420000E+00    2.6241550E+00
    1.0460000E+00    2.6306813E+00
    1.0500000E+00    2.6371891E+00
    1.0540000E+00    2.6436783E+00
    1.0580000E+00    2.6501490E+00
    1.0620000E+00    2.6566013E+00
    1.0660000E+00    2.6630353E+00
    1.0700000E+00    2.6694509E+00
    1.0740000E+00    2.6758483E+00
    1.0780000E+00    2.6822274E+00
    1.0820000E+00    2.6885884E+00
    1.0860000E+00    2.6949312E+00
    1.0900000E+00    2.7012560E+00
    1.0940000E+00    2.7075628E+00
    1.0980000E+00    2.7138515E+00
    1.1020000E+00    2.7201223E+00
    1.1060000E+00    2.7263753E+00
    1.1100000E+00    2.7326104E+00
    1.1140000E+00    2.7388277E+00
    1.1180000E+00    2.7450273E+00
    1.1220000E+00    2.7512092E+00
    1.1260000E+00    2.7573735E+00
    1.1300000E+00    2.7635201E+00
    1.1340000E+00    2.7696492E+00
    1.1380000E+00    2.7757608E+00
    1.1420000E+00    2.7818550E+00
    1.1460000E+00    2.7879317E+00
    1.1500000E+00    2.7939910E+00
    1.1540000E+00    2.8000331E+00
    1.1580000E+00    2.8060579E+00
    1.1620000E+00    2.8120654E+00
    1.1660000E+00    2.8180558E+00
    1.1700000E+00    2.8240290E+00
    1.1740000E+00    2.8299851E+00
    1.1780000E+00    2.8359242E+00
    1.1820000E+00    2.8418463E+00
    1.1860000E+00    2.8477515E+00
    1.1900000E+00    2.8536397E+00
    1.1940000E+00    2.8595111E+00
    1.1980000E+00    2.8653657E+00
    1.2020000E+00    2.8712035E+00
    1.2060000E+00    2.8770245E+00
    1.2100000E+00    2.8828289E+00
    1.2140000E+00    2.8886166E+00
    1.2180000E+00    2.8943878E+00
    1.2220000E+00    2.9001424E+00
    1.2260000E+00    2.9058804E+00
    1.2300000E+00    2.9116021E+00
    1.2340000E+00    2.9173072E+00
    1.2380000E+00    2.9229961E+00
    1.2420000E+00    2.9286685E+00
    1.2460000E+00    2.9343247E+00
    1.2500000E+00    2.9399647E+00
    1.2540000E+00    2.9455884E+00
    1.2580000E+00    2.9511960E+00
    1.2620000E+00    2.9567875E+00
    1.2660000E+00    2.9623629E+00
    1.2700000E+00    2.9679222E+00
    1.2740000E+00    2.9734656E+00
    1.2780000E+00    2.9789930E+00
    1.2820000E+00    2.9845045E+00
    1.2860000E+00    2.9900001E+00
    1.2900000E+00    2.9954800E+00
    1.2940000E+00    3.0009440E+00
    1.2980000E+00    3.0063923E+00
    1.3020000E+00    3.0118249E+00
    1.3060000E+00    3.0172418E+00
    1.3100000E+00    3.0226432E+00
    1.3140000E+00    3.0280289E+00
    1.3180000E+00    3.0333991E+00
    1.3220000E+00    3.0387539E+00
    1.3260000E+00    3.0440931E+00
    1.3300000E+00    3.0494170E+00
    1.3340000E+00    3.0547255E+00
    1.3380000E+00    3.0600187E+00
    1.3420000E+00    3.0652965E+00
    1.3460000E+00    3.0705592E+00
    1.3500000E+00    3.0758066E+00
    1.3540000E+00    3.0810388E+00
    1.3580000E+00    3.0862559E+00
    1.3620000E+00    3.0914580E+00
    1.3660000E+00    3.0966449E+00
    1.3700000E+00    3.1018169E+00
    1.3740000E+00    3.1069739E+00
    1.3780000E+00    3.1121160E+00
    1.3820000E+00    3.1172431E+00
    1.3860000E+00    3.1223554E+00
    1.3900000E+00    3.1274529E+00
    1.3940000E+00    3.1325357E+00
    1.3980000E+00    3.1376036E+00
    1.4020000E+00    3.1426569E+00
    1.4060000E+00    3.1476955E+00
    1.4100000E+00    3.1527195E+00
    1.4140000E+00    3.1577289E+00
    1.4180000E+00    3.1627238E+00
    1.4220000E+00    3.1677042E+00
    1.4260000E+00    3.1726701E+00
    1.4300000E+00    3.1776215E+00
    1.4340000E+00    3.1825586E+00
    1.4380000E+00    3.1874813E+00
    1.4420000E+00    3.1923896E+00
    1.4460000E+00    3.1972837E+00
    1.4500000E+00    3.2021636E+00
    1.4540000E+00    3.2070292E+00
    1.4580000E+00    3.2118807E+00
    1.4620000E+00    3.2167180E+00
    1.4660000E+00    3.2215413E+00
    1.4700000E+00    3.2263504E+00
    1.4740000E+00    3.2311456E+00
    1.4780000E+00    3.2359267E+00
    1.4820000E+00    3.2406939E+00
    1.4860000E+00    3.2454472E+00
    1.4900000E+00    3.2501866E+00
    1.4940000E+00    3.2549122E+00
    1.4980000E+00    3.2596239E+00
    1.5020000E+00    3.2643219E+00
    1.5060000E+00    3.2690062E+00
    1.5100000E+00    3.2736767E+00
    1.5140000E+00    3.2783336E+00
    1.5180000E+00    3.2829768E+00
    1.5220000E+00    3.2876065E+00
    1.5260000E+00    3.2922225E+00
    1.5300000E+00    3.2968251E+00
    1.5340000E+00    3.3014142E+00
    1.5380000E+00    3.3059898E+00
    1.5420000E+00    3.3105520E+00
    1.5460000E+00    3.3151008E+00
    1.5500000E+00    3.3196362E+00
    1.5540000E+00    3.3241584E+00
    1.5580000E+00    3.3286672E+00
    1.5620000E+00    3.3331628E+00
    1.5660000E+00    3.3376452E+00
    1.5700000E+00    3.3421144E+00
    1.5740000E+00    3.3465705E+00
    1.5780000E+00    3.3510134E+00
    1.5820000E+00    3.3554433E+00
    1.5860000E+00    3.3598601E+00
    1.5900000E+00    3.3642639E+00
    1.5940000E+00    3.3686547E+00
    1.5980000E+00    3.3730326E+00
    1.6020000E+00    3.3773975E+00
    1.6060000E+00    3.3817496E+00
    1.6100000E+00    3.3860888E+00
    1.6140000E+00    3.3904153E+00
    1.6180000E+00    3.3947289E+00
    1.6220000E+00    3.3990298E+00
    1.6260000E+00    3.4033180E+00
    1.6300000E+00    3.4075934E+00
    1.6340000E+00    3.4118563E+00
    1.6380000E+00    3.4161065E+00
    1.6420000E+00    3.4203441E+00
    1.6460000E+00    3.4245692E+00
    1.6500000E+00    3.4287817E+00
    1.6540000E+00    3.4329818E+00
    1.6580000E+00    3.4371694E+00
    1.6620000E+00    3.4413446E+00
    1.6660000E+00    3.4455074E+00
    1.6700000E+00    3.4496578E+00
    1.6740000E+00    3.4537958E+00
    1.6780000E+00    3.4579216E+00
    1.6820000E+00    3.4620351E+00
    1.6860000E+00    3.4661364E+00
    1.6900000E+00    3.4702254E+00
    1.6940000E+00    3.4743023E+00
    1.6980000E+00    3.4783670E+00
    1.7020000E+00    3.4824197E+00
    1.7060000E+00    3.4864602E+00
    1.7100000E+00    3.4904886E+00
    1.7140000E+00    3.4945051E+00
    1.7180000E+00    3.4985096E+00
    1.7220000E+00    3.5025020E+00
    1.7260000E+00    3.5064826E+00
    1.7300000E+00    3.5104512E+00
    1.7340000E+00    3.5144080E+00
    1.7380000E+00    3.5183530E+00
    1.7420000E+00    3.5222861E+00
    1.7460000E+00    3.5262074E+00
    1.7500000E+00    3.5301170E+00
    1.7540000E+00    3.5340148E+00
    1.7580000E+00    3.5379010E+00
    1.7620000E+00    3.5417755E+00
    1.7660000E+00    3.5456384E+00
    1.7700000E+00    3.5494896E+00
    1.7740000E+00    3.5533293E+00
    1.7780000E+00    3.5571574E+00
    1.7820000E+00    3.5609740E+00
    1.7860000E+00    3.5647791E+00
    1.7900000E+00    3.5685727E+00
    1.7940000E+00    3.5723549E+00
    1.7980000E+00    3.5761257E+00
    1.8020000E+00    3.5798852E+00
    1.8060000E+00    3.5836332E+00
    1.8100000E+00    3.5873700E+00
    1.8140000E+00    3.5910955E+00
    1.8180000E+00    3.5948097E+00
    1.8220000E+00    3.5985126E+00
    1.8260000E+00    3.6022044E+00
    1.8300000E+00    3.6058849E+00
    1.8340000E+00    3.6095543E+00
    1.8380000E+00    3.6132126E+00
    1.8420000E+00    3.6168598E+00
    1.8460000E+00    3.6204960E+00
    1.8500000E+00    3.6241210E+00
    1.8540000E+00    3.6277351E+00
    1.8580000E+00    3.6313382E+00
    1.8620000E+00    3.6349303E+00
    1.8660000E+00    3.6385115E+00
    1.8700000E+00    3.6420817E+00
    1.8740000E+00    3.6456411E+00
    1.8780000E+00    3.6491897E+00
    1.8820000E+00    3.6527274E+00
    1.8860000E+00    3.6562543E+00
    1.8900000E+00    3.6597705E+00
    1.8940000E+00    3.6632758E+00
    1.8980000E+00    3.6667705E+00
    1.9020000E+00    3.6702545E+00
    1.9060000E+00    3.6737278E+00
    1.9100000E+00    3.6771905E+00
    1.9140000E+00    3.6806425E+00
    1.9180000E+00    3.6840840E+00
    1.9220000E+00    3.6875149E+00
    1.9260000E+00    3.6909353E+00
    1.9300000E+00    3.6943451E+00
    1.9340000E+00    3.6977445E+00
    1.9380000E+00    3.7011334E+00
    1.9420000E+00    3.7045119E+00
    1.9460000E+00    3.7078799E+00
    1.9500000E+00    3.7112376E+00
    1.9540000E+00    3.7145849E+00
    1.9580000E+00    3.7179219E+00
    1.9620000E+00    3.7212486E+00
    1.9660000E+00    3.7245650E+00
    1.9700000E+00    3.7278711E+00
    1.9740000E+00    3.7311670E+00
    1.9780000E+00    3.7344527E+00
    1.9820000E+00    3.7377282E+00
    1.9860000E+00    3.7409936E+00
    1.9900000E+00    3.7442488E+00
    1.9940000E+00    3.7474939E+00
    1.9980000E+00    3.7507289E+00
    2.0020000E+00    3.7539539E+00
    2.0060000E+00    3.7571688E+00
    2.0100000E+00    3.7603737E+00
    2.0140000E+00    3.7635687E+00
    2.0180000E+00    3.7667536E+00
    2.0220000E+00    3.7699286E+00
    2.0260000E+00    3.7730937E+00
    2.0300000E+00    3.7762489E+00
    2.0340000E+00    3.7793943E+00
    2.0380000E+00    3.7825298E+00
    2.0420000E+00    3.7856554E+00
    2.0460000E+00    3.7887713E+00
    2.0500000E+00    3.7918774E+00
    2.0540000E+00    3.7949737E+00
    2.0580000E+00    3.7980603E+00
    2.0620000E+00    3.8011373E+00
    2.0660000E+00    3.8042045E+00
    2.0700000E+00    3.8072620E+00
    2.0740000E+00    3.8103100E+00
    2.0780000E+00    3.8133483E+00
    2.0820000E+00    3.8163770E+00
    2.0860000E+00    3.8193962E+00
    2.0900000E+00    3.8224058E+00
    2.0940000E+00    3.8254059E+00
    2.0980000E+00    3.8283965E+00
    2.1020000E+00    3.8313776E+00
    2.1060000E+00    3.8343493E+00
    2.1100000E+00    3.8373115E+00
    2.1140000E+00    3.8402643E+00
    2.1180000E+00    3.8432078E+00
    2.1220000E+00    3.8461418E+00
    2.1260000E+00    3.8490666E+00
    2.1300000E+00    3.8519820E+00
    2.1340000E+00    3.8548881E+00
    2.1380000E+00    3.8577849E+00
    2.1420000E+00    3.8606725E+00
    2.1460000E+00    3.8635508E+00
    2.1500000E+00    3.8664199E+00
    2.1540000E+00    3.8692799E+00
    2.1580000E+00    3.8721306E+00
    2.1620000E+00    3.8749722E+00
    2.1660000E+00    3.8778047E+00
    2.1700000E+00    3.8806281E+00
    2.1740000E+00    3.8834424E+00
    2.1780000E+00    3.8862476E+00
    2.1820000E+00    3.8890438E+00
    2.1860000E+00    3.8918310E+00
    2.1900000E+00    3.8946092E+00
    2.1940000E+00    3.8973784E+00
    2.1980000E+00    3.9001386E+00
    2.2020000E+00    3.9028899E+00
    2.2060000E+00    3.9056323E+00
    2.2100000E+00    3.9083657E+00
    2.2140000E+00    3.9110903E+00
    2.2180000E+00    3.9138061E+00
    2.2220000E+00    3.9165130E+00
    2.2260000E+00    3.9192111E+00
    2.2300000E+00    3.9219004E+00
    2.2340000E+00    3.9245809E+00
    2.2380000E+00    3.9272527E+00
    2.2420000E+00    3.9299157E+00
    2.2460000E+00    3.9325701E+00
    2.2500000E+00    3.9352157E+00
    2.2540000E+00    3.9378527E+00
    2.2580000E+00    3.9404810E+00
    2.2620000E+00    3.9431006E+00
    2.2660000E+00    3.9457117E+00
    2.2700000E+00    3.9483141E+00
    2.2740000E+00    3.9509080E+00
    2.2780000E+00    3.9534933E+00
    2.2820000E+00    3.9560701E+00
    2.2860000E+00    3.9586384E+00
    2.2900000E+00    3.9611982E+00
    2.2940000E+00    3.9637495E+00
    2.2980000E+00    3.9662923E+00
    2.3020000E+00    3.9688267E+00
    2.3060000E+00    3.9713526E+00
    2.3100000E+00    3.9738702E+00
    2.3140000E+00    3.9763794E+00
    2.3180000E+00    3.9788802E+00
    2.3220000E+00    3.9813727E+00
    2.3260000E+00    3.9838568E+00
    2.3300000E+00    3.9863326E+00
    2.3340000E+00    3.9888002E+00
    2.3380000E+00    3.9912594E+00
    2.3420000E+00    3.9937104E+00
    2.3460000E+00    3.9961532E+00
    2.3500000E+00    3.9985878E+00
    2.3540000E+00    4.0010141E+00
    2.3580000E+00    4.0034323E+00
    2.3620000E+00    4.0058423E+00
    2.3660000E+00    4.0082442E+00
    2.3700000E+00    4.0106379E+00
    2.3740000E+00    4.0130236E+00
    2.3780000E+00    4.0154011E+00
    2.3820000E+00    4.0177706E+00
    2.3860000E+00    4.0201320E+00
    2.3900000E+00    4.0224854E+00
    2.3940000E+00    4.0248307E+00
    2.3980000E+00    4.0271681E+00
    2.4020000E+00    4.0294974E+00
    2.4060000E+00    4.0318188E+00
    2.4100000E+00    4.0341323E+00
    2.4140000E+00    4.0364378E+00
    2.4180000E+00    4.0387354E+00
    2.4220000E+00    4.0410251E+00
    2.4260000E+00    4.0433069E+00
    2.4300000E+00    4.0455809E+00
    2.4340000E+00    4.0478470E+00
    2.4380000E+00    4.0501053E+00
    2.4420000E+00    4.0523558E+00
    2.4460000E+00    4.0545985E+00
    2.4500000E+00    4.0568333E+00
    2.4540000E+00    4.0590605E+00
    2.4580000E+00    4.0612799E+00
    2.4620000E+00    4.0634915E+00
    2.4660000E+00    4.0656955E+00
    2.4700000E+00    4.0678917E+00
    2.4740000E+00    4.0700803E+00
    2.4780000E+00    4.0722612E+00
    2.4820000E+00    4.0744345E+00
    2.4860000E+00    4.0766001E+00
    2.4900000E+00    4.0787581E+00
    2.4940000E+00    4.0809085E+00
    2.4980000E+00    4.0830513E+00
    2.5020000E+00    4.0851866E+00
    2.5060000E+00    4.0873143E+00
    2.5100000E+00    4.0894345E+00
    2.5140000E+00    4.0915472E+00
    2.5180000E+00    4.0936523E+00
    2.5220000E+00    4.0957500E+00
    2.5260000E+00    4.0978402E+00
    2.5300000E+00    4.0999229E+00
    2.5340000E+00    4.1019983E+00
    2.5380000E+00    4.1040661E+00
    2.5420000E+00    4.1061266E+00
    2.5460000E+00    4.1081797E+00
    2.5500000E+00    4.1102254E+00
    2.5540000E+00    4.1122637E+00
    2.5580000E+00    4.1142947E+00
    2.5620000E+00    4.1163184E+00
    2.5660000E+00    4.1183347E+00
    2.5700000E+00    4.1203438E+00
    2.5740000E+00    4.1223455E+00
    2.5780000E+00    4.1243400E+00
    2.5820000E+00    4.1263272E+00
    2.5860000E+00    4.1283072E+00
    2.5900000E+00    4.1302799E+00
    2.5940000E+00    4.1322455E+00
    2.5980000E+00    4.1342038E+00
    2.6020000E+00    4.1361550E+00
    2.6060000E+00    4.1380990E+00
    2.6100000E+00    4.1400358E+00
    2.6140000E+00    4.1419655E+00
    2.6180000E+00    4.1438880E+00
    2.6220000E+00    4.1458035E+00
    2.6260000E+00    4.1477119E+00
    2.6300000E+00    4.1496131E+00
    2.6340000E+00    4.1515074E+00
    2.6380000E+00    4.1533945E+00
    2.6420000E+00    4.1552746E+00
    2.6460000E+00    4.1571477E+00
    2.6500000E+00    4.1590138E+00
    2.6540000E+00    4.1608729E+00
    2.6580000E+00    4.1627250E+00
    2.6620000E+00    4.1645701E+00
    2.6660000E+00    4.1664083E+00
    2.6700000E+00    4.1682395E+00
    2.6740000E+00    4.1700638E+00
    2.6780000E+00    4.1718812E+00
    2.6820000E+00    4.1736916E+00
    2.6860000E+00    4.1754952E+00
    2.6900000E+00    4.1772919E+00
    2.6940000E+00    4.1790818E+00
    2.6980000E+00    4.1808648E+00
    2.7020000E+00    4.1826410E+00
    2.7060000E+00    4.1844103E+00
    2.7100000E+00    4.1861729E+00
    2.7140000E+00    4.1879286E+00
    2.7180000E+00    4.1896776E+00
    2.7220000E+00    4.1914198E+00
    2.7260000E+00    4.1931552E+00
    2.7300000E+00    4.1948839E+00
    2.7340000E+00    4.1966059E+00
    2.7380000E+00    4.1983211E+00
    2.7420000E+00    4.2000297E+00
    2.7460000E+00    4.2017315E+00
    2.7500000E+00    4.2034267E+00
    2.7540000E+00    4.2051152E+00
    2.7580000E+00    4.2067971E+00
    2.7620000E+00    4.2084723E+00
    2.7660000E+00    4.2101409E+00
    2.7700000E+00    4.2118028E+00
    2.7740000E+00    4.2134582E+00
    2.7780000E+00    4.2151070E+00
    2.7820000E+00    4.2167492E+00
    2.7860000E+00    4.2183848E+00
    2.7900000E+00    4.2200139E+00
    2.7940000E+00    4.2216364E+00
    2.7980000E+00    4.2232524E+00
    2.8020000E+00    4.2248619E+00
    2.8060000E+00    4.2264649E+00
    2.8100000E+00    4.2280613E+00
    2.8140000E+00    4.2296513E+00
    2.8180000E+00    4.2312349E+00
    2.8220000E+00    4.2328120E+00
    2.8260000E+00    4.2343826E+00
    2.8300000E+00    4.2359468E+00
    2.8340000E+00    4.2375045E+00
    2.8380000E+00    4.2390559E+00
    2.8420000E+00    4.2406008E+00
    2.8460000E+00    4.2421394E+00
    2.8500000E+00    4.2436716E+00
    2.8540000E+00    4.2451974E+00
    2.8580000E+00    4.2467169E+00
    2.8620000E+00    4.2482300E+00
    2.8660000E+00    4.2497368E+00
    2.8700000E+00    4.2512373E+00
    2.8740000E+00    4.2527314E+00
    2.8780000E+00    4.2542193E+00
    2.8820000E+00    4.2557009E+00
    2.8860000E+00    4.2571762E+00
    2.8900000E+00    4.2586452E+00
    2.8940000E+00    4.2601080E+00
    2.8980000E+00    4.2615646E+00
    2.9020000E+00    4.2630149E+00
    2.9060000E+00    4.2644590E+00
    2.9100000E+00    4.2658968E+00
    2.9140000E+00    4.2673285E+00
    2.9180000E+00    4.2687540E+00
    2.9220000E+00    4.2701733E+00
    2.9260000E+00    4.2715864E+00
    2.9300000E+00    4.2729934E+00
    2.9340000E+00    4.2743943E+00
    2.9380000E+00    4.2757890E+00
    2.9420000E+00    4.2771775E+00
    2.9460000E+00    4.2785600E+00
    2.9500000E+00    4.2799363E+00
    2.9540000E+00    4.2813066E+00
    2.9580000E+00    4.2826708E+00
    2.9620000E+00    4.2840289E+00
    2.9660000E+00    4.2853809E+00
    2.9700000E+00    4.2867269E+00
    2.9740000E+00    4.2880668E+00
    2.9780000E+00    4.2894007E+00
    2.9820000E+00    4.2907286E+00
    2.9860000E+00    4.2920504E+00
    2.9900000E+00    4.2933663E+00
    2.9940000E+00    4.2946761E+00
    2.9980000E+00    4.2959800E+00
    3.0020000E+00    4.2972779E+00
    3.0060000E+00    4.2985698E+00
    3.0100000E+00    4.2998558E+00
    3.0140000E+00    4.3011358E+00
    3.0180000E+00    4.3024099E+00
    3.0220000E+00    4.3036781E+00
    3.0260000E+00    4.3049403E+00
    3.0300000E+00    4.3061967E+00
    3.0340000E+00    4.3074471E+00
    3.0380000E+00    4.3086916E+00
    3.0420000E+00    4.3099303E+00
    3.0460000E+00    4.3111631E+00
    3.0500000E+00    4.3123900E+00
    3.0540000E+00    4.3136111E+00
    3.0580000E+00    4.3148263E+00
    3.0620000E+00    4.3160357E+00
    3.0660000E+00    4.3172393E+00
    3.0700000E+00    4.3184371E+00
    3.0740000E+00    4.3196290E+00
    3.0780000E+00    4.3208151E+00
    3.0820000E+00    4.3219955E+00
    3.0860000E+00    4.3231701E+00
    3.0900000E+00    4.3243389E+00
    3.0940000E+00    4.3255019E+00
    3.0980000E+00    4.3266592E+00
    3.1020000E+00    4.3278107E+00
    3.1060000E+00    4.3289565E+00
    3.1100000E+00    4.3300966E+00
    3.1140000E+00    4.3312309E+00
    3.1180000E+00    4.3323595E+00
    3.1220000E+00    4.3334824E+00
    3.1260000E+00    4.3345997E+00
    3.1300000E+00    4.3357112E+00
    3.1340000E+00    4.3368171E+00
    3.1380000E+00    4.3379172E+00
    3.1420000E+00    4.3390118E+00
    3.1460000E+00    4.3401006E+00
    3.1500000E+00    4.3411839E+00
    3.1540000E+00    4.3422614E+00
    3.1580000E+00    4.3433334E+00
    3.1620000E+00    4.3443997E+00
    3.1660000E+00    4.3454604E+00
    3.1700000E+00    4.3465155E+00
    3.1740000E+00    4.3475650E+00
    3.1780000E+00    4.3486089E+00
    3.1820000E+00    4.3496473E+00
    3.1860000E+00    4.3506800E+00
    3.1900000E+00    4.3517072E+00
    3.1940000E+00    4.3527288E+00
    3.1980000E+00    4.3537449E+00
    3.2020000E+00    4.3547554E+00
    3.2060000E+00    4.3557604E+00
    3.2100000E+00    4.3567598E+00
    3.2140000E+00    4.3577538E+00
    3.2180000E+00    4.3587422E+00
    3.2220000E+00    4.3597251E+00
    3.2260000E+00    4.3607025E+00
    3.2300000E+00    4.3616744E+00
    3.2340000E+00    4.3626408E+00
    3.2380000E+00    4.3636018E+00
    3.2420000E+00    4.3645573E+00
    3.2460000E+00    4.3655073E+00
    3.2500000E+00    4.3664518E+00
    3.2540000E+00    4.3673909E+00
    3.2580000E+00    4.3683246E+00
    3.2620000E+00    4.3692528E+00
    3.2660000E+00    4.3701756E+00
    3.2700000E+00    4.3710929E+00
    3.2740000E+00    4.3720049E+00
    3.2780000E+00    4.3729114E+00
    3.2820000E+00    4.3738125E+00
    3.2860000E+00    4.3747083E+00
    3.2900000E+00    4.3755986E+00
    3.2940000E+00    4.3764836E+00
    3.2980000E+00    4.3773632E+00
    3.3020000E+00    4.3782374E+00
    3.3060000E+00    4.3791062E+00
    3.3100000E+00    4.3799697E+00
    3.3140000E+00    4.3808279E+00
    3.3180000E+00    4.3816806E+00
    3.3220000E+00    4.3825281E+00
    3.3260000E+00    4.3833702E+00
    3.3300000E+00    4.3842070E+00
    3.3340000E+00    4.3850385E+00
    3.3380000E+00    4.3858647E+00
    3.3420000E+00    4.3866855E+00
    3.3460000E+00    4.3875011E+00
    3.3500000E+00    4.3883114E+00
    3.3540000E+00    4.3891164E+00
    3.3580000E+00    4.3899160E+00
    3.3620000E+00    4.3907105E+00
    3.3660000E+00    4.3914996E+00
    3.3700000E+00    4.3922835E+00
    3.3740000E+00    4.3930621E+00
    3.3780000E+00    4.3938355E+00
    3.3820000E+00    4.3946036E+00
    3.3860000E+00    4.3953665E+00
    3.3900000E+00    4.3961241E+00
    3.3940000E+00    4.3968765E+00
    3.3980000E+00    4.3976237E+00
    3.4020000E+00    4.3983657E+00
    3.4060000E+00    4.3991024E+00
    3.4100000E+00    4.3998340E+00
    3.4140000E+00    4.4005603E+00
    3.4180000E+00    4.4012814E+00
    3.4220000E+00    4.4019974E+00
    3.4260000E+00    4.4027081E+00
    3.4300000E+00    4.4034137E+00
    3.4340000E+00    4.4041141E+00
    3.4380000E+00    4.4048093E+00
    3.4420000E+00    4.4054994E+00
    3.4460000E+00    4.4061843E+00
    3.4500000E+00    4.4068640E+00
    3.4540000E+00    4.4075386E+00
    3.4580000E+00    4.4082081E+00
    3.4620000E+00    4.4088724E+00
    3.4660000E+00    4.4095315E+00
    3.4700000E+00    4.4101856E+00
    3.4740000E+00    4.4108345E+00
    3.4780000E+00    4.4114783E+00
    3.4820000E+00    4.4121169E+00
    3.4860000E+00    4.4127505E+00
    3.4900000E+00    4.4133789E+00
    3.4940000E+00    4.4140023E+00
    3.4980000E+00    4.4146205E+00
    3.5020000E+00    4.4152337E+00
    3.5060000E+00    4.4158417E+00
    3.5100000E+00    4.4164447E+00
    3.5140000E+00    4.4170426E+00
    3.5180000E+00    4.4176354E+00
    3.5220000E+00    4.4182232E+00
    3.5260000E+00    4.4188059E+00
    3.5300000E+00    4.4193835E+00
    3.5340000E+00    4.4199560E+00
    3.5380000E+00    4.4205236E+00
    3.5420000E+00    4.4210860E+00
    3.5460000E+00    4.4216434E+00
    3.5500000E+00    4.4221958E+00
    3.5540000E+00    4.4227431E+00
    3.5580000E+00    4.4232854E+00
    3.5620000E+00    4.4238227E+00
    3.5660000E+00    4.4243549E+00
    3.5700000E+00    4.4248821E+00
    3.5740000E+00    4.4254043E+00
    3.5780000E+00    4.4259215E+00
    3.5820000E+00    4.4264337E+00
    3.5860000E+00    4.4269409E+00
    3.5900000E+00    4.4274430E+00
    3.5940000E+00    4.4279402E+00
    3.5980000E+00    4.4284324E+00
    3.6020000E+00    4.4289195E+00
    3.6060000E+00    4.4294017E+00
    3.6100000E+00    4.4298789E+00
    3.6140000E+00    4.4303511E+00
    3.6180000E+00    4.4308184E+00
    3.6220000E+00    4.4312807E+00
    3.6260000E+00    4.4317380E+00
    3.6300000E+00    4.4321903E+00
    3.6340000E+00    4.4326377E+00
    3.6380000E+00    4.4330801E+00
    3.6420000E+00    4.4335175E+00
    3.6460000E+00    4.4339500E+00
    3.6500000E+00    4.4343776E+00
    3.6540000E+00    4.4348002E+00
    3.6580000E+00    4.4352178E+00
    3.6620000E+00    4.4356305E+00
    3.6660000E+00    4.4360383E+00
    3.6700000E+00    4.4364411E+00
    3.6740000E+00    4.4368390E+00
    3.6780000E+00    4.4372320E+00
    3.6820000E+00    4.4376200E+00
    3.6860000E+00    4.4380032E+00
    3.6900000E+00    4.4383814E+00
    3.6940000E+00    4.4387546E+00
    3.6980000E+00    4.4391230E+00
    3.7020000E+00    4.4394864E+00
    3.7060000E+00    4.4398450E+00
    3.7100000E+00    4.4401986E+00
    3.7140000E+00    4.4405473E+00
    3.7180000E+00    4.4408912E+00
    3.7220000E+00    4.4412301E+00
    3.7260000E+00    4.4415641E+00
    3.7300000E+00    4.4418932E+00
    3.7340000E+00    4.4422175E+00
    3.7380000E+00    4.4425368E+00
    3.7420000E+00    4.4428513E+00
    3.7460000E+00    4.4431609E+00
    3.7500000E+00    4.4434655E+00
    3.7540000E+00    4.4437654E+00
    3.7580000E+00    4.4440603E+00
    3.7620000E+00    4.4443503E+00
    3.7660000E+00    4.4446355E+00
    3.7700000E+00    4.4449158E+00
    3.7740000E+00    4.4451912E+00
    3.7780000E+00    4.4454618E+00
    3.7820000E+00    4.4457275E+00
    3.7860000E+00    4.4459883E+00
    3.7900000E+00    4.4462443E+00
    3.7940000E+00    4.4464954E+00
    3.7980000E+00    4.4467417E+00
    3.8020000E+00    4.4469831E+00
    3.8060000E+00    4.4472196E+00
    3.8100000E+00    4.4474513E+00
    3.8140000E+00    4.4476781E+00
    3.8180000E+00    4.4479001E+00
    3.8220000E+00    4.4481172E+00
    3.8260000E+00    4.4483295E+00
    3.8300000E+00    4.4485369E+00
    3.8340000E+00    4.4487395E+00
    3.8380000E+00    4.4489373E+00
    3.8420000E+00    4.4491302E+00
    3.8460000E+00    4.4493182E+00
    3.8500000E+00    4.4495015E+00
    3.8540000E+00    4.4496798E+00
    3.8580000E+00    4.4498534E+00
    3.8620000E+00    4.4500221E+00
    3.8660000E+00    4.4501860E+00
    3.8700000E+00    4.4503451E+00
    3.8740000E+00    4.4504993E+00
    3.8780000E+00    4.4506487E+00
    3.8820000E+00    4.4507932E+00
    3.8860000E+00    4.4509330E+00
    3.8900000E+00    4.4510679E+00
    3.8940000E+00    4.4511979E+00
    3.8980000E+00    4.4513232E+00
    3.9020000E+00    4.4514436E+00
    3.9060000E+00    4.4515592E+00
    3.9100000E+00    4.4516700E+00
    3.9140000E+00    4.4517760E+00
    3.9180000E+00    4.4518771E+00
    3.9220000E+00    4.4519734E+00
    3.9260000E+00    4.4520649E+00
    3.9300000E+00    4.4521516E+00
    3.9340000E+00    4.4522335E+00
    3.9380000E+00    4.4523105E+00
    3.9420000E+00    4.4523827E+00
    3.9460000E+00    4.4524502E+00
    3.9500000E+00    4.4525127E+00
    3.9540000E+00    4.4525705E+00
    3.9580000E+00    4.4526235E+00
    3.9620000E+00    4.4526716E+00
    3.9660000E+00    4.4527150E+00
    3.9700000E+00    4.4527535E+00
    3.9740000E+00    4.4527872E+00
    3.9780000E+00    4.4528161E+00
    3.9820000E+00    4.4528401E+00
    3.9860000E+00    4.4528594E+00
    3.9900000E+00    4.4528738E+00
    3.9940000E+00    4.4528835E+00
    3.9980000E+00    4.4528883E+00
