# Time          2.5000E+02
# Units: Permil
    Distance        SO4--            SO164--         
    2.0000000E-03    2.1055894E+01    8.7520264E+00
    6.0000000E-03    2.1167593E+01    8.8982545E+00
    1.0000000E-02    2.1279350E+01    9.0429174E+00
    1.4000000E-02    2.1391166E+01    9.1860294E+00
    1.8000000E-02    2.1503041E+01    9.3276046E+00
    2.2000000E-02    2.1614975E+01    9.4676570E+00
    2.6000000E-02    2.1726969E+01    9.6062005E+00
    3.0000000E-02    2.1839023E+01    9.7432488E+00
    3.4000000E-02    2.1951136E+01    9.8788158E+00
    3.8000000E-02    2.2063309E+01    1.0012915E+01
    4.2000000E-02    2.2175542E+01    1.0145560E+01
    4.6000000E-02    2.2287835E+01    1.0276764E+01
    5.0000000E-02    2.2400188E+01    1.0406540E+01
    5.4000000E-02    2.2512601E+01    1.0534902E+01
    5.8000000E-02    2.2625075E+01    1.0661863E+01
    6.2000000E-02    2.2737609E+01    1.0787435E+01
    6.6000000E-02    2.2850205E+01    1.0911632E+01
    7.0000000E-02    2.2962860E+01    1.1034467E+01
    7.4000000E-02    2.3075577E+01    1.1155952E+01
    7.8000000E-02    2.3188355E+01    1.1276099E+01
    8.2000000E-02    2.3301194E+01    1.1394923E+01
    8.6000000E-02    2.3414094E+01    1.1512434E+01
    9.0000000E-02    2.3527056E+01    1.1628645E+01
    9.4000000E-02    2.3640080E+01    1.1743568E+01
    9.8000000E-02    2.3753165E+01    1.1857217E+01
    1.0200000E-01    2.3866311E+01    1.1969602E+01
    1.0600000E-01    2.3979520E+01    1.2080735E+01
    1.1000000E-01    2.4092791E+01    1.2190630E+01
    1.1400000E-01    2.4206124E+01    1.2299297E+01
    1.1800000E-01    2.4319519E+01    1.2406747E+01
    1.2200000E-01    2.4432977E+01    1.2512994E+01
    1.2600000E-01    2.4546497E+01    1.2618048E+01
    1.3000000E-01    2.4660080E+01    1.2721921E+01
    1.3400000E-01    2.4773726E+01    1.2824624E+01
    1.3800000E-01    2.4887434E+01    1.2926168E+01
    1.4200000E-01    2.5001206E+01    1.3026565E+01
    1.4600000E-01    2.5115041E+01    1.3125825E+01
    1.5000000E-01    2.5228939E+01    1.3223960E+01
    1.5400000E-01    2.5342901E+01    1.3320981E+01
    1.5800000E-01    2.5456926E+01    1.3416899E+01
    1.6200000E-01    2.5571015E+01    1.3511723E+01
    1.6600000E-01    2.5685167E+01    1.3605466E+01
    1.7000000E-01    2.5799384E+01    1.3698136E+01
    1.7400000E-01    2.5913665E+01    1.3789746E+01
    1.7800000E-01    2.6028009E+01    1.3880306E+01
    1.8200000E-01    2.6142419E+01    1.3969825E+01
    1.8600000E-01    2.6256892E+01    1.4058314E+01
    1.9000000E-01    2.6371430E+01    1.4145784E+01
    1.9400000E-01    2.6486033E+01    1.4232243E+01
    1.9800000E-01    2.6600701E+01    1.4317703E+01
    2.0200000E-01    2.6715433E+01    1.4402174E+01
    2.0600000E-01    2.6830231E+01    1.4485664E+01
    2.1000000E-01    2.6945093E+01    1.4568185E+01
    2.1400000E-01    2.7060021E+01    1.4649745E+01
    2.1800000E-01    2.7175015E+01    1.4730354E+01
    2.2200000E-01    2.7290074E+01    1.4810022E+01
    2.2600000E-01    2.7405199E+01    1.4888758E+01
    2.3000000E-01    2.7520389E+01    1.4966572E+01
    2.3400000E-01    2.7635645E+01    1.5043472E+01
    2.3800000E-01    2.7750968E+01    1.5119469E+01
    2.4200000E-01    2.7866356E+01    1.5194572E+01
    2.4600000E-01    2.7981811E+01    1.5268788E+01
    2.5000000E-01    2.8097333E+01    1.5342128E+01
    2.5400000E-01    2.8212920E+01    1.5414601E+01
    2.5800000E-01    2.8328575E+01    1.5486215E+01
    2.6200000E-01    2.8444296E+01    1.5556978E+01
    2.6600000E-01    2.8560084E+01    1.5626901E+01
    2.7000000E-01    2.8675940E+01    1.5695990E+01
    2.7400000E-01    2.8791862E+01    1.5764256E+01
    2.7800000E-01    2.8907852E+01    1.5831706E+01
    2.8200000E-01    2.9023909E+01    1.5898349E+01
    2.8600000E-01    2.9140033E+01    1.5964193E+01
    2.9000000E-01    2.9256226E+01    1.6029246E+01
    2.9400000E-01    2.9372486E+01    1.6093518E+01
    2.9800000E-01    2.9488813E+01    1.6157015E+01
    3.0200000E-01    2.9605209E+01    1.6219746E+01
    3.0600000E-01    2.9721673E+01    1.6281719E+01
    3.1000000E-01    2.9838206E+01    1.6342942E+01
    3.1400000E-01    2.9954806E+01    1.6403422E+01
    3.1800000E-01    3.0071475E+01    1.6463168E+01
    3.2200000E-01    3.0188213E+01    1.6522187E+01
    3.2600000E-01    3.0305020E+01    1.6580488E+01
    3.3000000E-01    3.0421895E+01    1.6638076E+01
    3.3400000E-01    3.0538840E+01    1.6694961E+01
    3.3800000E-01    3.0655853E+01    1.6751149E+01
    3.4200000E-01    3.0772936E+01    1.6806648E+01
    3.4600000E-01    3.0890088E+01    1.6861466E+01
    3.5000000E-01    3.1007309E+01    1.6915609E+01
    3.5400000E-01    3.1124600E+01    1.6969085E+01
    3.5800000E-01    3.1241961E+01    1.7021900E+01
    3.6200000E-01    3.1359392E+01    1.7074063E+01
    3.6600000E-01    3.1476892E+01    1.7125580E+01
    3.7000000E-01    3.1594463E+01    1.7176457E+01
    3.7400000E-01    3.1712104E+01    1.7226703E+01
    3.7800000E-01    3.1829815E+01    1.7276323E+01
    3.8200000E-01    3.1947597E+01    1.7325324E+01
    3.8600000E-01    3.2065449E+01    1.7373714E+01
    3.9000000E-01    3.2183372E+01    1.7421499E+01
    3.9400000E-01    3.2301365E+01    1.7468685E+01
    3.9800000E-01    3.2419430E+01    1.7515279E+01
    4.0200000E-01    3.2537565E+01    1.7561287E+01
    4.0600000E-01    3.2655772E+01    1.7606717E+01
    4.1000000E-01    3.2774049E+01    1.7651573E+01
    4.1400000E-01    3.2892399E+01    1.7695863E+01
    4.1800000E-01    3.3010819E+01    1.7739593E+01
    4.2200000E-01    3.3129312E+01    1.7782769E+01
    4.2600000E-01    3.3247876E+01    1.7825396E+01
    4.3000000E-01    3.3366511E+01    1.7867482E+01
    4.3400000E-01    3.3485219E+01    1.7909032E+01
    4.3800000E-01    3.3603999E+01    1.7950052E+01
    4.4200000E-01    3.3722851E+01    1.7990549E+01
    4.4600000E-01    3.3841775E+01    1.8030527E+01
    4.5000000E-01    3.3960772E+01    1.8069992E+01
    4.5400000E-01    3.4079841E+01    1.8108951E+01
    4.5800000E-01    3.4198983E+01    1.8147410E+01
    4.6200000E-01    3.4318198E+01    1.8185373E+01
    4.6600000E-01    3.4437486E+01    1.8222846E+01
    4.7000000E-01    3.4556846E+01    1.8259835E+01
    4.7400000E-01    3.4676280E+01    1.8296345E+01
    4.7800000E-01    3.4795786E+01    1.8332382E+01
    4.8200000E-01    3.4915367E+01    1.8367952E+01
    4.8600000E-01    3.5035020E+01    1.8403058E+01
    4.9000000E-01    3.5154747E+01    1.8437708E+01
    4.9400000E-01    3.5274548E+01    1.8471905E+01
    4.9800000E-01    3.5394422E+01    1.8505656E+01
    5.0200000E-01    3.5514371E+01    1.8538964E+01
    5.0600000E-01    3.5634393E+01    1.8571836E+01
    5.1000000E-01    3.5754490E+01    1.8604277E+01
    5.1400000E-01    3.5874660E+01    1.8636290E+01
    5.1800000E-01    3.5994906E+01    1.8667882E+01
    5.2200000E-01    3.6115225E+01    1.8699057E+01
    5.2600000E-01    3.6235619E+01    1.8729820E+01
    5.3000000E-01    3.6356088E+01    1.8760176E+01
    5.3400000E-01    3.6476631E+01    1.8790129E+01
    5.3800000E-01    3.6597249E+01    1.8819684E+01
    5.4200000E-01    3.6717942E+01    1.8848846E+01
    5.4600000E-01    3.6838711E+01    1.8877620E+01
    5.5000000E-01    3.6959554E+01    1.8906009E+01
    5.5400000E-01    3.7080473E+01    1.8934019E+01
    5.5800000E-01    3.7201467E+01    1.8961654E+01
    5.6200000E-01    3.7322537E+01    1.8988918E+01
    5.6600000E-01    3.7443682E+01    1.9015816E+01
    5.7000000E-01    3.7564903E+01    1.9042352E+01
    5.7400000E-01    3.7686200E+01    1.9068531E+01
    5.7800000E-01    3.7807573E+01    1.9094356E+01
    5.8200000E-01    3.7929022E+01    1.9119831E+01
    5.8600000E-01    3.8050547E+01    1.9144962E+01
    5.9000000E-01    3.8172148E+01    1.9169752E+01
    5.9400000E-01    3.8293825E+01    1.9194205E+01
    5.9800000E-01    3.8415579E+01    1.9218325E+01
    6.0200000E-01    3.8537409E+01    1.9242116E+01
    6.0600000E-01    3.8659317E+01    1.9265583E+01
    6.1000000E-01    3.8781300E+01    1.9288729E+01
    6.1400000E-01    3.8903361E+01    1.9311557E+01
    6.1800000E-01    3.9025499E+01    1.9334072E+01
    6.2200000E-01    3.9147713E+01    1.9356278E+01
    6.2600000E-01    3.9270005E+01    1.9378179E+01
    6.3000000E-01    3.9392374E+01    1.9399777E+01
    6.3400000E-01    3.9514821E+01    1.9421077E+01
    6.3800000E-01    3.9637344E+01    1.9442082E+01
    6.4200000E-01    3.9759946E+01    1.9462796E+01
    6.4600000E-01    3.9882625E+01    1.9483223E+01
    6.5000000E-01    4.0005381E+01    1.9503366E+01
    6.5400000E-01    4.0128216E+01    1.9523229E+01
    6.5800000E-01    4.0251128E+01    1.9542814E+01
    6.6200000E-01    4.0374119E+01    1.9562126E+01
    6.6600000E-01    4.0497187E+01    1.9581168E+01
    6.7000000E-01    4.0620334E+01    1.9599943E+01
    6.7400000E-01    4.0743559E+01    1.9618454E+01
    6.7800000E-01    4.0866862E+01    1.9636705E+01
    6.8200000E-01    4.0990244E+01    1.9654699E+01
    6.8600000E-01    4.1113705E+01    1.9672439E+01
    6.9000000E-01    4.1237244E+01    1.9689929E+01
    6.9400000E-01    4.1360861E+01    1.9707171E+01
    6.9800000E-01    4.1484558E+01    1.9724169E+01
    7.0200000E-01    4.1608334E+01    1.9740925E+01
    7.0600000E-01    4.1732188E+01    1.9757443E+01
    7.1000000E-01    4.1856122E+01    1.9773726E+01
    7.1400000E-01    4.1980135E+01    1.9789777E+01
    7.1800000E-01    4.2104227E+01    1.9805598E+01
    7.2200000E-01    4.2228398E+01    1.9821193E+01
    7.2600000E-01    4.2352649E+01    1.9836564E+01
    7.3000000E-01    4.2476979E+01    1.9851714E+01
    7.3400000E-01    4.2601390E+01    1.9866647E+01
    7.3800000E-01    4.2725879E+01    1.9881364E+01
    7.4200000E-01    4.2850449E+01    1.9895869E+01
    7.4600000E-01    4.2975098E+01    1.9910164E+01
    7.5000000E-01    4.3099827E+01    1.9924253E+01
    7.5400000E-01    4.3224637E+01    1.9938137E+01
    7.5800000E-01    4.3349526E+01    1.9951819E+01
    7.6200000E-01    4.3474496E+01    1.9965303E+01
    7.6600000E-01    4.3599545E+01    1.9978590E+01
    7.7000000E-01    4.3724676E+01    1.9991683E+01
    7.7400000E-01    4.3849886E+01    2.0004584E+01
    7.7800000E-01    4.3975177E+01    2.0017297E+01
    7.8200000E-01    4.4100549E+01    2.0029823E+01
    7.8600000E-01    4.4226001E+01    2.0042165E+01
    7.9000000E-01    4.4351534E+01    2.0054325E+01
    7.9400000E-01    4.4477148E+01    2.0066306E+01
    7.9800000E-01    4.4602842E+01    2.0078111E+01
    8.0200000E-01    4.4728618E+01    2.0089740E+01
    8.0600000E-01    4.4854475E+01    2.0101198E+01
    8.1000000E-01    4.4980412E+01    2.0112485E+01
    8.1400000E-01    4.5106431E+01    2.0123605E+01
    8.1800000E-01    4.5232531E+01    2.0134559E+01
    8.2200000E-01    4.5358712E+01    2.0145350E+01
    8.2600000E-01    4.5484975E+01    2.0155980E+01
    8.3000000E-01    4.5611319E+01    2.0166451E+01
    8.3400000E-01    4.5737744E+01    2.0176764E+01
    8.3800000E-01    4.5864251E+01    2.0186923E+01
    8.4200000E-01    4.5990840E+01    2.0196930E+01
    8.4600000E-01    4.6117510E+01    2.0206785E+01
    8.5000000E-01    4.6244262E+01    2.0216492E+01
    8.5400000E-01    4.6371096E+01    2.0226052E+01
    8.5800000E-01    4.6498012E+01    2.0235468E+01
    8.6200000E-01    4.6625009E+01    2.0244741E+01
    8.6600000E-01    4.6752089E+01    2.0253873E+01
    8.7000000E-01    4.6879251E+01    2.0262866E+01
    8.7400000E-01    4.7006494E+01    2.0271722E+01
    8.7800000E-01    4.7133820E+01    2.0280443E+01
    8.8200000E-01    4.7261228E+01    2.0289031E+01
    8.8600000E-01    4.7388719E+01    2.0297488E+01
    8.9000000E-01    4.7516291E+01    2.0305814E+01
    8.9400000E-01    4.7643946E+01    2.0314013E+01
    8.9800000E-01    4.7771684E+01    2.0322086E+01
    9.0200000E-01    4.7899504E+01    2.0330034E+01
    9.0600000E-01    4.8027406E+01    2.0337859E+01
    9.1000000E-01    4.8155391E+01    2.0345564E+01
    9.1400000E-01    4.8283458E+01    2.0353149E+01
    9.1800000E-01    4.8411609E+01    2.0360616E+01
    9.2200000E-01    4.8539842E+01    2.0367968E+01
    9.2600000E-01    4.8668157E+01    2.0375205E+01
    9.3000000E-01    4.8796556E+01    2.0382329E+01
    9.3400000E-01    4.8925037E+01    2.0389342E+01
    9.3800000E-01    4.9053601E+01    2.0396245E+01
    9.4200000E-01    4.9182249E+01    2.0403040E+01
    9.4600000E-01    4.9310979E+01    2.0409728E+01
    9.5000000E-01    4.9439792E+01    2.0416311E+01
    9.5400000E-01    4.9568688E+01    2.0422791E+01
    9.5800000E-01    4.9697667E+01    2.0429168E+01
    9.6200000E-01    4.9826730E+01    2.0435445E+01
    9.6600000E-01    4.9955875E+01    2.0441622E+01
    9.7000000E-01    5.0085104E+01    2.0447701E+01
    9.7400000E-01    5.0214416E+01    2.0453684E+01
    9.7800000E-01    5.0343811E+01    2.0459571E+01
    9.8200000E-01    5.0473289E+01    2.0465365E+01
    9.8600000E-01    5.0602851E+01    2.0471066E+01
    9.9000000E-01    5.0732496E+01    2.0476676E+01
    9.9400000E-01    5.0862224E+01    2.0482196E+01
    9.9800000E-01    5.0992036E+01    2.0487627E+01
    1.0020000E+00    5.1121931E+01    2.0492972E+01
    1.0060000E+00    5.1251910E+01    2.0498230E+01
    1.0100000E+00    5.1381972E+01    2.0503403E+01
    1.0140000E+00    5.1512118E+01    2.0508493E+01
    1.0180000E+00    5.1642347E+01    2.0513500E+01
    1.0220000E+00    5.1772660E+01    2.0518426E+01
    1.0260000E+00    5.1903056E+01    2.0523273E+01
    1.0300000E+00    5.2033535E+01    2.0528040E+01
    1.0340000E+00    5.2164099E+01    2.0532730E+01
    1.0380000E+00    5.2294746E+01    2.0537343E+01
    1.0420000E+00    5.2425476E+01    2.0541881E+01
    1.0460000E+00    5.2556290E+01    2.0546344E+01
    1.0500000E+00    5.2687188E+01    2.0550734E+01
    1.0540000E+00    5.2818169E+01    2.0555052E+01
    1.0580000E+00    5.2949234E+01    2.0559299E+01
    1.0620000E+00    5.3080383E+01    2.0563476E+01
    1.0660000E+00    5.3211615E+01    2.0567584E+01
    1.0700000E+00    5.3342931E+01    2.0571623E+01
    1.0740000E+00    5.3474330E+01    2.0575596E+01
    1.0780000E+00    5.3605814E+01    2.0579503E+01
    1.0820000E+00    5.3737380E+01    2.0583345E+01
    1.0860000E+00    5.3869031E+01    2.0587123E+01
    1.0900000E+00    5.4000765E+01    2.0590837E+01
    1.0940000E+00    5.4132583E+01    2.0594490E+01
    1.0980000E+00    5.4264484E+01    2.0598081E+01
    1.1020000E+00    5.4396469E+01    2.0601612E+01
    1.1060000E+00    5.4528538E+01    2.0605084E+01
    1.1100000E+00    5.4660690E+01    2.0608497E+01
    1.1140000E+00    5.4792926E+01    2.0611852E+01
    1.1180000E+00    5.4925246E+01    2.0615151E+01
    1.1220000E+00    5.5057649E+01    2.0618394E+01
    1.1260000E+00    5.5190135E+01    2.0621582E+01
    1.1300000E+00    5.5322706E+01    2.0624716E+01
    1.1340000E+00    5.5455359E+01    2.0627796E+01
    1.1380000E+00    5.5588097E+01    2.0630824E+01
    1.1420000E+00    5.5720917E+01    2.0633800E+01
    1.1460000E+00    5.5853821E+01    2.0636725E+01
    1.1500000E+00    5.5986809E+01    2.0639599E+01
    1.1540000E+00    5.6119880E+01    2.0642425E+01
    1.1580000E+00    5.6253034E+01    2.0645202E+01
    1.1620000E+00    5.6386272E+01    2.0647930E+01
    1.1660000E+00    5.6519593E+01    2.0650612E+01
    1.1700000E+00    5.6652997E+01    2.0653247E+01
    1.1740000E+00    5.6786485E+01    2.0655837E+01
    1.1780000E+00    5.6920056E+01    2.0658381E+01
    1.1820000E+00    5.7053710E+01    2.0660882E+01
    1.1860000E+00    5.7187447E+01    2.0663338E+01
    1.1900000E+00    5.7321267E+01    2.0665752E+01
    1.1940000E+00    5.7455170E+01    2.0668123E+01
    1.1980000E+00    5.7589157E+01    2.0670453E+01
    1.2020000E+00    5.7723226E+01    2.0672742E+01
    1.2060000E+00    5.7857378E+01    2.0674990E+01
    1.2100000E+00    5.7991613E+01    2.0677199E+01
    1.2140000E+00    5.8125931E+01    2.0679369E+01
    1.2180000E+00    5.8260332E+01    2.0681500E+01
    1.2220000E+00    5.8394815E+01    2.0683594E+01
    1.2260000E+00    5.8529381E+01    2.0685650E+01
    1.2300000E+00    5.8664030E+01    2.0687669E+01
    1.2340000E+00    5.8798761E+01    2.0689653E+01
    1.2380000E+00    5.8933575E+01    2.0691601E+01
    1.2420000E+00    5.9068471E+01    2.0693514E+01
    1.2460000E+00    5.9203449E+01    2.0695393E+01
    1.2500000E+00    5.9338510E+01    2.0697238E+01
    1.2540000E+00    5.9473653E+01    2.0699049E+01
    1.2580000E+00    5.9608878E+01    2.0700828E+01
    1.2620000E+00    5.9744185E+01    2.0702575E+01
    1.2660000E+00    5.9879575E+01    2.0704290E+01
    1.2700000E+00    6.0015046E+01    2.0705974E+01
    1.2740000E+00    6.0150599E+01    2.0707627E+01
    1.2780000E+00    6.0286233E+01    2.0709250E+01
    1.2820000E+00    6.0421950E+01    2.0710843E+01
    1.2860000E+00    6.0557748E+01    2.0712407E+01
    1.2900000E+00    6.0693628E+01    2.0713943E+01
    1.2940000E+00    6.0829589E+01    2.0715450E+01
    1.2980000E+00    6.0965631E+01    2.0716929E+01
    1.3020000E+00    6.1101755E+01    2.0718381E+01
    1.3060000E+00    6.1237960E+01    2.0719806E+01
    1.3100000E+00    6.1374246E+01    2.0721205E+01
    1.3140000E+00    6.1510613E+01    2.0722577E+01
    1.3180000E+00    6.1647060E+01    2.0723924E+01
    1.3220000E+00    6.1783589E+01    2.0725246E+01
    1.3260000E+00    6.1920198E+01    2.0726543E+01
    1.3300000E+00    6.2056888E+01    2.0727815E+01
    1.3340000E+00    6.2193658E+01    2.0729064E+01
    1.3380000E+00    6.2330509E+01    2.0730289E+01
    1.3420000E+00    6.2467440E+01    2.0731491E+01
    1.3460000E+00    6.2604451E+01    2.0732671E+01
    1.3500000E+00    6.2741542E+01    2.0733827E+01
    1.3540000E+00    6.2878713E+01    2.0734962E+01
    1.3580000E+00    6.3015963E+01    2.0736076E+01
    1.3620000E+00    6.3153294E+01    2.0737167E+01
    1.3660000E+00    6.3290704E+01    2.0738238E+01
    1.3700000E+00    6.3428193E+01    2.0739289E+01
    1.3740000E+00    6.3565762E+01    2.0740319E+01
    1.3780000E+00    6.3703409E+01    2.0741329E+01
    1.3820000E+00    6.3841136E+01    2.0742320E+01
    1.3860000E+00    6.3978942E+01    2.0743292E+01
    1.3900000E+00    6.4116826E+01    2.0744245E+01
    1.3940000E+00    6.4254789E+01    2.0745179E+01
    1.3980000E+00    6.4392830E+01    2.0746095E+01
    1.4020000E+00    6.4530950E+01    2.0746993E+01
    1.4060000E+00    6.4669148E+01    2.0747873E+01
    1.4100000E+00    6.4807424E+01    2.0748736E+01
    1.4140000E+00    6.4945777E+01    2.0749582E+01
    1.4180000E+00    6.5084209E+01    2.0750411E+01
    1.4220000E+00    6.5222718E+01    2.0751224E+01
    1.4260000E+00    6.5361304E+01    2.0752020E+01
    1.4300000E+00    6.5499968E+01    2.0752801E+01
    1.4340000E+00    6.5638709E+01    2.0753566E+01
    1.4380000E+00    6.5777527E+01    2.0754316E+01
    1.4420000E+00    6.5916421E+01    2.0755051E+01
    1.4460000E+00    6.6055392E+01    2.0755771E+01
    1.4500000E+00    6.6194439E+01    2.0756476E+01
    1.4540000E+00    6.6333563E+01    2.0757167E+01
    1.4580000E+00    6.6472763E+01    2.0757844E+01
    1.4620000E+00    6.6612038E+01    2.0758507E+01
    1.4660000E+00    6.6751390E+01    2.0759157E+01
    1.4700000E+00    6.6890816E+01    2.0759793E+01
    1.4740000E+00    6.7030318E+01    2.0760416E+01
    1.4780000E+00    6.7169896E+01    2.0761027E+01
    1.4820000E+00    6.7309548E+01    2.0761625E+01
    1.4860000E+00    6.7449275E+01    2.0762210E+01
    1.4900000E+00    6.7589076E+01    2.0762783E+01
    1.4940000E+00    6.7728952E+01    2.0763344E+01
    1.4980000E+00    6.7868902E+01    2.0763894E+01
    1.5020000E+00    6.8008925E+01    2.0764432E+01
    1.5060000E+00    6.8149023E+01    2.0764958E+01
    1.5100000E+00    6.8289194E+01    2.0765474E+01
    1.5140000E+00    6.8429438E+01    2.0765979E+01
    1.5180000E+00    6.8569756E+01    2.0766472E+01
    1.5220000E+00    6.8710146E+01    2.0766956E+01
    1.5260000E+00    6.8850609E+01    2.0767429E+01
    1.5300000E+00    6.8991144E+01    2.0767891E+01
    1.5340000E+00    6.9131752E+01    2.0768344E+01
    1.5380000E+00    6.9272431E+01    2.0768787E+01
    1.5420000E+00    6.9413182E+01    2.0769220E+01
    1.5460000E+00    6.9554005E+01    2.0769644E+01
    1.5500000E+00    6.9694899E+01    2.0770059E+01
    1.5540000E+00    6.9835864E+01    2.0770464E+01
    1.5580000E+00    6.9976899E+01    2.0770861E+01
    1.5620000E+00    7.0118006E+01    2.0771249E+01
    1.5660000E+00    7.0259182E+01    2.0771628E+01
    1.5700000E+00    7.0400428E+01    2.0771999E+01
    1.5740000E+00    7.0541745E+01    2.0772361E+01
    1.5780000E+00    7.0683130E+01    2.0772716E+01
    1.5820000E+00    7.0824585E+01    2.0773062E+01
    1.5860000E+00    7.0966109E+01    2.0773401E+01
    1.5900000E+00    7.1107702E+01    2.0773731E+01
    1.5940000E+00    7.1249363E+01    2.0774055E+01
    1.5980000E+00    7.1391092E+01    2.0774370E+01
    1.6020000E+00    7.1532889E+01    2.0774679E+01
    1.6060000E+00    7.1674754E+01    2.0774980E+01
    1.6100000E+00    7.1816686E+01    2.0775275E+01
    1.6140000E+00    7.1958685E+01    2.0775562E+01
    1.6180000E+00    7.2100751E+01    2.0775843E+01
    1.6220000E+00    7.2242883E+01    2.0776117E+01
    1.6260000E+00    7.2385082E+01    2.0776385E+01
    1.6300000E+00    7.2527346E+01    2.0776646E+01
    1.6340000E+00    7.2669676E+01    2.0776901E+01
    1.6380000E+00    7.2812071E+01    2.0777150E+01
    1.6420000E+00    7.2954531E+01    2.0777393E+01
    1.6460000E+00    7.3097056E+01    2.0777630E+01
    1.6500000E+00    7.3239645E+01    2.0777862E+01
    1.6540000E+00    7.3382298E+01    2.0778087E+01
    1.6580000E+00    7.3525015E+01    2.0778307E+01
    1.6620000E+00    7.3667795E+01    2.0778522E+01
    1.6660000E+00    7.3810638E+01    2.0778731E+01
    1.6700000E+00    7.3953544E+01    2.0778935E+01
    1.6740000E+00    7.4096512E+01    2.0779134E+01
    1.6780000E+00    7.4239542E+01    2.0779328E+01
    1.6820000E+00    7.4382634E+01    2.0779517E+01
    1.6860000E+00    7.4525787E+01    2.0779700E+01
    1.6900000E+00    7.4669001E+01    2.0779880E+01
    1.6940000E+00    7.4812276E+01    2.0780054E+01
    1.6980000E+00    7.4955612E+01    2.0780224E+01
    1.7020000E+00    7.5099007E+01    2.0780390E+01
    1.7060000E+00    7.5242462E+01    2.0780551E+01
    1.7100000E+00    7.5385976E+01    2.0780708E+01
    1.7140000E+00    7.5529549E+01    2.0780860E+01
    1.7180000E+00    7.5673180E+01    2.0781009E+01
    1.7220000E+00    7.5816869E+01    2.0781153E+01
    1.7260000E+00    7.5960617E+01    2.0781294E+01
    1.7300000E+00    7.6104421E+01    2.0781430E+01
    1.7340000E+00    7.6248283E+01    2.0781563E+01
    1.7380000E+00    7.6392201E+01    2.0781692E+01
    1.7420000E+00    7.6536175E+01    2.0781817E+01
    1.7460000E+00    7.6680205E+01    2.0781939E+01
    1.7500000E+00    7.6824291E+01    2.0782057E+01
    1.7540000E+00    7.6968431E+01    2.0782172E+01
    1.7580000E+00    7.7112626E+01    2.0782283E+01
    1.7620000E+00    7.7256875E+01    2.0782391E+01
    1.7660000E+00    7.7401178E+01    2.0782496E+01
    1.7700000E+00    7.7545535E+01    2.0782598E+01
    1.7740000E+00    7.7689944E+01    2.0782696E+01
    1.7780000E+00    7.7834406E+01    2.0782792E+01
    1.7820000E+00    7.7978920E+01    2.0782884E+01
    1.7860000E+00    7.8123485E+01    2.0782974E+01
    1.7900000E+00    7.8268102E+01    2.0783060E+01
    1.7940000E+00    7.8412769E+01    2.0783144E+01
    1.7980000E+00    7.8557487E+01    2.0783226E+01
    1.8020000E+00    7.8702255E+01    2.0783304E+01
    1.8060000E+00    7.8847072E+01    2.0783380E+01
    1.8100000E+00    7.8991938E+01    2.0783453E+01
    1.8140000E+00    7.9136852E+01    2.0783524E+01
    1.8180000E+00    7.9281815E+01    2.0783592E+01
    1.8220000E+00    7.9426825E+01    2.0783658E+01
    1.8260000E+00    7.9571883E+01    2.0783721E+01
    1.8300000E+00    7.9716987E+01    2.0783783E+01
    1.8340000E+00    7.9862137E+01    2.0783841E+01
    1.8380000E+00    8.0007333E+01    2.0783898E+01
    1.8420000E+00    8.0152574E+01    2.0783953E+01
    1.8460000E+00    8.0297860E+01    2.0784005E+01
    1.8500000E+00    8.0443190E+01    2.0784055E+01
    1.8540000E+00    8.0588564E+01    2.0784104E+01
    1.8580000E+00    8.0733981E+01    2.0784150E+01
    1.8620000E+00    8.0879440E+01    2.0784194E+01
    1.8660000E+00    8.1024942E+01    2.0784237E+01
    1.8700000E+00    8.1170486E+01    2.0784277E+01
    1.8740000E+00    8.1316071E+01    2.0784316E+01
    1.8780000E+00    8.1461696E+01    2.0784353E+01
    1.8820000E+00    8.1607362E+01    2.0784388E+01
    1.8860000E+00    8.1753067E+01    2.0784421E+01
    1.8900000E+00    8.1898811E+01    2.0784453E+01
    1.8940000E+00    8.2044594E+01    2.0784483E+01
    1.8980000E+00    8.2190415E+01    2.0784512E+01
    1.9020000E+00    8.2336273E+01    2.0784539E+01
    1.9060000E+00    8.2482168E+01    2.0784565E+01
    1.9100000E+00    8.2628099E+01    2.0784589E+01
    1.9140000E+00    8.2774067E+01    2.0784611E+01
    1.9180000E+00    8.2920069E+01    2.0784632E+01
    1.9220000E+00    8.3066106E+01    2.0784652E+01
    1.9260000E+00    8.3212177E+01    2.0784670E+01
    1.9300000E+00    8.3358282E+01    2.0784687E+01
    1.9340000E+00    8.3504420E+01    2.0784703E+01
    1.9380000E+00    8.3650590E+01    2.0784718E+01
    1.9420000E+00    8.3796792E+01    2.0784731E+01
    1.9460000E+00    8.3943024E+01    2.0784743E+01
    1.9500000E+00    8.4089288E+01    2.0784754E+01
    1.9540000E+00    8.4235581E+01    2.0784763E+01
    1.9580000E+00    8.4381904E+01    2.0784772E+01
    1.9620000E+00    8.4528256E+01    2.0784779E+01
    1.9660000E+00    8.4674635E+01    2.0784786E+01
    1.9700000E+00    8.4821043E+01    2.0784791E+01
    1.9740000E+00    8.4967477E+01    2.0784795E+01
    1.9780000E+00    8.5113937E+01    2.0784799E+01
    1.9820000E+00    8.5260423E+01    2.0784801E+01
    1.9860000E+00    8.5406934E+01    2.0784802E+01
    1.9900000E+00    8.5553469E+01    2.0784803E+01
    1.9940000E+00    8.5700028E+01    2.0784802E+01
    1.9980000E+00    8.5846611E+01    2.0784801E+01
    2.0020000E+00    8.5993215E+01    2.0784799E+01
    2.0060000E+00    8.6139841E+01    2.0784796E+01
    2.0100000E+00    8.6286489E+01    2.0784792E+01
    2.0140000E+00    8.6433157E+01    2.0784787E+01
    2.0180000E+00    8.6579844E+01    2.0784781E+01
    2.0220000E+00    8.6726551E+01    2.0784775E+01
    2.0260000E+00    8.6873276E+01    2.0784768E+01
    2.0300000E+00    8.7020018E+01    2.0784760E+01
    2.0340000E+00    8.7166778E+01    2.0784752E+01
    2.0380000E+00    8.7313554E+01    2.0784743E+01
    2.0420000E+00    8.7460346E+01    2.0784733E+01
    2.0460000E+00    8.7607152E+01    2.0784723E+01
    2.0500000E+00    8.7753973E+01    2.0784712E+01
    2.0540000E+00    8.7900807E+01    2.0784700E+01
    2.0580000E+00    8.8047654E+01    2.0784688E+01
    2.0620000E+00    8.8194514E+01    2.0784675E+01
    2.0660000E+00    8.8341384E+01    2.0784661E+01
    2.0700000E+00    8.8488265E+01    2.0784647E+01
    2.0740000E+00    8.8635156E+01    2.0784633E+01
    2.0780000E+00    8.8782056E+01    2.0784617E+01
    2.0820000E+00    8.8928964E+01    2.0784602E+01
    2.0860000E+00    8.9075880E+01    2.0784586E+01
    2.0900000E+00    8.9222803E+01    2.0784569E+01
    2.0940000E+00    8.9369731E+01    2.0784552E+01
    2.0980000E+00    8.9516666E+01    2.0784534E+01
    2.1020000E+00    8.9663604E+01    2.0784516E+01
    2.1060000E+00    8.9810547E+01    2.0784498E+01
    2.1100000E+00    8.9957492E+01    2.0784479E+01
    2.1140000E+00    9.0104440E+01    2.0784460E+01
    2.1180000E+00    9.0251389E+01    2.0784440E+01
    2.1220000E+00    9.0398339E+01    2.0784420E+01
    2.1260000E+00    9.0545288E+01    2.0784400E+01
    2.1300000E+00    9.0692237E+01    2.0784379E+01
    2.1340000E+00    9.0839184E+01    2.0784358E+01
    2.1380000E+00    9.0986128E+01    2.0784336E+01
    2.1420000E+00    9.1133069E+01    2.0784315E+01
    2.1460000E+00    9.1280005E+01    2.0784292E+01
    2.1500000E+00    9.1426937E+01    2.0784270E+01
    2.1540000E+00    9.1573862E+01    2.0784247E+01
    2.1580000E+00    9.1720781E+01    2.0784224E+01
    2.1620000E+00    9.1867693E+01    2.0784201E+01
    2.1660000E+00    9.2014595E+01    2.0784177E+01
    2.1700000E+00    9.2161489E+01    2.0784153E+01
    2.1740000E+00    9.2308372E+01    2.0784129E+01
    2.1780000E+00    9.2455245E+01    2.0784105E+01
    2.1820000E+00    9.2602105E+01    2.0784080E+01
    2.1860000E+00    9.2748953E+01    2.0784056E+01
    2.1900000E+00    9.2895787E+01    2.0784030E+01
    2.1940000E+00    9.3042606E+01    2.0784005E+01
    2.1980000E+00    9.3189410E+01    2.0783980E+01
    2.2020000E+00    9.3336198E+01    2.0783954E+01
    2.2060000E+00    9.3482969E+01    2.0783928E+01
    2.2100000E+00    9.3629721E+01    2.0783902E+01
    2.2140000E+00    9.3776455E+01    2.0783876E+01
    2.2180000E+00    9.3923168E+01    2.0783849E+01
    2.2220000E+00    9.4069861E+01    2.0783823E+01
    2.2260000E+00    9.4216532E+01    2.0783796E+01
    2.2300000E+00    9.4363180E+01    2.0783769E+01
    2.2340000E+00    9.4509805E+01    2.0783742E+01
    2.2380000E+00    9.4656405E+01    2.0783715E+01
    2.2420000E+00    9.4802979E+01    2.0783688E+01
    2.2460000E+00    9.4949527E+01    2.0783660E+01
    2.2500000E+00    9.5096048E+01    2.0783633E+01
    2.2540000E+00    9.5242540E+01    2.0783605E+01
    2.2580000E+00    9.5389003E+01    2.0783577E+01
    2.2620000E+00    9.5535435E+01    2.0783549E+01
    2.2660000E+00    9.5681836E+01    2.0783521E+01
    2.2700000E+00    9.5828205E+01    2.0783493E+01
    2.2740000E+00    9.5974541E+01    2.0783465E+01
    2.2780000E+00    9.6120842E+01    2.0783436E+01
    2.2820000E+00    9.6267108E+01    2.0783408E+01
    2.2860000E+00    9.6413338E+01    2.0783380E+01
    2.2900000E+00    9.6559531E+01    2.0783351E+01
    2.2940000E+00    9.6705685E+01    2.0783322E+01
    2.2980000E+00    9.6851800E+01    2.0783294E+01
    2.3020000E+00    9.6997875E+01    2.0783265E+01
    2.3060000E+00    9.7143908E+01    2.0783236E+01
    2.3100000E+00    9.7289899E+01    2.0783207E+01
    2.3140000E+00    9.7435847E+01    2.0783179E+01
    2.3180000E+00    9.7581750E+01    2.0783150E+01
    2.3220000E+00    9.7727608E+01    2.0783121E+01
    2.3260000E+00    9.7873419E+01    2.0783092E+01
    2.3300000E+00    9.8019183E+01    2.0783063E+01
    2.3340000E+00    9.8164897E+01    2.0783034E+01
    2.3380000E+00    9.8310563E+01    2.0783004E+01
    2.3420000E+00    9.8456177E+01    2.0782975E+01
    2.3460000E+00    9.8601739E+01    2.0782946E+01
    2.3500000E+00    9.8747249E+01    2.0782917E+01
    2.3540000E+00    9.8892704E+01    2.0782888E+01
    2.3580000E+00    9.9038104E+01    2.0782859E+01
    2.3620000E+00    9.9183448E+01    2.0782829E+01
    2.3660000E+00    9.9328735E+01    2.0782800E+01
    2.3700000E+00    9.9473963E+01    2.0782771E+01
    2.3740000E+00    9.9619131E+01    2.0782742E+01
    2.3780000E+00    9.9764239E+01    2.0782713E+01
    2.3820000E+00    9.9909285E+01    2.0782683E+01
    2.3860000E+00    1.0005427E+02    2.0782654E+01
    2.3900000E+00    1.0019919E+02    2.0782625E+01
    2.3940000E+00    1.0034404E+02    2.0782596E+01
    2.3980000E+00    1.0048883E+02    2.0782567E+01
    2.4020000E+00    1.0063355E+02    2.0782537E+01
    2.4060000E+00    1.0077820E+02    2.0782508E+01
    2.4100000E+00    1.0092278E+02    2.0782479E+01
    2.4140000E+00    1.0106729E+02    2.0782450E+01
    2.4180000E+00    1.0121173E+02    2.0782421E+01
    2.4220000E+00    1.0135609E+02    2.0782392E+01
    2.4260000E+00    1.0150038E+02    2.0782363E+01
    2.4300000E+00    1.0164460E+02    2.0782334E+01
    2.4340000E+00    1.0178873E+02    2.0782305E+01
    2.4380000E+00    1.0193279E+02    2.0782276E+01
    2.4420000E+00    1.0207677E+02    2.0782247E+01
    2.4460000E+00    1.0222067E+02    2.0782219E+01
    2.4500000E+00    1.0236449E+02    2.0782190E+01
    2.4540000E+00    1.0250822E+02    2.0782161E+01
    2.4580000E+00    1.0265187E+02    2.0782132E+01
    2.4620000E+00    1.0279544E+02    2.0782104E+01
    2.4660000E+00    1.0293892E+02    2.0782075E+01
    2.4700000E+00    1.0308231E+02    2.0782046E+01
    2.4740000E+00    1.0322561E+02    2.0782018E+01
    2.4780000E+00    1.0336882E+02    2.0781989E+01
    2.4820000E+00    1.0351194E+02    2.0781961E+01
    2.4860000E+00    1.0365497E+02    2.0781933E+01
    2.4900000E+00    1.0379790E+02    2.0781904E+01
    2.4940000E+00    1.0394073E+02    2.0781876E+01
    2.4980000E+00    1.0408347E+02    2.0781848E+01
    2.5020000E+00    1.0422612E+02    2.0781820E+01
    2.5060000E+00    1.0436866E+02    2.0781792E+01
    2.5100000E+00    1.0451110E+02    2.0781764E+01
    2.5140000E+00    1.0465344E+02    2.0781736E+01
    2.5180000E+00    1.0479568E+02    2.0781708E+01
    2.5220000E+00    1.0493781E+02    2.0781680E+01
    2.5260000E+00    1.0507984E+02    2.0781652E+01
    2.5300000E+00    1.0522176E+02    2.0781624E+01
    2.5340000E+00    1.0536357E+02    2.0781597E+01
    2.5380000E+00    1.0550527E+02    2.0781569E+01
    2.5420000E+00    1.0564686E+02    2.0781542E+01
    2.5460000E+00    1.0578834E+02    2.0781514E+01
    2.5500000E+00    1.0592970E+02    2.0781487E+01
    2.5540000E+00    1.0607095E+02    2.0781460E+01
    2.5580000E+00    1.0621208E+02    2.0781432E+01
    2.5620000E+00    1.0635310E+02    2.0781405E+01
    2.5660000E+00    1.0649400E+02    2.0781378E+01
    2.5700000E+00    1.0663477E+02    2.0781351E+01
    2.5740000E+00    1.0677542E+02    2.0781324E+01
    2.5780000E+00    1.0691595E+02    2.0781297E+01
    2.5820000E+00    1.0705636E+02    2.0781270E+01
    2.5860000E+00    1.0719664E+02    2.0781244E+01
    2.5900000E+00    1.0733679E+02    2.0781217E+01
    2.5940000E+00    1.0747682E+02    2.0781190E+01
    2.5980000E+00    1.0761671E+02    2.0781164E+01
    2.6020000E+00    1.0775647E+02    2.0781137E+01
    2.6060000E+00    1.0789610E+02    2.0781111E+01
    2.6100000E+00    1.0803559E+02    2.0781085E+01
    2.6140000E+00    1.0817495E+02    2.0781059E+01
    2.6180000E+00    1.0831417E+02    2.0781032E+01
    2.6220000E+00    1.0845326E+02    2.0781006E+01
    2.6260000E+00    1.0859220E+02    2.0780980E+01
    2.6300000E+00    1.0873100E+02    2.0780955E+01
    2.6340000E+00    1.0886966E+02    2.0780929E+01
    2.6380000E+00    1.0900817E+02    2.0780903E+01
    2.6420000E+00    1.0914654E+02    2.0780877E+01
    2.6460000E+00    1.0928476E+02    2.0780852E+01
    2.6500000E+00    1.0942283E+02    2.0780826E+01
    2.6540000E+00    1.0956075E+02    2.0780801E+01
    2.6580000E+00    1.0969852E+02    2.0780776E+01
    2.6620000E+00    1.0983614E+02    2.0780750E+01
    2.6660000E+00    1.0997360E+02    2.0780725E+01
    2.6700000E+00    1.1011091E+02    2.0780700E+01
    2.6740000E+00    1.1024805E+02    2.0780675E+01
    2.6780000E+00    1.1038504E+02    2.0780650E+01
    2.6820000E+00    1.1052187E+02    2.0780626E+01
    2.6860000E+00    1.1065854E+02    2.0780601E+01
    2.6900000E+00    1.1079504E+02    2.0780576E+01
    2.6940000E+00    1.1093138E+02    2.0780552E+01
    2.6980000E+00    1.1106755E+02    2.0780527E+01
    2.7020000E+00    1.1120356E+02    2.0780503E+01
    2.7060000E+00    1.1133939E+02    2.0780478E+01
    2.7100000E+00    1.1147505E+02    2.0780454E+01
    2.7140000E+00    1.1161054E+02    2.0780430E+01
    2.7180000E+00    1.1174586E+02    2.0780406E+01
    2.7220000E+00    1.1188100E+02    2.0780382E+01
    2.7260000E+00    1.1201596E+02    2.0780358E+01
    2.7300000E+00    1.1215075E+02    2.0780334E+01
    2.7340000E+00    1.1228535E+02    2.0780311E+01
    2.7380000E+00    1.1241977E+02    2.0780287E+01
    2.7420000E+00    1.1255401E+02    2.0780263E+01
    2.7460000E+00    1.1268806E+02    2.0780240E+01
    2.7500000E+00    1.1282193E+02    2.0780217E+01
    2.7540000E+00    1.1295561E+02    2.0780193E+01
    2.7580000E+00    1.1308910E+02    2.0780170E+01
    2.7620000E+00    1.1322240E+02    2.0780147E+01
    2.7660000E+00    1.1335550E+02    2.0780124E+01
    2.7700000E+00    1.1348841E+02    2.0780101E+01
    2.7740000E+00    1.1362113E+02    2.0780078E+01
    2.7780000E+00    1.1375365E+02    2.0780056E+01
    2.7820000E+00    1.1388597E+02    2.0780033E+01
    2.7860000E+00    1.1401808E+02    2.0780010E+01
    2.7900000E+00    1.1415000E+02    2.0779988E+01
    2.7940000E+00    1.1428171E+02    2.0779965E+01
    2.7980000E+00    1.1441321E+02    2.0779943E+01
    2.8020000E+00    1.1454451E+02    2.0779921E+01
    2.8060000E+00    1.1467560E+02    2.0779899E+01
    2.8100000E+00    1.1480648E+02    2.0779877E+01
    2.8140000E+00    1.1493715E+02    2.0779855E+01
    2.8180000E+00    1.1506760E+02    2.0779833E+01
    2.8220000E+00    1.1519784E+02    2.0779811E+01
    2.8260000E+00    1.1532786E+02    2.0779789E+01
    2.8300000E+00    1.1545767E+02    2.0779768E+01
    2.8340000E+00    1.1558725E+02    2.0779746E+01
    2.8380000E+00    1.1571661E+02    2.0779725E+01
    2.8420000E+00    1.1584575E+02    2.0779703E+01
    2.8460000E+00    1.1597466E+02    2.0779682E+01
    2.8500000E+00    1.1610335E+02    2.0779661E+01
    2.8540000E+00    1.1623181E+02    2.0779640E+01
    2.8580000E+00    1.1636004E+02    2.0779619E+01
    2.8620000E+00    1.1648803E+02    2.0779598E+01
    2.8660000E+00    1.1661580E+02    2.0779577E+01
    2.8700000E+00    1.1674333E+02    2.0779556E+01
    2.8740000E+00    1.1687062E+02    2.0779536E+01
    2.8780000E+00    1.1699767E+02    2.0779515E+01
    2.8820000E+00    1.1712449E+02    2.0779494E+01
    2.8860000E+00    1.1725106E+02    2.0779474E+01
    2.8900000E+00    1.1737739E+02    2.0779454E+01
    2.8940000E+00    1.1750347E+02    2.0779433E+01
    2.8980000E+00    1.1762931E+02    2.0779413E+01
    2.9020000E+00    1.1775490E+02    2.0779393E+01
    2.9060000E+00    1.1788024E+02    2.0779373E+01
    2.9100000E+00    1.1800532E+02    2.0779353E+01
    2.9140000E+00    1.1813016E+02    2.0779334E+01
    2.9180000E+00    1.1825474E+02    2.0779314E+01
    2.9220000E+00    1.1837906E+02    2.0779294E+01
    2.9260000E+00    1.1850312E+02    2.0779275E+01
    2.9300000E+00    1.1862693E+02    2.0779255E+01
    2.9340000E+00    1.1875047E+02    2.0779236E+01
    2.9380000E+00    1.1887375E+02    2.0779216E+01
    2.9420000E+00    1.1899676E+02    2.0779197E+01
    2.9460000E+00    1.1911951E+02    2.0779178E+01
    2.9500000E+00    1.1924199E+02    2.0779159E+01
    2.9540000E+00    1.1936420E+02    2.0779140E+01
    2.9580000E+00    1.1948613E+02    2.0779121E+01
    2.9620000E+00    1.1960780E+02    2.0779102E+01
    2.9660000E+00    1.1972918E+02    2.0779084E+01
    2.9700000E+00    1.1985029E+02    2.0779065E+01
    2.9740000E+00    1.1997112E+02    2.0779047E+01
    2.9780000E+00    1.2009167E+02    2.0779028E+01
    2.9820000E+00    1.2021194E+02    2.0779010E+01
    2.9860000E+00    1.2033193E+02    2.0778992E+01
    2.9900000E+00    1.2045162E+02    2.0778973E+01
    2.9940000E+00    1.2057104E+02    2.0778955E+01
    2.9980000E+00    1.2069016E+02    2.0778937E+01
    3.0020000E+00    1.2080899E+02    2.0778919E+01
    3.0060000E+00    1.2092753E+02    2.0778901E+01
    3.0100000E+00    1.2104577E+02    2.0778884E+01
    3.0140000E+00    1.2116372E+02    2.0778866E+01
    3.0180000E+00    1.2128137E+02    2.0778848E+01
    3.0220000E+00    1.2139872E+02    2.0778831E+01
    3.0260000E+00    1.2151577E+02    2.0778813E+01
    3.0300000E+00    1.2163252E+02    2.0778796E+01
    3.0340000E+00    1.2174896E+02    2.0778779E+01
    3.0380000E+00    1.2186510E+02    2.0778761E+01
    3.0420000E+00    1.2198093E+02    2.0778744E+01
    3.0460000E+00    1.2209644E+02    2.0778727E+01
    3.0500000E+00    1.2221165E+02    2.0778710E+01
    3.0540000E+00    1.2232654E+02    2.0778693E+01
    3.0580000E+00    1.2244112E+02    2.0778677E+01
    3.0620000E+00    1.2255538E+02    2.0778660E+01
    3.0660000E+00    1.2266933E+02    2.0778643E+01
    3.0700000E+00    1.2278295E+02    2.0778627E+01
    3.0740000E+00    1.2289625E+02    2.0778610E+01
    3.0780000E+00    1.2300923E+02    2.0778594E+01
    3.0820000E+00    1.2312188E+02    2.0778578E+01
    3.0860000E+00    1.2323421E+02    2.0778561E+01
    3.0900000E+00    1.2334620E+02    2.0778545E+01
    3.0940000E+00    1.2345787E+02    2.0778529E+01
    3.0980000E+00    1.2356920E+02    2.0778513E+01
    3.1020000E+00    1.2368020E+02    2.0778497E+01
    3.1060000E+00    1.2379086E+02    2.0778481E+01
    3.1100000E+00    1.2390119E+02    2.0778466E+01
    3.1140000E+00    1.2401117E+02    2.0778450E+01
    3.1180000E+00    1.2412082E+02    2.0778434E+01
    3.1220000E+00    1.2423012E+02    2.0778419E+01
    3.1260000E+00    1.2433908E+02    2.0778403E+01
    3.1300000E+00    1.2444769E+02    2.0778388E+01
    3.1340000E+00    1.2455596E+02    2.0778373E+01
    3.1380000E+00    1.2466387E+02    2.0778358E+01
    3.1420000E+00    1.2477144E+02    2.0778343E+01
    3.1460000E+00    1.2487865E+02    2.0778328E+01
    3.1500000E+00    1.2498550E+02    2.0778313E+01
    3.1540000E+00    1.2509200E+02    2.0778298E+01
    3.1580000E+00    1.2519814E+02    2.0778283E+01
    3.1620000E+00    1.2530392E+02    2.0778268E+01
    3.1660000E+00    1.2540934E+02    2.0778254E+01
    3.1700000E+00    1.2551440E+02    2.0778239E+01
    3.1740000E+00    1.2561909E+02    2.0778225E+01
    3.1780000E+00    1.2572341E+02    2.0778210E+01
    3.1820000E+00    1.2582737E+02    2.0778196E+01
    3.1860000E+00    1.2593096E+02    2.0778182E+01
    3.1900000E+00    1.2603417E+02    2.0778168E+01
    3.1940000E+00    1.2613701E+02    2.0778153E+01
    3.1980000E+00    1.2623947E+02    2.0778139E+01
    3.2020000E+00    1.2634156E+02    2.0778126E+01
    3.2060000E+00    1.2644327E+02    2.0778112E+01
    3.2100000E+00    1.2654460E+02    2.0778098E+01
    3.2140000E+00    1.2664555E+02    2.0778084E+01
    3.2180000E+00    1.2674611E+02    2.0778071E+01
    3.2220000E+00    1.2684629E+02    2.0778057E+01
    3.2260000E+00    1.2694608E+02    2.0778044E+01
    3.2300000E+00    1.2704548E+02    2.0778030E+01
    3.2340000E+00    1.2714449E+02    2.0778017E+01
    3.2380000E+00    1.2724311E+02    2.0778004E+01
    3.2420000E+00    1.2734133E+02    2.0777991E+01
    3.2460000E+00    1.2743916E+02    2.0777977E+01
    3.2500000E+00    1.2753660E+02    2.0777964E+01
    3.2540000E+00    1.2763363E+02    2.0777951E+01
    3.2580000E+00    1.2773026E+02    2.0777939E+01
    3.2620000E+00    1.2782649E+02    2.0777926E+01
    3.2660000E+00    1.2792232E+02    2.0777913E+01
    3.2700000E+00    1.2801774E+02    2.0777901E+01
    3.2740000E+00    1.2811275E+02    2.0777888E+01
    3.2780000E+00    1.2820736E+02    2.0777876E+01
    3.2820000E+00    1.2830155E+02    2.0777863E+01
    3.2860000E+00    1.2839534E+02    2.0777851E+01
    3.2900000E+00    1.2848871E+02    2.0777839E+01
    3.2940000E+00    1.2858166E+02    2.0777826E+01
    3.2980000E+00    1.2867420E+02    2.0777814E+01
    3.3020000E+00    1.2876631E+02    2.0777802E+01
    3.3060000E+00    1.2885801E+02    2.0777790E+01
    3.3100000E+00    1.2894929E+02    2.0777778E+01
    3.3140000E+00    1.2904014E+02    2.0777767E+01
    3.3180000E+00    1.2913057E+02    2.0777755E+01
    3.3220000E+00    1.2922057E+02    2.0777743E+01
    3.3260000E+00    1.2931014E+02    2.0777732E+01
    3.3300000E+00    1.2939928E+02    2.0777720E+01
    3.3340000E+00    1.2948799E+02    2.0777709E+01
    3.3380000E+00    1.2957627E+02    2.0777697E+01
    3.3420000E+00    1.2966411E+02    2.0777686E+01
    3.3460000E+00    1.2975152E+02    2.0777675E+01
    3.3500000E+00    1.2983849E+02    2.0777664E+01
    3.3540000E+00    1.2992502E+02    2.0777653E+01
    3.3580000E+00    1.3001111E+02    2.0777642E+01
    3.3620000E+00    1.3009675E+02    2.0777631E+01
    3.3660000E+00    1.3018196E+02    2.0777620E+01
    3.3700000E+00    1.3026671E+02    2.0777609E+01
    3.3740000E+00    1.3035102E+02    2.0777599E+01
    3.3780000E+00    1.3043488E+02    2.0777588E+01
    3.3820000E+00    1.3051829E+02    2.0777577E+01
    3.3860000E+00    1.3060125E+02    2.0777567E+01
    3.3900000E+00    1.3068375E+02    2.0777557E+01
    3.3940000E+00    1.3076580E+02    2.0777546E+01
    3.3980000E+00    1.3084740E+02    2.0777536E+01
    3.4020000E+00    1.3092853E+02    2.0777526E+01
    3.4060000E+00    1.3100921E+02    2.0777516E+01
    3.4100000E+00    1.3108943E+02    2.0777506E+01
    3.4140000E+00    1.3116918E+02    2.0777496E+01
    3.4180000E+00    1.3124847E+02    2.0777486E+01
    3.4220000E+00    1.3132729E+02    2.0777476E+01
    3.4260000E+00    1.3140565E+02    2.0777466E+01
    3.4300000E+00    1.3148354E+02    2.0777456E+01
    3.4340000E+00    1.3156096E+02    2.0777447E+01
    3.4380000E+00    1.3163790E+02    2.0777437E+01
    3.4420000E+00    1.3171438E+02    2.0777428E+01
    3.4460000E+00    1.3179038E+02    2.0777418E+01
    3.4500000E+00    1.3186591E+02    2.0777409E+01
    3.4540000E+00    1.3194096E+02    2.0777400E+01
    3.4580000E+00    1.3201553E+02    2.0777391E+01
    3.4620000E+00    1.3208962E+02    2.0777382E+01
    3.4660000E+00    1.3216323E+02    2.0777373E+01
    3.4700000E+00    1.3223635E+02    2.0777364E+01
    3.4740000E+00    1.3230900E+02    2.0777355E+01
    3.4780000E+00    1.3238115E+02    2.0777346E+01
    3.4820000E+00    1.3245282E+02    2.0777337E+01
    3.4860000E+00    1.3252401E+02    2.0777328E+01
    3.4900000E+00    1.3259470E+02    2.0777320E+01
    3.4940000E+00    1.3266490E+02    2.0777311E+01
    3.4980000E+00    1.3273461E+02    2.0777303E+01
    3.5020000E+00    1.3280383E+02    2.0777294E+01
    3.5060000E+00    1.3287255E+02    2.0777286E+01
    3.5100000E+00    1.3294077E+02    2.0777278E+01
    3.5140000E+00    1.3300850E+02    2.0777270E+01
    3.5180000E+00    1.3307573E+02    2.0777262E+01
    3.5220000E+00    1.3314246E+02    2.0777254E+01
    3.5260000E+00    1.3320868E+02    2.0777246E+01
    3.5300000E+00    1.3327441E+02    2.0777238E+01
    3.5340000E+00    1.3333963E+02    2.0777230E+01
    3.5380000E+00    1.3340434E+02    2.0777222E+01
    3.5420000E+00    1.3346855E+02    2.0777214E+01
    3.5460000E+00    1.3353225E+02    2.0777207E+01
    3.5500000E+00    1.3359544E+02    2.0777199E+01
    3.5540000E+00    1.3365812E+02    2.0777192E+01
    3.5580000E+00    1.3372029E+02    2.0777184E+01
    3.5620000E+00    1.3378195E+02    2.0777177E+01
    3.5660000E+00    1.3384309E+02    2.0777170E+01
    3.5700000E+00    1.3390371E+02    2.0777162E+01
    3.5740000E+00    1.3396382E+02    2.0777155E+01
    3.5780000E+00    1.3402342E+02    2.0777148E+01
    3.5820000E+00    1.3408249E+02    2.0777141E+01
    3.5860000E+00    1.3414104E+02    2.0777134E+01
    3.5900000E+00    1.3419907E+02    2.0777127E+01
    3.5940000E+00    1.3425658E+02    2.0777121E+01
    3.5980000E+00    1.3431357E+02    2.0777114E+01
    3.6020000E+00    1.3437003E+02    2.0777107E+01
    3.6060000E+00    1.3442597E+02    2.0777101E+01
    3.6100000E+00    1.3448138E+02    2.0777094E+01
    3.6140000E+00    1.3453626E+02    2.0777088E+01
    3.6180000E+00    1.3459061E+02    2.0777081E+01
    3.6220000E+00    1.3464443E+02    2.0777075E+01
    3.6260000E+00    1.3469772E+02    2.0777069E+01
    3.6300000E+00    1.3475048E+02    2.0777062E+01
    3.6340000E+00    1.3480270E+02    2.0777056E+01
    3.6380000E+00    1.3485439E+02    2.0777050E+01
    3.6420000E+00    1.3490555E+02    2.0777044E+01
    3.6460000E+00    1.3495616E+02    2.0777038E+01
    3.6500000E+00    1.3500624E+02    2.0777032E+01
    3.6540000E+00    1.3505578E+02    2.0777027E+01
    3.6580000E+00    1.3510479E+02    2.0777021E+01
    3.6620000E+00    1.3515325E+02    2.0777015E+01
    3.6660000E+00    1.3520116E+02    2.0777010E+01
    3.6700000E+00    1.3524854E+02    2.0777004E+01
    3.6740000E+00    1.3529537E+02    2.0776999E+01
    3.6780000E+00    1.3534166E+02    2.0776993E+01
    3.6820000E+00    1.3538740E+02    2.0776988E+01
    3.6860000E+00    1.3543260E+02    2.0776983E+01
    3.6900000E+00    1.3547725E+02    2.0776978E+01
    3.6940000E+00    1.3552135E+02    2.0776973E+01
    3.6980000E+00    1.3556490E+02    2.0776968E+01
    3.7020000E+00    1.3560790E+02    2.0776963E+01
    3.7060000E+00    1.3565035E+02    2.0776958E+01
    3.7100000E+00    1.3569225E+02    2.0776953E+01
    3.7140000E+00    1.3573360E+02    2.0776948E+01
    3.7180000E+00    1.3577439E+02    2.0776943E+01
    3.7220000E+00    1.3581462E+02    2.0776939E+01
    3.7260000E+00    1.3585431E+02    2.0776934E+01
    3.7300000E+00    1.3589343E+02    2.0776930E+01
    3.7340000E+00    1.3593200E+02    2.0776925E+01
    3.7380000E+00    1.3597001E+02    2.0776921E+01
    3.7420000E+00    1.3600747E+02    2.0776917E+01
    3.7460000E+00    1.3604436E+02    2.0776912E+01
    3.7500000E+00    1.3608069E+02    2.0776908E+01
    3.7540000E+00    1.3611646E+02    2.0776904E+01
    3.7580000E+00    1.3615167E+02    2.0776900E+01
    3.7620000E+00    1.3618632E+02    2.0776896E+01
    3.7660000E+00    1.3622041E+02    2.0776892E+01
    3.7700000E+00    1.3625393E+02    2.0776889E+01
    3.7740000E+00    1.3628689E+02    2.0776885E+01
    3.7780000E+00    1.3631928E+02    2.0776881E+01
    3.7820000E+00    1.3635111E+02    2.0776877E+01
    3.7860000E+00    1.3638237E+02    2.0776874E+01
    3.7900000E+00    1.3641306E+02    2.0776870E+01
    3.7940000E+00    1.3644318E+02    2.0776867E+01
    3.7980000E+00    1.3647274E+02    2.0776864E+01
    3.8020000E+00    1.3650173E+02    2.0776860E+01
    3.8060000E+00    1.3653014E+02    2.0776857E+01
    3.8100000E+00    1.3655799E+02    2.0776854E+01
    3.8140000E+00    1.3658527E+02    2.0776851E+01
    3.8180000E+00    1.3661197E+02    2.0776848E+01
    3.8220000E+00    1.3663811E+02    2.0776845E+01
    3.8260000E+00    1.3666367E+02    2.0776842E+01
    3.8300000E+00    1.3668865E+02    2.0776839E+01
    3.8340000E+00    1.3671307E+02    2.0776836E+01
    3.8380000E+00    1.3673691E+02    2.0776834E+01
    3.8420000E+00    1.3676017E+02    2.0776831E+01
    3.8460000E+00    1.3678286E+02    2.0776828E+01
    3.8500000E+00    1.3680497E+02    2.0776826E+01
    3.8540000E+00    1.3682651E+02    2.0776824E+01
    3.8580000E+00    1.3684747E+02    2.0776821E+01
    3.8620000E+00    1.3686786E+02    2.0776819E+01
    3.8660000E+00    1.3688766E+02    2.0776817E+01
    3.8700000E+00    1.3690689E+02    2.0776814E+01
    3.8740000E+00    1.3692554E+02    2.0776812E+01
    3.8780000E+00    1.3694361E+02    2.0776810E+01
    3.8820000E+00    1.3696111E+02    2.0776808E+01
    3.8860000E+00    1.3697802E+02    2.0776806E+01
    3.8900000E+00    1.3699435E+02    2.0776805E+01
    3.8940000E+00    1.3701011E+02    2.0776803E+01
    3.8980000E+00    1.3702528E+02    2.0776801E+01
    3.9020000E+00    1.3703987E+02    2.0776799E+01
    3.9060000E+00    1.3705388E+02    2.0776798E+01
    3.9100000E+00    1.3706731E+02    2.0776796E+01
    3.9140000E+00    1.3708016E+02    2.0776795E+01
    3.9180000E+00    1.3709242E+02    2.0776794E+01
    3.9220000E+00    1.3710411E+02    2.0776792E+01
    3.9260000E+00    1.3711521E+02    2.0776791E+01
    3.9300000E+00    1.3712572E+02    2.0776790E+01
    3.9340000E+00    1.3713566E+02    2.0776789E+01
    3.9380000E+00    1.3714501E+02    2.0776788E+01
    3.9420000E+00    1.3715378E+02    2.0776787E+01
    3.9460000E+00    1.3716196E+02    2.0776786E+01
    3.9500000E+00    1.3716956E+02    2.0776785E+01
    3.9540000E+00    1.3717658E+02    2.0776784E+01
    3.9580000E+00    1.3718301E+02    2.0776783E+01
    3.9620000E+00    1.3718886E+02    2.0776783E+01
    3.9660000E+00    1.3719412E+02    2.0776782E+01
    3.9700000E+00    1.3719880E+02    2.0776782E+01
    3.9740000E+00    1.3720290E+02    2.0776781E+01
    3.9780000E+00    1.3720641E+02    2.0776781E+01
    3.9820000E+00    1.3720933E+02    2.0776780E+01
    3.9860000E+00    1.3721167E+02    2.0776780E+01
    3.9900000E+00    1.3721342E+02    2.0776780E+01
    3.9940000E+00    1.3721460E+02    2.0776780E+01
    3.9980000E+00    1.3721518E+02    2.0776780E+01
