# Time          2.5000E+01
# Units: Permil
    Distance        SO4--            SO164--         
    2.0000000E-03    2.1049296E+01    8.7571932E+00
    6.0000000E-03    2.1147571E+01    8.9135222E+00
    1.0000000E-02    2.1245603E+01    9.0679804E+00
    1.4000000E-02    2.1343389E+01    9.2205878E+00
    1.8000000E-02    2.1440930E+01    9.3713641E+00
    2.2000000E-02    2.1538225E+01    9.5203288E+00
    2.6000000E-02    2.1635272E+01    9.6675013E+00
    3.0000000E-02    2.1732071E+01    9.8129008E+00
    3.4000000E-02    2.1828621E+01    9.9565463E+00
    3.8000000E-02    2.1924921E+01    1.0098457E+01
    4.2000000E-02    2.2020970E+01    1.0238651E+01
    4.6000000E-02    2.2116767E+01    1.0377147E+01
    5.0000000E-02    2.2212311E+01    1.0513963E+01
    5.4000000E-02    2.2307602E+01    1.0649118E+01
    5.8000000E-02    2.2402639E+01    1.0782630E+01
    6.2000000E-02    2.2497421E+01    1.0914516E+01
    6.6000000E-02    2.2591947E+01    1.1044794E+01
    7.0000000E-02    2.2686216E+01    1.1173482E+01
    7.4000000E-02    2.2780227E+01    1.1300597E+01
    7.8000000E-02    2.2873981E+01    1.1426156E+01
    8.2000000E-02    2.2967475E+01    1.1550177E+01
    8.6000000E-02    2.3060710E+01    1.1672676E+01
    9.0000000E-02    2.3153684E+01    1.1793670E+01
    9.4000000E-02    2.3246396E+01    1.1913176E+01
    9.8000000E-02    2.3338847E+01    1.2031210E+01
    1.0200000E-01    2.3431035E+01    1.2147788E+01
    1.0600000E-01    2.3522959E+01    1.2262926E+01
    1.1000000E-01    2.3614619E+01    1.2376641E+01
    1.1400000E-01    2.3706015E+01    1.2488948E+01
    1.1800000E-01    2.3797144E+01    1.2599864E+01
    1.2200000E-01    2.3888008E+01    1.2709402E+01
    1.2600000E-01    2.3978604E+01    1.2817580E+01
    1.3000000E-01    2.4068933E+01    1.2924412E+01
    1.3400000E-01    2.4158994E+01    1.3029913E+01
    1.3800000E-01    2.4248786E+01    1.3134098E+01
    1.4200000E-01    2.4338309E+01    1.3236982E+01
    1.4600000E-01    2.4427561E+01    1.3338580E+01
    1.5000000E-01    2.4516543E+01    1.3438906E+01
    1.5400000E-01    2.4605253E+01    1.3537975E+01
    1.5800000E-01    2.4693691E+01    1.3635801E+01
    1.6200000E-01    2.4781857E+01    1.3732397E+01
    1.6600000E-01    2.4869750E+01    1.3827779E+01
    1.7000000E-01    2.4957369E+01    1.3921959E+01
    1.7400000E-01    2.5044715E+01    1.4014952E+01
    1.7800000E-01    2.5131785E+01    1.4106771E+01
    1.8200000E-01    2.5218580E+01    1.4197429E+01
    1.8600000E-01    2.5305100E+01    1.4286940E+01
    1.9000000E-01    2.5391343E+01    1.4375318E+01
    1.9400000E-01    2.5477310E+01    1.4462574E+01
    1.9800000E-01    2.5562999E+01    1.4548722E+01
    2.0200000E-01    2.5648411E+01    1.4633776E+01
    2.0600000E-01    2.5733545E+01    1.4717746E+01
    2.1000000E-01    2.5818400E+01    1.4800647E+01
    2.1400000E-01    2.5902975E+01    1.4882489E+01
    2.1800000E-01    2.5987272E+01    1.4963287E+01
    2.2200000E-01    2.6071288E+01    1.5043052E+01
    2.2600000E-01    2.6155024E+01    1.5121795E+01
    2.3000000E-01    2.6238480E+01    1.5199529E+01
    2.3400000E-01    2.6321654E+01    1.5276266E+01
    2.3800000E-01    2.6404547E+01    1.5352017E+01
    2.4200000E-01    2.6487158E+01    1.5426794E+01
    2.4600000E-01    2.6569486E+01    1.5500608E+01
    2.5000000E-01    2.6651532E+01    1.5573471E+01
    2.5400000E-01    2.6733296E+01    1.5645394E+01
    2.5800000E-01    2.6814775E+01    1.5716387E+01
    2.6200000E-01    2.6895972E+01    1.5786463E+01
    2.6600000E-01    2.6976884E+01    1.5855631E+01
    2.7000000E-01    2.7057512E+01    1.5923903E+01
    2.7400000E-01    2.7137855E+01    1.5991290E+01
    2.7800000E-01    2.7217914E+01    1.6057801E+01
    2.8200000E-01    2.7297688E+01    1.6123447E+01
    2.8600000E-01    2.7377176E+01    1.6188239E+01
    2.9000000E-01    2.7456379E+01    1.6252186E+01
    2.9400000E-01    2.7535296E+01    1.6315299E+01
    2.9800000E-01    2.7613927E+01    1.6377588E+01
    3.0200000E-01    2.7692272E+01    1.6439063E+01
    3.0600000E-01    2.7770330E+01    1.6499734E+01
    3.1000000E-01    2.7848102E+01    1.6559609E+01
    3.1400000E-01    2.7925586E+01    1.6618700E+01
    3.1800000E-01    2.8002784E+01    1.6677014E+01
    3.2200000E-01    2.8079695E+01    1.6734562E+01
    3.2600000E-01    2.8156318E+01    1.6791354E+01
    3.3000000E-01    2.8232653E+01    1.6847397E+01
    3.3400000E-01    2.8308701E+01    1.6902702E+01
    3.3800000E-01    2.8384462E+01    1.6957276E+01
    3.4200000E-01    2.8459934E+01    1.7011130E+01
    3.4600000E-01    2.8535118E+01    1.7064272E+01
    3.5000000E-01    2.8610014E+01    1.7116710E+01
    3.5400000E-01    2.8684622E+01    1.7168454E+01
    3.5800000E-01    2.8758942E+01    1.7219511E+01
    3.6200000E-01    2.8832973E+01    1.7269891E+01
    3.6600000E-01    2.8906716E+01    1.7319601E+01
    3.7000000E-01    2.8980171E+01    1.7368649E+01
    3.7400000E-01    2.9053337E+01    1.7417045E+01
    3.7800000E-01    2.9126215E+01    1.7464795E+01
    3.8200000E-01    2.9198804E+01    1.7511908E+01
    3.8600000E-01    2.9271104E+01    1.7558392E+01
    3.9000000E-01    2.9343116E+01    1.7604255E+01
    3.9400000E-01    2.9414839E+01    1.7649504E+01
    3.9800000E-01    2.9486274E+01    1.7694147E+01
    4.0200000E-01    2.9557420E+01    1.7738191E+01
    4.0600000E-01    2.9628278E+01    1.7781644E+01
    4.1000000E-01    2.9698848E+01    1.7824513E+01
    4.1400000E-01    2.9769129E+01    1.7866807E+01
    4.1800000E-01    2.9839122E+01    1.7908530E+01
    4.2200000E-01    2.9908827E+01    1.7949692E+01
    4.2600000E-01    2.9978243E+01    1.7990299E+01
    4.3000000E-01    3.0047372E+01    1.8030357E+01
    4.3400000E-01    3.0116212E+01    1.8069875E+01
    4.3800000E-01    3.0184765E+01    1.8108858E+01
    4.4200000E-01    3.0253030E+01    1.8147314E+01
    4.4600000E-01    3.0321008E+01    1.8185248E+01
    4.5000000E-01    3.0388698E+01    1.8222669E+01
    4.5400000E-01    3.0456101E+01    1.8259581E+01
    4.5800000E-01    3.0523217E+01    1.8295992E+01
    4.6200000E-01    3.0590046E+01    1.8331908E+01
    4.6600000E-01    3.0656588E+01    1.8367335E+01
    4.7000000E-01    3.0722843E+01    1.8402280E+01
    4.7400000E-01    3.0788813E+01    1.8436748E+01
    4.7800000E-01    3.0854496E+01    1.8470746E+01
    4.8200000E-01    3.0919893E+01    1.8504280E+01
    4.8600000E-01    3.0985004E+01    1.8537355E+01
    4.9000000E-01    3.1049830E+01    1.8569978E+01
    4.9400000E-01    3.1114371E+01    1.8602154E+01
    4.9800000E-01    3.1178626E+01    1.8633889E+01
    5.0200000E-01    3.1242597E+01    1.8665189E+01
    5.0600000E-01    3.1306284E+01    1.8696059E+01
    5.1000000E-01    3.1369686E+01    1.8726505E+01
    5.1400000E-01    3.1432804E+01    1.8756533E+01
    5.1800000E-01    3.1495639E+01    1.8786147E+01
    5.2200000E-01    3.1558190E+01    1.8815353E+01
    5.2600000E-01    3.1620458E+01    1.8844156E+01
    5.3000000E-01    3.1682443E+01    1.8872562E+01
    5.3400000E-01    3.1744146E+01    1.8900576E+01
    5.3800000E-01    3.1805567E+01    1.8928203E+01
    5.4200000E-01    3.1866707E+01    1.8955447E+01
    5.4600000E-01    3.1927564E+01    1.8982315E+01
    5.5000000E-01    3.1988141E+01    1.9008810E+01
    5.5400000E-01    3.2048437E+01    1.9034937E+01
    5.5800000E-01    3.2108453E+01    1.9060703E+01
    5.6200000E-01    3.2168189E+01    1.9086110E+01
    5.6600000E-01    3.2227646E+01    1.9111164E+01
    5.7000000E-01    3.2286823E+01    1.9135869E+01
    5.7400000E-01    3.2345721E+01    1.9160231E+01
    5.7800000E-01    3.2404342E+01    1.9184253E+01
    5.8200000E-01    3.2462684E+01    1.9207941E+01
    5.8600000E-01    3.2520749E+01    1.9231297E+01
    5.9000000E-01    3.2578536E+01    1.9254328E+01
    5.9400000E-01    3.2636047E+01    1.9277036E+01
    5.9800000E-01    3.2693282E+01    1.9299427E+01
    6.0200000E-01    3.2750241E+01    1.9321505E+01
    6.0600000E-01    3.2806925E+01    1.9343273E+01
    6.1000000E-01    3.2863334E+01    1.9364736E+01
    6.1400000E-01    3.2919469E+01    1.9385898E+01
    6.1800000E-01    3.2975330E+01    1.9406763E+01
    6.2200000E-01    3.3030918E+01    1.9427335E+01
    6.2600000E-01    3.3086232E+01    1.9447617E+01
    6.3000000E-01    3.3141275E+01    1.9467614E+01
    6.3400000E-01    3.3196045E+01    1.9487330E+01
    6.3800000E-01    3.3250544E+01    1.9506767E+01
    6.4200000E-01    3.3304773E+01    1.9525931E+01
    6.4600000E-01    3.3358731E+01    1.9544824E+01
    6.5000000E-01    3.3412419E+01    1.9563450E+01
    6.5400000E-01    3.3465838E+01    1.9581813E+01
    6.5800000E-01    3.3518988E+01    1.9599916E+01
    6.6200000E-01    3.3571871E+01    1.9617763E+01
    6.6600000E-01    3.3624485E+01    1.9635357E+01
    6.7000000E-01    3.3676833E+01    1.9652702E+01
    6.7400000E-01    3.3728914E+01    1.9669801E+01
    6.7800000E-01    3.3780730E+01    1.9686657E+01
    6.8200000E-01    3.3832280E+01    1.9703274E+01
    6.8600000E-01    3.3883565E+01    1.9719655E+01
    6.9000000E-01    3.3934586E+01    1.9735802E+01
    6.9400000E-01    3.3985344E+01    1.9751720E+01
    6.9800000E-01    3.4035839E+01    1.9767411E+01
    7.0200000E-01    3.4086072E+01    1.9782878E+01
    7.0600000E-01    3.4136043E+01    1.9798125E+01
    7.1000000E-01    3.4185753E+01    1.9813154E+01
    7.1400000E-01    3.4235202E+01    1.9827969E+01
    7.1800000E-01    3.4284392E+01    1.9842572E+01
    7.2200000E-01    3.4333323E+01    1.9856966E+01
    7.2600000E-01    3.4381995E+01    1.9871154E+01
    7.3000000E-01    3.4430409E+01    1.9885139E+01
    7.3400000E-01    3.4478566E+01    1.9898924E+01
    7.3800000E-01    3.4526467E+01    1.9912511E+01
    7.4200000E-01    3.4574112E+01    1.9925903E+01
    7.4600000E-01    3.4621501E+01    1.9939103E+01
    7.5000000E-01    3.4668636E+01    1.9952113E+01
    7.5400000E-01    3.4715517E+01    1.9964937E+01
    7.5800000E-01    3.4762145E+01    1.9977575E+01
    7.6200000E-01    3.4808520E+01    1.9990032E+01
    7.6600000E-01    3.4854644E+01    2.0002310E+01
    7.7000000E-01    3.4900516E+01    2.0014411E+01
    7.7400000E-01    3.4946138E+01    2.0026337E+01
    7.7800000E-01    3.4991511E+01    2.0038091E+01
    7.8200000E-01    3.5036634E+01    2.0049676E+01
    7.8600000E-01    3.5081509E+01    2.0061093E+01
    7.9000000E-01    3.5126137E+01    2.0072345E+01
    7.9400000E-01    3.5170517E+01    2.0083435E+01
    7.9800000E-01    3.5214652E+01    2.0094364E+01
    8.0200000E-01    3.5258541E+01    2.0105134E+01
    8.0600000E-01    3.5302185E+01    2.0115749E+01
    8.1000000E-01    3.5345586E+01    2.0126210E+01
    8.1400000E-01    3.5388743E+01    2.0136519E+01
    8.1800000E-01    3.5431658E+01    2.0146679E+01
    8.2200000E-01    3.5474331E+01    2.0156691E+01
    8.2600000E-01    3.5516763E+01    2.0166557E+01
    8.3000000E-01    3.5558955E+01    2.0176281E+01
    8.3400000E-01    3.5600908E+01    2.0185862E+01
    8.3800000E-01    3.5642622E+01    2.0195305E+01
    8.4200000E-01    3.5684098E+01    2.0204609E+01
    8.4600000E-01    3.5725337E+01    2.0213779E+01
    8.5000000E-01    3.5766339E+01    2.0222814E+01
    8.5400000E-01    3.5807106E+01    2.0231718E+01
    8.5800000E-01    3.5847638E+01    2.0240492E+01
    8.6200000E-01    3.5887936E+01    2.0249138E+01
    8.6600000E-01    3.5928001E+01    2.0257657E+01
    8.7000000E-01    3.5967833E+01    2.0266052E+01
    8.7400000E-01    3.6007434E+01    2.0274324E+01
    8.7800000E-01    3.6046803E+01    2.0282475E+01
    8.8200000E-01    3.6085943E+01    2.0290507E+01
    8.8600000E-01    3.6124853E+01    2.0298421E+01
    8.9000000E-01    3.6163535E+01    2.0306219E+01
    8.9400000E-01    3.6201989E+01    2.0313903E+01
    8.9800000E-01    3.6240216E+01    2.0321474E+01
    9.0200000E-01    3.6278217E+01    2.0328934E+01
    9.0600000E-01    3.6315992E+01    2.0336285E+01
    9.1000000E-01    3.6353543E+01    2.0343527E+01
    9.1400000E-01    3.6390871E+01    2.0350663E+01
    9.1800000E-01    3.6427976E+01    2.0357694E+01
    9.2200000E-01    3.6464858E+01    2.0364621E+01
    9.2600000E-01    3.6501519E+01    2.0371447E+01
    9.3000000E-01    3.6537960E+01    2.0378172E+01
    9.3400000E-01    3.6574182E+01    2.0384798E+01
    9.3800000E-01    3.6610184E+01    2.0391326E+01
    9.4200000E-01    3.6645969E+01    2.0397758E+01
    9.4600000E-01    3.6681536E+01    2.0404095E+01
    9.5000000E-01    3.6716888E+01    2.0410339E+01
    9.5400000E-01    3.6752023E+01    2.0416490E+01
    9.5800000E-01    3.6786944E+01    2.0422550E+01
    9.6200000E-01    3.6821652E+01    2.0428521E+01
    9.6600000E-01    3.6856146E+01    2.0434403E+01
    9.7000000E-01    3.6890428E+01    2.0440198E+01
    9.7400000E-01    3.6924499E+01    2.0445908E+01
    9.7800000E-01    3.6958360E+01    2.0451533E+01
    9.8200000E-01    3.6992011E+01    2.0457075E+01
    9.8600000E-01    3.7025453E+01    2.0462534E+01
    9.9000000E-01    3.7058687E+01    2.0467912E+01
    9.9400000E-01    3.7091715E+01    2.0473211E+01
    9.9800000E-01    3.7124536E+01    2.0478431E+01
    1.0020000E+00    3.7157151E+01    2.0483574E+01
    1.0060000E+00    3.7189562E+01    2.0488640E+01
    1.0100000E+00    3.7221770E+01    2.0493630E+01
    1.0140000E+00    3.7253774E+01    2.0498547E+01
    1.0180000E+00    3.7285577E+01    2.0503390E+01
    1.0220000E+00    3.7317178E+01    2.0508161E+01
    1.0260000E+00    3.7348579E+01    2.0512862E+01
    1.0300000E+00    3.7379781E+01    2.0517492E+01
    1.0340000E+00    3.7410784E+01    2.0522053E+01
    1.0380000E+00    3.7441589E+01    2.0526546E+01
    1.0420000E+00    3.7472197E+01    2.0530972E+01
    1.0460000E+00    3.7502610E+01    2.0535333E+01
    1.0500000E+00    3.7532827E+01    2.0539628E+01
    1.0540000E+00    3.7562849E+01    2.0543859E+01
    1.0580000E+00    3.7592679E+01    2.0548026E+01
    1.0620000E+00    3.7622316E+01    2.0552132E+01
    1.0660000E+00    3.7651760E+01    2.0556176E+01
    1.0700000E+00    3.7681014E+01    2.0560159E+01
    1.0740000E+00    3.7710078E+01    2.0564083E+01
    1.0780000E+00    3.7738953E+01    2.0567948E+01
    1.0820000E+00    3.7767639E+01    2.0571756E+01
    1.0860000E+00    3.7796138E+01    2.0575506E+01
    1.0900000E+00    3.7824450E+01    2.0579200E+01
    1.0940000E+00    3.7852577E+01    2.0582839E+01
    1.0980000E+00    3.7880518E+01    2.0586423E+01
    1.1020000E+00    3.7908275E+01    2.0589953E+01
    1.1060000E+00    3.7935849E+01    2.0593431E+01
    1.1100000E+00    3.7963241E+01    2.0596856E+01
    1.1140000E+00    3.7990451E+01    2.0600229E+01
    1.1180000E+00    3.8017481E+01    2.0603553E+01
    1.1220000E+00    3.8044330E+01    2.0606826E+01
    1.1260000E+00    3.8071001E+01    2.0610049E+01
    1.1300000E+00    3.8097493E+01    2.0613225E+01
    1.1340000E+00    3.8123808E+01    2.0616352E+01
    1.1380000E+00    3.8149947E+01    2.0619433E+01
    1.1420000E+00    3.8175910E+01    2.0622467E+01
    1.1460000E+00    3.8201699E+01    2.0625455E+01
    1.1500000E+00    3.8227313E+01    2.0628399E+01
    1.1540000E+00    3.8252754E+01    2.0631298E+01
    1.1580000E+00    3.8278024E+01    2.0634153E+01
    1.1620000E+00    3.8303121E+01    2.0636965E+01
    1.1660000E+00    3.8328049E+01    2.0639735E+01
    1.1700000E+00    3.8352806E+01    2.0642463E+01
    1.1740000E+00    3.8377395E+01    2.0645150E+01
    1.1780000E+00    3.8401816E+01    2.0647796E+01
    1.1820000E+00    3.8426069E+01    2.0650402E+01
    1.1860000E+00    3.8450157E+01    2.0652969E+01
    1.1900000E+00    3.8474078E+01    2.0655497E+01
    1.1940000E+00    3.8497835E+01    2.0657987E+01
    1.1980000E+00    3.8521429E+01    2.0660439E+01
    1.2020000E+00    3.8544859E+01    2.0662854E+01
    1.2060000E+00    3.8568127E+01    2.0665233E+01
    1.2100000E+00    3.8591234E+01    2.0667575E+01
    1.2140000E+00    3.8614180E+01    2.0669882E+01
    1.2180000E+00    3.8636967E+01    2.0672154E+01
    1.2220000E+00    3.8659595E+01    2.0674392E+01
    1.2260000E+00    3.8682065E+01    2.0676596E+01
    1.2300000E+00    3.8704377E+01    2.0678766E+01
    1.2340000E+00    3.8726533E+01    2.0680903E+01
    1.2380000E+00    3.8748534E+01    2.0683008E+01
    1.2420000E+00    3.8770380E+01    2.0685081E+01
    1.2460000E+00    3.8792072E+01    2.0687122E+01
    1.2500000E+00    3.8813611E+01    2.0689133E+01
    1.2540000E+00    3.8834998E+01    2.0691113E+01
    1.2580000E+00    3.8856233E+01    2.0693063E+01
    1.2620000E+00    3.8877317E+01    2.0694983E+01
    1.2660000E+00    3.8898252E+01    2.0696874E+01
    1.2700000E+00    3.8919038E+01    2.0698736E+01
    1.2740000E+00    3.8939675E+01    2.0700570E+01
    1.2780000E+00    3.8960165E+01    2.0702376E+01
    1.2820000E+00    3.8980509E+01    2.0704154E+01
    1.2860000E+00    3.9000706E+01    2.0705906E+01
    1.2900000E+00    3.9020759E+01    2.0707630E+01
    1.2940000E+00    3.9040667E+01    2.0709329E+01
    1.2980000E+00    3.9060432E+01    2.0711001E+01
    1.3020000E+00    3.9080054E+01    2.0712649E+01
    1.3060000E+00    3.9099535E+01    2.0714271E+01
    1.3100000E+00    3.9118874E+01    2.0715868E+01
    1.3140000E+00    3.9138073E+01    2.0717441E+01
    1.3180000E+00    3.9157133E+01    2.0718989E+01
    1.3220000E+00    3.9176053E+01    2.0720515E+01
    1.3260000E+00    3.9194836E+01    2.0722017E+01
    1.3300000E+00    3.9213482E+01    2.0723496E+01
    1.3340000E+00    3.9231992E+01    2.0724952E+01
    1.3380000E+00    3.9250366E+01    2.0726386E+01
    1.3420000E+00    3.9268605E+01    2.0727798E+01
    1.3460000E+00    3.9286710E+01    2.0729189E+01
    1.3500000E+00    3.9304682E+01    2.0730558E+01
    1.3540000E+00    3.9322521E+01    2.0731907E+01
    1.3580000E+00    3.9340228E+01    2.0733234E+01
    1.3620000E+00    3.9357805E+01    2.0734542E+01
    1.3660000E+00    3.9375251E+01    2.0735829E+01
    1.3700000E+00    3.9392568E+01    2.0737097E+01
    1.3740000E+00    3.9409756E+01    2.0738346E+01
    1.3780000E+00    3.9426816E+01    2.0739575E+01
    1.3820000E+00    3.9443749E+01    2.0740785E+01
    1.3860000E+00    3.9460556E+01    2.0741977E+01
    1.3900000E+00    3.9477237E+01    2.0743151E+01
    1.3940000E+00    3.9493793E+01    2.0744306E+01
    1.3980000E+00    3.9510224E+01    2.0745444E+01
    1.4020000E+00    3.9526532E+01    2.0746564E+01
    1.4060000E+00    3.9542718E+01    2.0747668E+01
    1.4100000E+00    3.9558781E+01    2.0748754E+01
    1.4140000E+00    3.9574723E+01    2.0749824E+01
    1.4180000E+00    3.9590545E+01    2.0750877E+01
    1.4220000E+00    3.9606247E+01    2.0751914E+01
    1.4260000E+00    3.9621829E+01    2.0752935E+01
    1.4300000E+00    3.9637294E+01    2.0753940E+01
    1.4340000E+00    3.9652640E+01    2.0754930E+01
    1.4380000E+00    3.9667870E+01    2.0755905E+01
    1.4420000E+00    3.9682984E+01    2.0756865E+01
    1.4460000E+00    3.9697982E+01    2.0757810E+01
    1.4500000E+00    3.9712865E+01    2.0758740E+01
    1.4540000E+00    3.9727634E+01    2.0759656E+01
    1.4580000E+00    3.9742289E+01    2.0760558E+01
    1.4620000E+00    3.9756832E+01    2.0761447E+01
    1.4660000E+00    3.9771263E+01    2.0762321E+01
    1.4700000E+00    3.9785583E+01    2.0763182E+01
    1.4740000E+00    3.9799792E+01    2.0764030E+01
    1.4780000E+00    3.9813891E+01    2.0764865E+01
    1.4820000E+00    3.9827881E+01    2.0765687E+01
    1.4860000E+00    3.9841763E+01    2.0766496E+01
    1.4900000E+00    3.9855536E+01    2.0767293E+01
    1.4940000E+00    3.9869203E+01    2.0768077E+01
    1.4980000E+00    3.9882763E+01    2.0768849E+01
    1.5020000E+00    3.9896217E+01    2.0769610E+01
    1.5060000E+00    3.9909566E+01    2.0770359E+01
    1.5100000E+00    3.9922810E+01    2.0771096E+01
    1.5140000E+00    3.9935951E+01    2.0771822E+01
    1.5180000E+00    3.9948988E+01    2.0772536E+01
    1.5220000E+00    3.9961923E+01    2.0773240E+01
    1.5260000E+00    3.9974757E+01    2.0773933E+01
    1.5300000E+00    3.9987489E+01    2.0774615E+01
    1.5340000E+00    4.0000120E+01    2.0775286E+01
    1.5380000E+00    4.0012652E+01    2.0775947E+01
    1.5420000E+00    4.0025084E+01    2.0776598E+01
    1.5460000E+00    4.0037418E+01    2.0777239E+01
    1.5500000E+00    4.0049654E+01    2.0777870E+01
    1.5540000E+00    4.0061793E+01    2.0778491E+01
    1.5580000E+00    4.0073835E+01    2.0779103E+01
    1.5620000E+00    4.0085781E+01    2.0779705E+01
    1.5660000E+00    4.0097632E+01    2.0780298E+01
    1.5700000E+00    4.0109388E+01    2.0780882E+01
    1.5740000E+00    4.0121050E+01    2.0781456E+01
    1.5780000E+00    4.0132618E+01    2.0782022E+01
    1.5820000E+00    4.0144093E+01    2.0782579E+01
    1.5860000E+00    4.0155477E+01    2.0783127E+01
    1.5900000E+00    4.0166768E+01    2.0783667E+01
    1.5940000E+00    4.0177969E+01    2.0784199E+01
    1.5980000E+00    4.0189079E+01    2.0784722E+01
    1.6020000E+00    4.0200099E+01    2.0785237E+01
    1.6060000E+00    4.0211030E+01    2.0785744E+01
    1.6100000E+00    4.0221873E+01    2.0786244E+01
    1.6140000E+00    4.0232627E+01    2.0786735E+01
    1.6180000E+00    4.0243294E+01    2.0787219E+01
    1.6220000E+00    4.0253874E+01    2.0787696E+01
    1.6260000E+00    4.0264368E+01    2.0788165E+01
    1.6300000E+00    4.0274777E+01    2.0788627E+01
    1.6340000E+00    4.0285100E+01    2.0789082E+01
    1.6380000E+00    4.0295339E+01    2.0789529E+01
    1.6420000E+00    4.0305494E+01    2.0789970E+01
    1.6460000E+00    4.0315565E+01    2.0790404E+01
    1.6500000E+00    4.0325554E+01    2.0790831E+01
    1.6540000E+00    4.0335461E+01    2.0791251E+01
    1.6580000E+00    4.0345286E+01    2.0791665E+01
    1.6620000E+00    4.0355030E+01    2.0792073E+01
    1.6660000E+00    4.0364694E+01    2.0792474E+01
    1.6700000E+00    4.0374277E+01    2.0792869E+01
    1.6740000E+00    4.0383782E+01    2.0793258E+01
    1.6780000E+00    4.0393207E+01    2.0793641E+01
    1.6820000E+00    4.0402555E+01    2.0794017E+01
    1.6860000E+00    4.0411824E+01    2.0794388E+01
    1.6900000E+00    4.0421016E+01    2.0794754E+01
    1.6940000E+00    4.0430132E+01    2.0795113E+01
    1.6980000E+00    4.0439172E+01    2.0795467E+01
    1.7020000E+00    4.0448136E+01    2.0795816E+01
    1.7060000E+00    4.0457025E+01    2.0796159E+01
    1.7100000E+00    4.0465840E+01    2.0796496E+01
    1.7140000E+00    4.0474581E+01    2.0796829E+01
    1.7180000E+00    4.0483248E+01    2.0797156E+01
    1.7220000E+00    4.0491842E+01    2.0797478E+01
    1.7260000E+00    4.0500364E+01    2.0797796E+01
    1.7300000E+00    4.0508815E+01    2.0798108E+01
    1.7340000E+00    4.0517193E+01    2.0798415E+01
    1.7380000E+00    4.0525501E+01    2.0798718E+01
    1.7420000E+00    4.0533739E+01    2.0799016E+01
    1.7460000E+00    4.0541907E+01    2.0799309E+01
    1.7500000E+00    4.0550006E+01    2.0799598E+01
    1.7540000E+00    4.0558035E+01    2.0799882E+01
    1.7580000E+00    4.0565997E+01    2.0800161E+01
    1.7620000E+00    4.0573891E+01    2.0800437E+01
    1.7660000E+00    4.0581717E+01    2.0800708E+01
    1.7700000E+00    4.0589477E+01    2.0800975E+01
    1.7740000E+00    4.0597170E+01    2.0801238E+01
    1.7780000E+00    4.0604797E+01    2.0801496E+01
    1.7820000E+00    4.0612359E+01    2.0801751E+01
    1.7860000E+00    4.0619856E+01    2.0802001E+01
    1.7900000E+00    4.0627289E+01    2.0802248E+01
    1.7940000E+00    4.0634658E+01    2.0802491E+01
    1.7980000E+00    4.0641963E+01    2.0802730E+01
    1.8020000E+00    4.0649206E+01    2.0802965E+01
    1.8060000E+00    4.0656386E+01    2.0803197E+01
    1.8100000E+00    4.0663503E+01    2.0803425E+01
    1.8140000E+00    4.0670559E+01    2.0803650E+01
    1.8180000E+00    4.0677555E+01    2.0803871E+01
    1.8220000E+00    4.0684489E+01    2.0804088E+01
    1.8260000E+00    4.0691363E+01    2.0804302E+01
    1.8300000E+00    4.0698177E+01    2.0804513E+01
    1.8340000E+00    4.0704932E+01    2.0804721E+01
    1.8380000E+00    4.0711629E+01    2.0804925E+01
    1.8420000E+00    4.0718266E+01    2.0805126E+01
    1.8460000E+00    4.0724846E+01    2.0805324E+01
    1.8500000E+00    4.0731368E+01    2.0805519E+01
    1.8540000E+00    4.0737833E+01    2.0805711E+01
    1.8580000E+00    4.0744242E+01    2.0805899E+01
    1.8620000E+00    4.0750594E+01    2.0806085E+01
    1.8660000E+00    4.0756890E+01    2.0806268E+01
    1.8700000E+00    4.0763131E+01    2.0806448E+01
    1.8740000E+00    4.0769317E+01    2.0806626E+01
    1.8780000E+00    4.0775448E+01    2.0806800E+01
    1.8820000E+00    4.0781525E+01    2.0806972E+01
    1.8860000E+00    4.0787549E+01    2.0807141E+01
    1.8900000E+00    4.0793519E+01    2.0807307E+01
    1.8940000E+00    4.0799436E+01    2.0807471E+01
    1.8980000E+00    4.0805301E+01    2.0807633E+01
    1.9020000E+00    4.0811114E+01    2.0807791E+01
    1.9060000E+00    4.0816875E+01    2.0807948E+01
    1.9100000E+00    4.0822584E+01    2.0808101E+01
    1.9140000E+00    4.0828243E+01    2.0808253E+01
    1.9180000E+00    4.0833851E+01    2.0808402E+01
    1.9220000E+00    4.0839410E+01    2.0808549E+01
    1.9260000E+00    4.0844918E+01    2.0808693E+01
    1.9300000E+00    4.0850377E+01    2.0808835E+01
    1.9340000E+00    4.0855787E+01    2.0808975E+01
    1.9380000E+00    4.0861149E+01    2.0809113E+01
    1.9420000E+00    4.0866463E+01    2.0809248E+01
    1.9460000E+00    4.0871728E+01    2.0809382E+01
    1.9500000E+00    4.0876947E+01    2.0809513E+01
    1.9540000E+00    4.0882118E+01    2.0809642E+01
    1.9580000E+00    4.0887242E+01    2.0809770E+01
    1.9620000E+00    4.0892321E+01    2.0809895E+01
    1.9660000E+00    4.0897353E+01    2.0810018E+01
    1.9700000E+00    4.0902340E+01    2.0810140E+01
    1.9740000E+00    4.0907281E+01    2.0810259E+01
    1.9780000E+00    4.0912178E+01    2.0810377E+01
    1.9820000E+00    4.0917030E+01    2.0810492E+01
    1.9860000E+00    4.0921838E+01    2.0810606E+01
    1.9900000E+00    4.0926603E+01    2.0810718E+01
    1.9940000E+00    4.0931323E+01    2.0810829E+01
    1.9980000E+00    4.0936001E+01    2.0810938E+01
    2.0020000E+00    4.0940636E+01    2.0811044E+01
    2.0060000E+00    4.0945229E+01    2.0811150E+01
    2.0100000E+00    4.0949779E+01    2.0811253E+01
    2.0140000E+00    4.0954288E+01    2.0811355E+01
    2.0180000E+00    4.0958756E+01    2.0811456E+01
    2.0220000E+00    4.0963182E+01    2.0811555E+01
    2.0260000E+00    4.0967568E+01    2.0811652E+01
    2.0300000E+00    4.0971913E+01    2.0811748E+01
    2.0340000E+00    4.0976219E+01    2.0811842E+01
    2.0380000E+00    4.0980484E+01    2.0811934E+01
    2.0420000E+00    4.0984710E+01    2.0812026E+01
    2.0460000E+00    4.0988897E+01    2.0812116E+01
    2.0500000E+00    4.0993046E+01    2.0812204E+01
    2.0540000E+00    4.0997156E+01    2.0812291E+01
    2.0580000E+00    4.1001227E+01    2.0812377E+01
    2.0620000E+00    4.1005261E+01    2.0812461E+01
    2.0660000E+00    4.1009258E+01    2.0812544E+01
    2.0700000E+00    4.1013217E+01    2.0812626E+01
    2.0740000E+00    4.1017139E+01    2.0812706E+01
    2.0780000E+00    4.1021025E+01    2.0812785E+01
    2.0820000E+00    4.1024875E+01    2.0812863E+01
    2.0860000E+00    4.1028688E+01    2.0812940E+01
    2.0900000E+00    4.1032466E+01    2.0813015E+01
    2.0940000E+00    4.1036208E+01    2.0813090E+01
    2.0980000E+00    4.1039916E+01    2.0813163E+01
    2.1020000E+00    4.1043588E+01    2.0813235E+01
    2.1060000E+00    4.1047226E+01    2.0813306E+01
    2.1100000E+00    4.1050830E+01    2.0813375E+01
    2.1140000E+00    4.1054400E+01    2.0813444E+01
    2.1180000E+00    4.1057936E+01    2.0813512E+01
    2.1220000E+00    4.1061439E+01    2.0813578E+01
    2.1260000E+00    4.1064909E+01    2.0813643E+01
    2.1300000E+00    4.1068346E+01    2.0813708E+01
    2.1340000E+00    4.1071750E+01    2.0813771E+01
    2.1380000E+00    4.1075122E+01    2.0813834E+01
    2.1420000E+00    4.1078462E+01    2.0813895E+01
    2.1460000E+00    4.1081771E+01    2.0813955E+01
    2.1500000E+00    4.1085048E+01    2.0814015E+01
    2.1540000E+00    4.1088294E+01    2.0814073E+01
    2.1580000E+00    4.1091508E+01    2.0814131E+01
    2.1620000E+00    4.1094693E+01    2.0814188E+01
    2.1660000E+00    4.1097847E+01    2.0814244E+01
    2.1700000E+00    4.1100970E+01    2.0814298E+01
    2.1740000E+00    4.1104064E+01    2.0814353E+01
    2.1780000E+00    4.1107128E+01    2.0814406E+01
    2.1820000E+00    4.1110163E+01    2.0814458E+01
    2.1860000E+00    4.1113169E+01    2.0814510E+01
    2.1900000E+00    4.1116146E+01    2.0814560E+01
    2.1940000E+00    4.1119094E+01    2.0814610E+01
    2.1980000E+00    4.1122014E+01    2.0814659E+01
    2.2020000E+00    4.1124906E+01    2.0814708E+01
    2.2060000E+00    4.1127769E+01    2.0814755E+01
    2.2100000E+00    4.1130606E+01    2.0814802E+01
    2.2140000E+00    4.1133414E+01    2.0814848E+01
    2.2180000E+00    4.1136196E+01    2.0814894E+01
    2.2220000E+00    4.1138951E+01    2.0814938E+01
    2.2260000E+00    4.1141679E+01    2.0814982E+01
    2.2300000E+00    4.1144380E+01    2.0815026E+01
    2.2340000E+00    4.1147056E+01    2.0815068E+01
    2.2380000E+00    4.1149705E+01    2.0815110E+01
    2.2420000E+00    4.1152328E+01    2.0815151E+01
    2.2460000E+00    4.1154926E+01    2.0815192E+01
    2.2500000E+00    4.1157499E+01    2.0815232E+01
    2.2540000E+00    4.1160047E+01    2.0815271E+01
    2.2580000E+00    4.1162569E+01    2.0815310E+01
    2.2620000E+00    4.1165067E+01    2.0815348E+01
    2.2660000E+00    4.1167541E+01    2.0815385E+01
    2.2700000E+00    4.1169990E+01    2.0815422E+01
    2.2740000E+00    4.1172415E+01    2.0815459E+01
    2.2780000E+00    4.1174817E+01    2.0815494E+01
    2.2820000E+00    4.1177194E+01    2.0815530E+01
    2.2860000E+00    4.1179549E+01    2.0815564E+01
    2.2900000E+00    4.1181880E+01    2.0815598E+01
    2.2940000E+00    4.1184188E+01    2.0815632E+01
    2.2980000E+00    4.1186474E+01    2.0815665E+01
    2.3020000E+00    4.1188737E+01    2.0815697E+01
    2.3060000E+00    4.1190977E+01    2.0815729E+01
    2.3100000E+00    4.1193196E+01    2.0815761E+01
    2.3140000E+00    4.1195392E+01    2.0815791E+01
    2.3180000E+00    4.1197567E+01    2.0815822E+01
    2.3220000E+00    4.1199720E+01    2.0815852E+01
    2.3260000E+00    4.1201852E+01    2.0815881E+01
    2.3300000E+00    4.1203962E+01    2.0815910E+01
    2.3340000E+00    4.1206052E+01    2.0815939E+01
    2.3380000E+00    4.1208120E+01    2.0815967E+01
    2.3420000E+00    4.1210168E+01    2.0815995E+01
    2.3460000E+00    4.1212196E+01    2.0816022E+01
    2.3500000E+00    4.1214203E+01    2.0816049E+01
    2.3540000E+00    4.1216190E+01    2.0816075E+01
    2.3580000E+00    4.1218158E+01    2.0816101E+01
    2.3620000E+00    4.1220105E+01    2.0816127E+01
    2.3660000E+00    4.1222033E+01    2.0816152E+01
    2.3700000E+00    4.1223942E+01    2.0816177E+01
    2.3740000E+00    4.1225832E+01    2.0816201E+01
    2.3780000E+00    4.1227702E+01    2.0816225E+01
    2.3820000E+00    4.1229554E+01    2.0816248E+01
    2.3860000E+00    4.1231387E+01    2.0816272E+01
    2.3900000E+00    4.1233201E+01    2.0816294E+01
    2.3940000E+00    4.1234998E+01    2.0816317E+01
    2.3980000E+00    4.1236776E+01    2.0816339E+01
    2.4020000E+00    4.1238536E+01    2.0816361E+01
    2.4060000E+00    4.1240278E+01    2.0816382E+01
    2.4100000E+00    4.1242003E+01    2.0816403E+01
    2.4140000E+00    4.1243710E+01    2.0816424E+01
    2.4180000E+00    4.1245400E+01    2.0816444E+01
    2.4220000E+00    4.1247072E+01    2.0816464E+01
    2.4260000E+00    4.1248728E+01    2.0816484E+01
    2.4300000E+00    4.1250367E+01    2.0816504E+01
    2.4340000E+00    4.1251989E+01    2.0816523E+01
    2.4380000E+00    4.1253594E+01    2.0816542E+01
    2.4420000E+00    4.1255183E+01    2.0816560E+01
    2.4460000E+00    4.1256756E+01    2.0816578E+01
    2.4500000E+00    4.1258313E+01    2.0816596E+01
    2.4540000E+00    4.1259854E+01    2.0816614E+01
    2.4580000E+00    4.1261379E+01    2.0816631E+01
    2.4620000E+00    4.1262888E+01    2.0816648E+01
    2.4660000E+00    4.1264382E+01    2.0816665E+01
    2.4700000E+00    4.1265860E+01    2.0816682E+01
    2.4740000E+00    4.1267324E+01    2.0816698E+01
    2.4780000E+00    4.1268772E+01    2.0816714E+01
    2.4820000E+00    4.1270205E+01    2.0816730E+01
    2.4860000E+00    4.1271624E+01    2.0816746E+01
    2.4900000E+00    4.1273028E+01    2.0816761E+01
    2.4940000E+00    4.1274417E+01    2.0816776E+01
    2.4980000E+00    4.1275792E+01    2.0816791E+01
    2.5020000E+00    4.1277153E+01    2.0816805E+01
    2.5060000E+00    4.1278499E+01    2.0816820E+01
    2.5100000E+00    4.1279832E+01    2.0816834E+01
    2.5140000E+00    4.1281151E+01    2.0816848E+01
    2.5180000E+00    4.1282456E+01    2.0816861E+01
    2.5220000E+00    4.1283748E+01    2.0816875E+01
    2.5260000E+00    4.1285026E+01    2.0816888E+01
    2.5300000E+00    4.1286291E+01    2.0816901E+01
    2.5340000E+00    4.1287542E+01    2.0816914E+01
    2.5380000E+00    4.1288781E+01    2.0816926E+01
    2.5420000E+00    4.1290006E+01    2.0816939E+01
    2.5460000E+00    4.1291219E+01    2.0816951E+01
    2.5500000E+00    4.1292419E+01    2.0816963E+01
    2.5540000E+00    4.1293607E+01    2.0816975E+01
    2.5580000E+00    4.1294782E+01    2.0816986E+01
    2.5620000E+00    4.1295945E+01    2.0816998E+01
    2.5660000E+00    4.1297095E+01    2.0817009E+01
    2.5700000E+00    4.1298233E+01    2.0817020E+01
    2.5740000E+00    4.1299360E+01    2.0817031E+01
    2.5780000E+00    4.1300474E+01    2.0817042E+01
    2.5820000E+00    4.1301577E+01    2.0817052E+01
    2.5860000E+00    4.1302668E+01    2.0817063E+01
    2.5900000E+00    4.1303748E+01    2.0817073E+01
    2.5940000E+00    4.1304816E+01    2.0817083E+01
    2.5980000E+00    4.1305873E+01    2.0817093E+01
    2.6020000E+00    4.1306919E+01    2.0817102E+01
    2.6060000E+00    4.1307954E+01    2.0817112E+01
    2.6100000E+00    4.1308977E+01    2.0817121E+01
    2.6140000E+00    4.1309990E+01    2.0817131E+01
    2.6180000E+00    4.1310992E+01    2.0817140E+01
    2.6220000E+00    4.1311984E+01    2.0817149E+01
    2.6260000E+00    4.1312965E+01    2.0817158E+01
    2.6300000E+00    4.1313935E+01    2.0817166E+01
    2.6340000E+00    4.1314895E+01    2.0817175E+01
    2.6380000E+00    4.1315845E+01    2.0817183E+01
    2.6420000E+00    4.1316784E+01    2.0817192E+01
    2.6460000E+00    4.1317714E+01    2.0817200E+01
    2.6500000E+00    4.1318634E+01    2.0817208E+01
    2.6540000E+00    4.1319543E+01    2.0817216E+01
    2.6580000E+00    4.1320443E+01    2.0817223E+01
    2.6620000E+00    4.1321334E+01    2.0817231E+01
    2.6660000E+00    4.1322215E+01    2.0817238E+01
    2.6700000E+00    4.1323086E+01    2.0817246E+01
    2.6740000E+00    4.1323948E+01    2.0817253E+01
    2.6780000E+00    4.1324801E+01    2.0817260E+01
    2.6820000E+00    4.1325644E+01    2.0817267E+01
    2.6860000E+00    4.1326479E+01    2.0817274E+01
    2.6900000E+00    4.1327304E+01    2.0817281E+01
    2.6940000E+00    4.1328121E+01    2.0817288E+01
    2.6980000E+00    4.1328928E+01    2.0817294E+01
    2.7020000E+00    4.1329727E+01    2.0817301E+01
    2.7060000E+00    4.1330517E+01    2.0817307E+01
    2.7100000E+00    4.1331299E+01    2.0817313E+01
    2.7140000E+00    4.1332072E+01    2.0817320E+01
    2.7180000E+00    4.1332837E+01    2.0817326E+01
    2.7220000E+00    4.1333594E+01    2.0817332E+01
    2.7260000E+00    4.1334342E+01    2.0817338E+01
    2.7300000E+00    4.1335082E+01    2.0817343E+01
    2.7340000E+00    4.1335814E+01    2.0817349E+01
    2.7380000E+00    4.1336538E+01    2.0817355E+01
    2.7420000E+00    4.1337254E+01    2.0817360E+01
    2.7460000E+00    4.1337962E+01    2.0817366E+01
    2.7500000E+00    4.1338663E+01    2.0817371E+01
    2.7540000E+00    4.1339356E+01    2.0817376E+01
    2.7580000E+00    4.1340041E+01    2.0817381E+01
    2.7620000E+00    4.1340719E+01    2.0817386E+01
    2.7660000E+00    4.1341389E+01    2.0817391E+01
    2.7700000E+00    4.1342052E+01    2.0817396E+01
    2.7740000E+00    4.1342708E+01    2.0817401E+01
    2.7780000E+00    4.1343357E+01    2.0817406E+01
    2.7820000E+00    4.1343998E+01    2.0817411E+01
    2.7860000E+00    4.1344632E+01    2.0817415E+01
    2.7900000E+00    4.1345260E+01    2.0817420E+01
    2.7940000E+00    4.1345880E+01    2.0817424E+01
    2.7980000E+00    4.1346493E+01    2.0817429E+01
    2.8020000E+00    4.1347100E+01    2.0817433E+01
    2.8060000E+00    4.1347700E+01    2.0817437E+01
    2.8100000E+00    4.1348294E+01    2.0817441E+01
    2.8140000E+00    4.1348880E+01    2.0817445E+01
    2.8180000E+00    4.1349461E+01    2.0817450E+01
    2.8220000E+00    4.1350034E+01    2.0817453E+01
    2.8260000E+00    4.1350602E+01    2.0817457E+01
    2.8300000E+00    4.1351163E+01    2.0817461E+01
    2.8340000E+00    4.1351718E+01    2.0817465E+01
    2.8380000E+00    4.1352267E+01    2.0817469E+01
    2.8420000E+00    4.1352809E+01    2.0817472E+01
    2.8460000E+00    4.1353346E+01    2.0817476E+01
    2.8500000E+00    4.1353876E+01    2.0817480E+01
    2.8540000E+00    4.1354401E+01    2.0817483E+01
    2.8580000E+00    4.1354920E+01    2.0817487E+01
    2.8620000E+00    4.1355433E+01    2.0817490E+01
    2.8660000E+00    4.1355940E+01    2.0817493E+01
    2.8700000E+00    4.1356441E+01    2.0817496E+01
    2.8740000E+00    4.1356937E+01    2.0817500E+01
    2.8780000E+00    4.1357427E+01    2.0817503E+01
    2.8820000E+00    4.1357912E+01    2.0817506E+01
    2.8860000E+00    4.1358391E+01    2.0817509E+01
    2.8900000E+00    4.1358865E+01    2.0817512E+01
    2.8940000E+00    4.1359334E+01    2.0817515E+01
    2.8980000E+00    4.1359797E+01    2.0817518E+01
    2.9020000E+00    4.1360255E+01    2.0817521E+01
    2.9060000E+00    4.1360708E+01    2.0817524E+01
    2.9100000E+00    4.1361156E+01    2.0817526E+01
    2.9140000E+00    4.1361598E+01    2.0817529E+01
    2.9180000E+00    4.1362036E+01    2.0817532E+01
    2.9220000E+00    4.1362469E+01    2.0817534E+01
    2.9260000E+00    4.1362897E+01    2.0817537E+01
    2.9300000E+00    4.1363320E+01    2.0817540E+01
    2.9340000E+00    4.1363738E+01    2.0817542E+01
    2.9380000E+00    4.1364151E+01    2.0817545E+01
    2.9420000E+00    4.1364560E+01    2.0817547E+01
    2.9460000E+00    4.1364964E+01    2.0817549E+01
    2.9500000E+00    4.1365363E+01    2.0817552E+01
    2.9540000E+00    4.1365758E+01    2.0817554E+01
    2.9580000E+00    4.1366148E+01    2.0817556E+01
    2.9620000E+00    4.1366534E+01    2.0817559E+01
    2.9660000E+00    4.1366915E+01    2.0817561E+01
    2.9700000E+00    4.1367292E+01    2.0817563E+01
    2.9740000E+00    4.1367665E+01    2.0817565E+01
    2.9780000E+00    4.1368034E+01    2.0817567E+01
    2.9820000E+00    4.1368398E+01    2.0817569E+01
    2.9860000E+00    4.1368758E+01    2.0817571E+01
    2.9900000E+00    4.1369114E+01    2.0817573E+01
    2.9940000E+00    4.1369466E+01    2.0817575E+01
    2.9980000E+00    4.1369813E+01    2.0817577E+01
    3.0020000E+00    4.1370157E+01    2.0817579E+01
    3.0060000E+00    4.1370497E+01    2.0817581E+01
    3.0100000E+00    4.1370833E+01    2.0817583E+01
    3.0140000E+00    4.1371165E+01    2.0817585E+01
    3.0180000E+00    4.1371493E+01    2.0817586E+01
    3.0220000E+00    4.1371817E+01    2.0817588E+01
    3.0260000E+00    4.1372138E+01    2.0817590E+01
    3.0300000E+00    4.1372454E+01    2.0817591E+01
    3.0340000E+00    4.1372768E+01    2.0817593E+01
    3.0380000E+00    4.1373077E+01    2.0817595E+01
    3.0420000E+00    4.1373383E+01    2.0817596E+01
    3.0460000E+00    4.1373685E+01    2.0817598E+01
    3.0500000E+00    4.1373984E+01    2.0817599E+01
    3.0540000E+00    4.1374279E+01    2.0817601E+01
    3.0580000E+00    4.1374571E+01    2.0817603E+01
    3.0620000E+00    4.1374860E+01    2.0817604E+01
    3.0660000E+00    4.1375145E+01    2.0817605E+01
    3.0700000E+00    4.1375427E+01    2.0817607E+01
    3.0740000E+00    4.1375705E+01    2.0817608E+01
    3.0780000E+00    4.1375980E+01    2.0817610E+01
    3.0820000E+00    4.1376252E+01    2.0817611E+01
    3.0860000E+00    4.1376521E+01    2.0817612E+01
    3.0900000E+00    4.1376787E+01    2.0817614E+01
    3.0940000E+00    4.1377049E+01    2.0817615E+01
    3.0980000E+00    4.1377309E+01    2.0817616E+01
    3.1020000E+00    4.1377565E+01    2.0817618E+01
    3.1060000E+00    4.1377818E+01    2.0817619E+01
    3.1100000E+00    4.1378068E+01    2.0817620E+01
    3.1140000E+00    4.1378316E+01    2.0817621E+01
    3.1180000E+00    4.1378560E+01    2.0817622E+01
    3.1220000E+00    4.1378802E+01    2.0817623E+01
    3.1260000E+00    4.1379041E+01    2.0817625E+01
    3.1300000E+00    4.1379276E+01    2.0817626E+01
    3.1340000E+00    4.1379509E+01    2.0817627E+01
    3.1380000E+00    4.1379740E+01    2.0817628E+01
    3.1420000E+00    4.1379967E+01    2.0817629E+01
    3.1460000E+00    4.1380192E+01    2.0817630E+01
    3.1500000E+00    4.1380414E+01    2.0817631E+01
    3.1540000E+00    4.1380634E+01    2.0817632E+01
    3.1580000E+00    4.1380851E+01    2.0817633E+01
    3.1620000E+00    4.1381065E+01    2.0817634E+01
    3.1660000E+00    4.1381277E+01    2.0817635E+01
    3.1700000E+00    4.1381486E+01    2.0817636E+01
    3.1740000E+00    4.1381692E+01    2.0817637E+01
    3.1780000E+00    4.1381897E+01    2.0817638E+01
    3.1820000E+00    4.1382098E+01    2.0817639E+01
    3.1860000E+00    4.1382298E+01    2.0817640E+01
    3.1900000E+00    4.1382495E+01    2.0817640E+01
    3.1940000E+00    4.1382689E+01    2.0817641E+01
    3.1980000E+00    4.1382881E+01    2.0817642E+01
    3.2020000E+00    4.1383071E+01    2.0817643E+01
    3.2060000E+00    4.1383259E+01    2.0817644E+01
    3.2100000E+00    4.1383444E+01    2.0817645E+01
    3.2140000E+00    4.1383627E+01    2.0817645E+01
    3.2180000E+00    4.1383808E+01    2.0817646E+01
    3.2220000E+00    4.1383987E+01    2.0817647E+01
    3.2260000E+00    4.1384163E+01    2.0817648E+01
    3.2300000E+00    4.1384338E+01    2.0817648E+01
    3.2340000E+00    4.1384510E+01    2.0817649E+01
    3.2380000E+00    4.1384680E+01    2.0817650E+01
    3.2420000E+00    4.1384848E+01    2.0817650E+01
    3.2460000E+00    4.1385014E+01    2.0817651E+01
    3.2500000E+00    4.1385178E+01    2.0817652E+01
    3.2540000E+00    4.1385340E+01    2.0817652E+01
    3.2580000E+00    4.1385500E+01    2.0817653E+01
    3.2620000E+00    4.1385658E+01    2.0817654E+01
    3.2660000E+00    4.1385814E+01    2.0817654E+01
    3.2700000E+00    4.1385969E+01    2.0817655E+01
    3.2740000E+00    4.1386121E+01    2.0817656E+01
    3.2780000E+00    4.1386271E+01    2.0817656E+01
    3.2820000E+00    4.1386420E+01    2.0817657E+01
    3.2860000E+00    4.1386567E+01    2.0817657E+01
    3.2900000E+00    4.1386711E+01    2.0817658E+01
    3.2940000E+00    4.1386855E+01    2.0817658E+01
    3.2980000E+00    4.1386996E+01    2.0817659E+01
    3.3020000E+00    4.1387135E+01    2.0817660E+01
    3.3060000E+00    4.1387273E+01    2.0817660E+01
    3.3100000E+00    4.1387410E+01    2.0817661E+01
    3.3140000E+00    4.1387544E+01    2.0817661E+01
    3.3180000E+00    4.1387677E+01    2.0817662E+01
    3.3220000E+00    4.1387808E+01    2.0817662E+01
    3.3260000E+00    4.1387937E+01    2.0817663E+01
    3.3300000E+00    4.1388065E+01    2.0817663E+01
    3.3340000E+00    4.1388192E+01    2.0817664E+01
    3.3380000E+00    4.1388316E+01    2.0817664E+01
    3.3420000E+00    4.1388439E+01    2.0817664E+01
    3.3460000E+00    4.1388561E+01    2.0817665E+01
    3.3500000E+00    4.1388681E+01    2.0817665E+01
    3.3540000E+00    4.1388799E+01    2.0817666E+01
    3.3580000E+00    4.1388916E+01    2.0817666E+01
    3.3620000E+00    4.1389032E+01    2.0817667E+01
    3.3660000E+00    4.1389146E+01    2.0817667E+01
    3.3700000E+00    4.1389259E+01    2.0817667E+01
    3.3740000E+00    4.1389370E+01    2.0817668E+01
    3.3780000E+00    4.1389480E+01    2.0817668E+01
    3.3820000E+00    4.1389588E+01    2.0817669E+01
    3.3860000E+00    4.1389695E+01    2.0817669E+01
    3.3900000E+00    4.1389801E+01    2.0817669E+01
    3.3940000E+00    4.1389905E+01    2.0817670E+01
    3.3980000E+00    4.1390008E+01    2.0817670E+01
    3.4020000E+00    4.1390110E+01    2.0817670E+01
    3.4060000E+00    4.1390210E+01    2.0817671E+01
    3.4100000E+00    4.1390309E+01    2.0817671E+01
    3.4140000E+00    4.1390407E+01    2.0817671E+01
    3.4180000E+00    4.1390503E+01    2.0817672E+01
    3.4220000E+00    4.1390599E+01    2.0817672E+01
    3.4260000E+00    4.1390693E+01    2.0817672E+01
    3.4300000E+00    4.1390785E+01    2.0817673E+01
    3.4340000E+00    4.1390877E+01    2.0817673E+01
    3.4380000E+00    4.1390967E+01    2.0817673E+01
    3.4420000E+00    4.1391057E+01    2.0817674E+01
    3.4460000E+00    4.1391145E+01    2.0817674E+01
    3.4500000E+00    4.1391232E+01    2.0817674E+01
    3.4540000E+00    4.1391317E+01    2.0817675E+01
    3.4580000E+00    4.1391402E+01    2.0817675E+01
    3.4620000E+00    4.1391485E+01    2.0817675E+01
    3.4660000E+00    4.1391568E+01    2.0817675E+01
    3.4700000E+00    4.1391649E+01    2.0817676E+01
    3.4740000E+00    4.1391729E+01    2.0817676E+01
    3.4780000E+00    4.1391809E+01    2.0817676E+01
    3.4820000E+00    4.1391887E+01    2.0817676E+01
    3.4860000E+00    4.1391964E+01    2.0817677E+01
    3.4900000E+00    4.1392040E+01    2.0817677E+01
    3.4940000E+00    4.1392115E+01    2.0817677E+01
    3.4980000E+00    4.1392189E+01    2.0817677E+01
    3.5020000E+00    4.1392262E+01    2.0817678E+01
    3.5060000E+00    4.1392334E+01    2.0817678E+01
    3.5100000E+00    4.1392405E+01    2.0817678E+01
    3.5140000E+00    4.1392475E+01    2.0817678E+01
    3.5180000E+00    4.1392544E+01    2.0817678E+01
    3.5220000E+00    4.1392612E+01    2.0817679E+01
    3.5260000E+00    4.1392679E+01    2.0817679E+01
    3.5300000E+00    4.1392746E+01    2.0817679E+01
    3.5340000E+00    4.1392811E+01    2.0817679E+01
    3.5380000E+00    4.1392875E+01    2.0817679E+01
    3.5420000E+00    4.1392939E+01    2.0817680E+01
    3.5460000E+00    4.1393002E+01    2.0817680E+01
    3.5500000E+00    4.1393064E+01    2.0817680E+01
    3.5540000E+00    4.1393125E+01    2.0817680E+01
    3.5580000E+00    4.1393185E+01    2.0817680E+01
    3.5620000E+00    4.1393244E+01    2.0817681E+01
    3.5660000E+00    4.1393302E+01    2.0817681E+01
    3.5700000E+00    4.1393360E+01    2.0817681E+01
    3.5740000E+00    4.1393417E+01    2.0817681E+01
    3.5780000E+00    4.1393473E+01    2.0817681E+01
    3.5820000E+00    4.1393528E+01    2.0817681E+01
    3.5860000E+00    4.1393582E+01    2.0817682E+01
    3.5900000E+00    4.1393636E+01    2.0817682E+01
    3.5940000E+00    4.1393688E+01    2.0817682E+01
    3.5980000E+00    4.1393741E+01    2.0817682E+01
    3.6020000E+00    4.1393792E+01    2.0817682E+01
    3.6060000E+00    4.1393842E+01    2.0817682E+01
    3.6100000E+00    4.1393892E+01    2.0817682E+01
    3.6140000E+00    4.1393941E+01    2.0817683E+01
    3.6180000E+00    4.1393989E+01    2.0817683E+01
    3.6220000E+00    4.1394037E+01    2.0817683E+01
    3.6260000E+00    4.1394084E+01    2.0817683E+01
    3.6300000E+00    4.1394130E+01    2.0817683E+01
    3.6340000E+00    4.1394175E+01    2.0817683E+01
    3.6380000E+00    4.1394220E+01    2.0817683E+01
    3.6420000E+00    4.1394264E+01    2.0817683E+01
    3.6460000E+00    4.1394308E+01    2.0817684E+01
    3.6500000E+00    4.1394350E+01    2.0817684E+01
    3.6540000E+00    4.1394392E+01    2.0817684E+01
    3.6580000E+00    4.1394434E+01    2.0817684E+01
    3.6620000E+00    4.1394474E+01    2.0817684E+01
    3.6660000E+00    4.1394514E+01    2.0817684E+01
    3.6700000E+00    4.1394554E+01    2.0817684E+01
    3.6740000E+00    4.1394593E+01    2.0817684E+01
    3.6780000E+00    4.1394631E+01    2.0817684E+01
    3.6820000E+00    4.1394668E+01    2.0817685E+01
    3.6860000E+00    4.1394705E+01    2.0817685E+01
    3.6900000E+00    4.1394742E+01    2.0817685E+01
    3.6940000E+00    4.1394777E+01    2.0817685E+01
    3.6980000E+00    4.1394812E+01    2.0817685E+01
    3.7020000E+00    4.1394847E+01    2.0817685E+01
    3.7060000E+00    4.1394881E+01    2.0817685E+01
    3.7100000E+00    4.1394914E+01    2.0817685E+01
    3.7140000E+00    4.1394947E+01    2.0817685E+01
    3.7180000E+00    4.1394979E+01    2.0817685E+01
    3.7220000E+00    4.1395011E+01    2.0817685E+01
    3.7260000E+00    4.1395042E+01    2.0817685E+01
    3.7300000E+00    4.1395072E+01    2.0817686E+01
    3.7340000E+00    4.1395102E+01    2.0817686E+01
    3.7380000E+00    4.1395132E+01    2.0817686E+01
    3.7420000E+00    4.1395161E+01    2.0817686E+01
    3.7460000E+00    4.1395189E+01    2.0817686E+01
    3.7500000E+00    4.1395217E+01    2.0817686E+01
    3.7540000E+00    4.1395244E+01    2.0817686E+01
    3.7580000E+00    4.1395271E+01    2.0817686E+01
    3.7620000E+00    4.1395297E+01    2.0817686E+01
    3.7660000E+00    4.1395323E+01    2.0817686E+01
    3.7700000E+00    4.1395348E+01    2.0817686E+01
    3.7740000E+00    4.1395373E+01    2.0817686E+01
    3.7780000E+00    4.1395397E+01    2.0817686E+01
    3.7820000E+00    4.1395420E+01    2.0817686E+01
    3.7860000E+00    4.1395444E+01    2.0817686E+01
    3.7900000E+00    4.1395466E+01    2.0817687E+01
    3.7940000E+00    4.1395488E+01    2.0817687E+01
    3.7980000E+00    4.1395510E+01    2.0817687E+01
    3.8020000E+00    4.1395531E+01    2.0817687E+01
    3.8060000E+00    4.1395552E+01    2.0817687E+01
    3.8100000E+00    4.1395572E+01    2.0817687E+01
    3.8140000E+00    4.1395592E+01    2.0817687E+01
    3.8180000E+00    4.1395612E+01    2.0817687E+01
    3.8220000E+00    4.1395630E+01    2.0817687E+01
    3.8260000E+00    4.1395649E+01    2.0817687E+01
    3.8300000E+00    4.1395667E+01    2.0817687E+01
    3.8340000E+00    4.1395684E+01    2.0817687E+01
    3.8380000E+00    4.1395701E+01    2.0817687E+01
    3.8420000E+00    4.1395718E+01    2.0817687E+01
    3.8460000E+00    4.1395734E+01    2.0817687E+01
    3.8500000E+00    4.1395750E+01    2.0817687E+01
    3.8540000E+00    4.1395765E+01    2.0817687E+01
    3.8580000E+00    4.1395780E+01    2.0817687E+01
    3.8620000E+00    4.1395794E+01    2.0817687E+01
    3.8660000E+00    4.1395808E+01    2.0817687E+01
    3.8700000E+00    4.1395821E+01    2.0817687E+01
    3.8740000E+00    4.1395835E+01    2.0817687E+01
    3.8780000E+00    4.1395847E+01    2.0817687E+01
    3.8820000E+00    4.1395859E+01    2.0817687E+01
    3.8860000E+00    4.1395871E+01    2.0817688E+01
    3.8900000E+00    4.1395882E+01    2.0817688E+01
    3.8940000E+00    4.1395893E+01    2.0817688E+01
    3.8980000E+00    4.1395904E+01    2.0817688E+01
    3.9020000E+00    4.1395914E+01    2.0817688E+01
    3.9060000E+00    4.1395924E+01    2.0817688E+01
    3.9100000E+00    4.1395933E+01    2.0817688E+01
    3.9140000E+00    4.1395942E+01    2.0817688E+01
    3.9180000E+00    4.1395950E+01    2.0817688E+01
    3.9220000E+00    4.1395958E+01    2.0817688E+01
    3.9260000E+00    4.1395966E+01    2.0817688E+01
    3.9300000E+00    4.1395973E+01    2.0817688E+01
    3.9340000E+00    4.1395980E+01    2.0817688E+01
    3.9380000E+00    4.1395986E+01    2.0817688E+01
    3.9420000E+00    4.1395992E+01    2.0817688E+01
    3.9460000E+00    4.1395998E+01    2.0817688E+01
    3.9500000E+00    4.1396003E+01    2.0817688E+01
    3.9540000E+00    4.1396008E+01    2.0817688E+01
    3.9580000E+00    4.1396012E+01    2.0817688E+01
    3.9620000E+00    4.1396016E+01    2.0817688E+01
    3.9660000E+00    4.1396020E+01    2.0817688E+01
    3.9700000E+00    4.1396023E+01    2.0817688E+01
    3.9740000E+00    4.1396026E+01    2.0817688E+01
    3.9780000E+00    4.1396028E+01    2.0817688E+01
    3.9820000E+00    4.1396030E+01    2.0817688E+01
    3.9860000E+00    4.1396032E+01    2.0817688E+01
    3.9900000E+00    4.1396033E+01    2.0817688E+01
    3.9940000E+00    4.1396034E+01    2.0817688E+01
    3.9980000E+00    4.1396034E+01    2.0817688E+01
