# Time          1.0000E+00
# Units: Permil
    Distance        SO4--            SO164--         
    2.0000000E-03    2.1011692E+01    8.7248109E+00
    6.0000000E-03    2.1034551E+01    8.8160834E+00
    1.0000000E-02    2.1056898E+01    8.9051127E+00
    1.4000000E-02    2.1078738E+01    8.9919385E+00
    1.8000000E-02    2.1100080E+01    9.0766000E+00
    2.2000000E-02    2.1120931E+01    9.1591363E+00
    2.6000000E-02    2.1141296E+01    9.2395861E+00
    3.0000000E-02    2.1161184E+01    9.3179879E+00
    3.4000000E-02    2.1180603E+01    9.3943799E+00
    3.8000000E-02    2.1199558E+01    9.4687996E+00
    4.2000000E-02    2.1218057E+01    9.5412848E+00
    4.6000000E-02    2.1236107E+01    9.6118724E+00
    5.0000000E-02    2.1253716E+01    9.6805992E+00
    5.4000000E-02    2.1270891E+01    9.7475018E+00
    5.8000000E-02    2.1287638E+01    9.8126161E+00
    6.2000000E-02    2.1303966E+01    9.8759780E+00
    6.6000000E-02    2.1319880E+01    9.9376227E+00
    7.0000000E-02    2.1335389E+01    9.9975854E+00
    7.4000000E-02    2.1350499E+01    1.0055901E+01
    7.8000000E-02    2.1365218E+01    1.0112603E+01
    8.2000000E-02    2.1379552E+01    1.0167725E+01
    8.6000000E-02    2.1393509E+01    1.0221302E+01
    9.0000000E-02    2.1407095E+01    1.0273367E+01
    9.4000000E-02    2.1420318E+01    1.0323951E+01
    9.8000000E-02    2.1433184E+01    1.0373087E+01
    1.0200000E-01    2.1445701E+01    1.0420808E+01
    1.0600000E-01    2.1457874E+01    1.0467145E+01
    1.1000000E-01    2.1469712E+01    1.0512128E+01
    1.1400000E-01    2.1481220E+01    1.0555790E+01
    1.1800000E-01    2.1492406E+01    1.0598159E+01
    1.2200000E-01    2.1503275E+01    1.0639266E+01
    1.2600000E-01    2.1513835E+01    1.0679140E+01
    1.3000000E-01    2.1524093E+01    1.0717810E+01
    1.3400000E-01    2.1534053E+01    1.0755306E+01
    1.3800000E-01    2.1543724E+01    1.0791654E+01
    1.4200000E-01    2.1553111E+01    1.0826884E+01
    1.4600000E-01    2.1562221E+01    1.0861022E+01
    1.5000000E-01    2.1571059E+01    1.0894095E+01
    1.5400000E-01    2.1579633E+01    1.0926129E+01
    1.5800000E-01    2.1587947E+01    1.0957152E+01
    1.6200000E-01    2.1596008E+01    1.0987188E+01
    1.6600000E-01    2.1603823E+01    1.1016263E+01
    1.7000000E-01    2.1611396E+01    1.1044401E+01
    1.7400000E-01    2.1618733E+01    1.1071627E+01
    1.7800000E-01    2.1625841E+01    1.1097965E+01
    1.8200000E-01    2.1632725E+01    1.1123438E+01
    1.8600000E-01    2.1639390E+01    1.1148070E+01
    1.9000000E-01    2.1645842E+01    1.1171883E+01
    1.9400000E-01    2.1652086E+01    1.1194899E+01
    1.9800000E-01    2.1658127E+01    1.1217141E+01
    2.0200000E-01    2.1663972E+01    1.1238629E+01
    2.0600000E-01    2.1669624E+01    1.1259385E+01
    2.1000000E-01    2.1675089E+01    1.1279429E+01
    2.1400000E-01    2.1680372E+01    1.1298781E+01
    2.1800000E-01    2.1685478E+01    1.1317462E+01
    2.2200000E-01    2.1690412E+01    1.1335490E+01
    2.2600000E-01    2.1695178E+01    1.1352885E+01
    2.3000000E-01    2.1699780E+01    1.1369665E+01
    2.3400000E-01    2.1704224E+01    1.1385848E+01
    2.3800000E-01    2.1708514E+01    1.1401452E+01
    2.4200000E-01    2.1712655E+01    1.1416494E+01
    2.4600000E-01    2.1716650E+01    1.1430992E+01
    2.5000000E-01    2.1720503E+01    1.1444961E+01
    2.5400000E-01    2.1724220E+01    1.1458419E+01
    2.5800000E-01    2.1727803E+01    1.1471381E+01
    2.6200000E-01    2.1731258E+01    1.1483862E+01
    2.6600000E-01    2.1734587E+01    1.1495878E+01
    2.7000000E-01    2.1737794E+01    1.1507443E+01
    2.7400000E-01    2.1740884E+01    1.1518572E+01
    2.7800000E-01    2.1743860E+01    1.1529279E+01
    2.8200000E-01    2.1746725E+01    1.1539577E+01
    2.8600000E-01    2.1749483E+01    1.1549480E+01
    2.9000000E-01    2.1752137E+01    1.1559000E+01
    2.9400000E-01    2.1754691E+01    1.1568152E+01
    2.9800000E-01    2.1757147E+01    1.1576945E+01
    3.0200000E-01    2.1759509E+01    1.1585394E+01
    3.0600000E-01    2.1761781E+01    1.1593509E+01
    3.1000000E-01    2.1763964E+01    1.1601303E+01
    3.1400000E-01    2.1766062E+01    1.1608785E+01
    3.1800000E-01    2.1768077E+01    1.1615966E+01
    3.2200000E-01    2.1770013E+01    1.1622858E+01
    3.2600000E-01    2.1771873E+01    1.1629471E+01
    3.3000000E-01    2.1773658E+01    1.1635813E+01
    3.3400000E-01    2.1775371E+01    1.1641896E+01
    3.3800000E-01    2.1777015E+01    1.1647727E+01
    3.4200000E-01    2.1778593E+01    1.1653317E+01
    3.4600000E-01    2.1780106E+01    1.1658674E+01
    3.5000000E-01    2.1781556E+01    1.1663806E+01
    3.5400000E-01    2.1782947E+01    1.1668722E+01
    3.5800000E-01    2.1784280E+01    1.1673430E+01
    3.6200000E-01    2.1785558E+01    1.1677937E+01
    3.6600000E-01    2.1786781E+01    1.1682251E+01
    3.7000000E-01    2.1787954E+01    1.1686380E+01
    3.7400000E-01    2.1789076E+01    1.1690330E+01
    3.7800000E-01    2.1790150E+01    1.1694109E+01
    3.8200000E-01    2.1791179E+01    1.1697722E+01
    3.8600000E-01    2.1792163E+01    1.1701177E+01
    3.9000000E-01    2.1793104E+01    1.1704480E+01
    3.9400000E-01    2.1794004E+01    1.1707635E+01
    3.9800000E-01    2.1794865E+01    1.1710650E+01
    4.0200000E-01    2.1795688E+01    1.1713530E+01
    4.0600000E-01    2.1796474E+01    1.1716281E+01
    4.1000000E-01    2.1797225E+01    1.1718906E+01
    4.1400000E-01    2.1797943E+01    1.1721413E+01
    4.1800000E-01    2.1798628E+01    1.1723805E+01
    4.2200000E-01    2.1799283E+01    1.1726086E+01
    4.2600000E-01    2.1799908E+01    1.1728263E+01
    4.3000000E-01    2.1800504E+01    1.1730339E+01
    4.3400000E-01    2.1801072E+01    1.1732318E+01
    4.3800000E-01    2.1801615E+01    1.1734204E+01
    4.4200000E-01    2.1802132E+01    1.1736001E+01
    4.4600000E-01    2.1802626E+01    1.1737714E+01
    4.5000000E-01    2.1803096E+01    1.1739345E+01
    4.5400000E-01    2.1803544E+01    1.1740898E+01
    4.5800000E-01    2.1803971E+01    1.1742377E+01
    4.6200000E-01    2.1804377E+01    1.1743785E+01
    4.6600000E-01    2.1804764E+01    1.1745124E+01
    4.7000000E-01    2.1805133E+01    1.1746399E+01
    4.7400000E-01    2.1805484E+01    1.1747611E+01
    4.7800000E-01    2.1805818E+01    1.1748763E+01
    4.8200000E-01    2.1806135E+01    1.1749859E+01
    4.8600000E-01    2.1806437E+01    1.1750901E+01
    4.9000000E-01    2.1806724E+01    1.1751890E+01
    4.9400000E-01    2.1806997E+01    1.1752831E+01
    4.9800000E-01    2.1807257E+01    1.1753724E+01
    5.0200000E-01    2.1807504E+01    1.1754572E+01
    5.0600000E-01    2.1807738E+01    1.1755377E+01
    5.1000000E-01    2.1807960E+01    1.1756141E+01
    5.1400000E-01    2.1808172E+01    1.1756866E+01
    5.1800000E-01    2.1808372E+01    1.1757554E+01
    5.2200000E-01    2.1808562E+01    1.1758206E+01
    5.2600000E-01    2.1808743E+01    1.1758825E+01
    5.3000000E-01    2.1808914E+01    1.1759412E+01
    5.3400000E-01    2.1809077E+01    1.1759968E+01
    5.3800000E-01    2.1809231E+01    1.1760494E+01
    5.4200000E-01    2.1809377E+01    1.1760993E+01
    5.4600000E-01    2.1809515E+01    1.1761466E+01
    5.5000000E-01    2.1809646E+01    1.1761914E+01
    5.5400000E-01    2.1809770E+01    1.1762337E+01
    5.5800000E-01    2.1809888E+01    1.1762739E+01
    5.6200000E-01    2.1809999E+01    1.1763118E+01
    5.6600000E-01    2.1810105E+01    1.1763477E+01
    5.7000000E-01    2.1810205E+01    1.1763817E+01
    5.7400000E-01    2.1810299E+01    1.1764138E+01
    5.7800000E-01    2.1810388E+01    1.1764441E+01
    5.8200000E-01    2.1810473E+01    1.1764728E+01
    5.8600000E-01    2.1810553E+01    1.1764999E+01
    5.9000000E-01    2.1810628E+01    1.1765255E+01
    5.9400000E-01    2.1810699E+01    1.1765497E+01
    5.9800000E-01    2.1810767E+01    1.1765726E+01
    6.0200000E-01    2.1810830E+01    1.1765941E+01
    6.0600000E-01    2.1810890E+01    1.1766145E+01
    6.1000000E-01    2.1810947E+01    1.1766337E+01
    6.1400000E-01    2.1811001E+01    1.1766518E+01
    6.1800000E-01    2.1811051E+01    1.1766689E+01
    6.2200000E-01    2.1811099E+01    1.1766850E+01
    6.2600000E-01    2.1811144E+01    1.1767002E+01
    6.3000000E-01    2.1811186E+01    1.1767145E+01
    6.3400000E-01    2.1811226E+01    1.1767280E+01
    6.3800000E-01    2.1811264E+01    1.1767407E+01
    6.4200000E-01    2.1811300E+01    1.1767527E+01
    6.4600000E-01    2.1811333E+01    1.1767639E+01
    6.5000000E-01    2.1811365E+01    1.1767746E+01
    6.5400000E-01    2.1811394E+01    1.1767846E+01
    6.5800000E-01    2.1811422E+01    1.1767940E+01
    6.6200000E-01    2.1811448E+01    1.1768028E+01
    6.6600000E-01    2.1811473E+01    1.1768111E+01
    6.7000000E-01    2.1811497E+01    1.1768189E+01
    6.7400000E-01    2.1811518E+01    1.1768263E+01
    6.7800000E-01    2.1811539E+01    1.1768332E+01
    6.8200000E-01    2.1811558E+01    1.1768397E+01
    6.8600000E-01    2.1811577E+01    1.1768458E+01
    6.9000000E-01    2.1811594E+01    1.1768515E+01
    6.9400000E-01    2.1811610E+01    1.1768569E+01
    6.9800000E-01    2.1811625E+01    1.1768620E+01
    7.0200000E-01    2.1811639E+01    1.1768667E+01
    7.0600000E-01    2.1811652E+01    1.1768712E+01
    7.1000000E-01    2.1811665E+01    1.1768753E+01
    7.1400000E-01    2.1811677E+01    1.1768793E+01
    7.1800000E-01    2.1811688E+01    1.1768829E+01
    7.2200000E-01    2.1811698E+01    1.1768864E+01
    7.2600000E-01    2.1811708E+01    1.1768896E+01
    7.3000000E-01    2.1811717E+01    1.1768926E+01
    7.3400000E-01    2.1811725E+01    1.1768955E+01
    7.3800000E-01    2.1811733E+01    1.1768981E+01
    7.4200000E-01    2.1811741E+01    1.1769006E+01
    7.4600000E-01    2.1811748E+01    1.1769030E+01
    7.5000000E-01    2.1811754E+01    1.1769051E+01
    7.5400000E-01    2.1811761E+01    1.1769072E+01
    7.5800000E-01    2.1811766E+01    1.1769091E+01
    7.6200000E-01    2.1811772E+01    1.1769109E+01
    7.6600000E-01    2.1811777E+01    1.1769126E+01
    7.7000000E-01    2.1811781E+01    1.1769141E+01
    7.7400000E-01    2.1811786E+01    1.1769156E+01
    7.7800000E-01    2.1811790E+01    1.1769169E+01
    7.8200000E-01    2.1811794E+01    1.1769182E+01
    7.8600000E-01    2.1811797E+01    1.1769194E+01
    7.9000000E-01    2.1811801E+01    1.1769205E+01
    7.9400000E-01    2.1811804E+01    1.1769216E+01
    7.9800000E-01    2.1811807E+01    1.1769225E+01
    8.0200000E-01    2.1811810E+01    1.1769234E+01
    8.0600000E-01    2.1811812E+01    1.1769243E+01
    8.1000000E-01    2.1811815E+01    1.1769251E+01
    8.1400000E-01    2.1811817E+01    1.1769258E+01
    8.1800000E-01    2.1811819E+01    1.1769265E+01
    8.2200000E-01    2.1811821E+01    1.1769272E+01
    8.2600000E-01    2.1811823E+01    1.1769278E+01
    8.3000000E-01    2.1811824E+01    1.1769283E+01
    8.3400000E-01    2.1811826E+01    1.1769288E+01
    8.3800000E-01    2.1811827E+01    1.1769293E+01
    8.4200000E-01    2.1811829E+01    1.1769298E+01
    8.4600000E-01    2.1811830E+01    1.1769302E+01
    8.5000000E-01    2.1811831E+01    1.1769306E+01
    8.5400000E-01    2.1811832E+01    1.1769309E+01
    8.5800000E-01    2.1811833E+01    1.1769313E+01
    8.6200000E-01    2.1811834E+01    1.1769316E+01
    8.6600000E-01    2.1811835E+01    1.1769319E+01
    8.7000000E-01    2.1811836E+01    1.1769322E+01
    8.7400000E-01    2.1811837E+01    1.1769324E+01
    8.7800000E-01    2.1811838E+01    1.1769326E+01
    8.8200000E-01    2.1811838E+01    1.1769329E+01
    8.8600000E-01    2.1811839E+01    1.1769331E+01
    8.9000000E-01    2.1811839E+01    1.1769333E+01
    8.9400000E-01    2.1811840E+01    1.1769334E+01
    8.9800000E-01    2.1811840E+01    1.1769336E+01
    9.0200000E-01    2.1811841E+01    1.1769337E+01
    9.0600000E-01    2.1811841E+01    1.1769339E+01
    9.1000000E-01    2.1811842E+01    1.1769340E+01
    9.1400000E-01    2.1811842E+01    1.1769341E+01
    9.1800000E-01    2.1811842E+01    1.1769343E+01
    9.2200000E-01    2.1811843E+01    1.1769344E+01
    9.2600000E-01    2.1811843E+01    1.1769345E+01
    9.3000000E-01    2.1811843E+01    1.1769345E+01
    9.3400000E-01    2.1811844E+01    1.1769346E+01
    9.3800000E-01    2.1811844E+01    1.1769347E+01
    9.4200000E-01    2.1811844E+01    1.1769348E+01
    9.4600000E-01    2.1811844E+01    1.1769348E+01
    9.5000000E-01    2.1811844E+01    1.1769349E+01
    9.5400000E-01    2.1811845E+01    1.1769350E+01
    9.5800000E-01    2.1811845E+01    1.1769350E+01
    9.6200000E-01    2.1811845E+01    1.1769351E+01
    9.6600000E-01    2.1811845E+01    1.1769351E+01
    9.7000000E-01    2.1811845E+01    1.1769351E+01
    9.7400000E-01    2.1811845E+01    1.1769352E+01
    9.7800000E-01    2.1811845E+01    1.1769352E+01
    9.8200000E-01    2.1811846E+01    1.1769353E+01
    9.8600000E-01    2.1811846E+01    1.1769353E+01
    9.9000000E-01    2.1811846E+01    1.1769353E+01
    9.9400000E-01    2.1811846E+01    1.1769353E+01
    9.9800000E-01    2.1811846E+01    1.1769354E+01
    1.0020000E+00    2.1811846E+01    1.1769354E+01
    1.0060000E+00    2.1811846E+01    1.1769354E+01
    1.0100000E+00    2.1811846E+01    1.1769354E+01
    1.0140000E+00    2.1811846E+01    1.1769354E+01
    1.0180000E+00    2.1811846E+01    1.1769355E+01
    1.0220000E+00    2.1811846E+01    1.1769355E+01
    1.0260000E+00    2.1811846E+01    1.1769355E+01
    1.0300000E+00    2.1811846E+01    1.1769355E+01
    1.0340000E+00    2.1811846E+01    1.1769355E+01
    1.0380000E+00    2.1811846E+01    1.1769355E+01
    1.0420000E+00    2.1811846E+01    1.1769355E+01
    1.0460000E+00    2.1811846E+01    1.1769355E+01
    1.0500000E+00    2.1811847E+01    1.1769356E+01
    1.0540000E+00    2.1811847E+01    1.1769356E+01
    1.0580000E+00    2.1811847E+01    1.1769356E+01
    1.0620000E+00    2.1811847E+01    1.1769356E+01
    1.0660000E+00    2.1811847E+01    1.1769356E+01
    1.0700000E+00    2.1811847E+01    1.1769356E+01
    1.0740000E+00    2.1811847E+01    1.1769356E+01
    1.0780000E+00    2.1811847E+01    1.1769356E+01
    1.0820000E+00    2.1811847E+01    1.1769356E+01
    1.0860000E+00    2.1811847E+01    1.1769356E+01
    1.0900000E+00    2.1811847E+01    1.1769356E+01
    1.0940000E+00    2.1811847E+01    1.1769356E+01
    1.0980000E+00    2.1811847E+01    1.1769356E+01
    1.1020000E+00    2.1811847E+01    1.1769356E+01
    1.1060000E+00    2.1811847E+01    1.1769356E+01
    1.1100000E+00    2.1811847E+01    1.1769356E+01
    1.1140000E+00    2.1811847E+01    1.1769356E+01
    1.1180000E+00    2.1811847E+01    1.1769356E+01
    1.1220000E+00    2.1811847E+01    1.1769356E+01
    1.1260000E+00    2.1811847E+01    1.1769356E+01
    1.1300000E+00    2.1811847E+01    1.1769356E+01
    1.1340000E+00    2.1811847E+01    1.1769356E+01
    1.1380000E+00    2.1811847E+01    1.1769356E+01
    1.1420000E+00    2.1811847E+01    1.1769356E+01
    1.1460000E+00    2.1811847E+01    1.1769356E+01
    1.1500000E+00    2.1811847E+01    1.1769356E+01
    1.1540000E+00    2.1811847E+01    1.1769356E+01
    1.1580000E+00    2.1811847E+01    1.1769356E+01
    1.1620000E+00    2.1811847E+01    1.1769356E+01
    1.1660000E+00    2.1811847E+01    1.1769356E+01
    1.1700000E+00    2.1811847E+01    1.1769356E+01
    1.1740000E+00    2.1811847E+01    1.1769356E+01
    1.1780000E+00    2.1811847E+01    1.1769356E+01
    1.1820000E+00    2.1811847E+01    1.1769356E+01
    1.1860000E+00    2.1811847E+01    1.1769356E+01
    1.1900000E+00    2.1811847E+01    1.1769356E+01
    1.1940000E+00    2.1811847E+01    1.1769356E+01
    1.1980000E+00    2.1811847E+01    1.1769356E+01
    1.2020000E+00    2.1811847E+01    1.1769356E+01
    1.2060000E+00    2.1811847E+01    1.1769356E+01
    1.2100000E+00    2.1811847E+01    1.1769356E+01
    1.2140000E+00    2.1811847E+01    1.1769356E+01
    1.2180000E+00    2.1811847E+01    1.1769356E+01
    1.2220000E+00    2.1811847E+01    1.1769356E+01
    1.2260000E+00    2.1811847E+01    1.1769357E+01
    1.2300000E+00    2.1811847E+01    1.1769357E+01
    1.2340000E+00    2.1811847E+01    1.1769357E+01
    1.2380000E+00    2.1811847E+01    1.1769357E+01
    1.2420000E+00    2.1811847E+01    1.1769357E+01
    1.2460000E+00    2.1811847E+01    1.1769357E+01
    1.2500000E+00    2.1811847E+01    1.1769357E+01
    1.2540000E+00    2.1811847E+01    1.1769357E+01
    1.2580000E+00    2.1811847E+01    1.1769357E+01
    1.2620000E+00    2.1811847E+01    1.1769357E+01
    1.2660000E+00    2.1811847E+01    1.1769357E+01
    1.2700000E+00    2.1811847E+01    1.1769357E+01
    1.2740000E+00    2.1811847E+01    1.1769357E+01
    1.2780000E+00    2.1811847E+01    1.1769357E+01
    1.2820000E+00    2.1811847E+01    1.1769357E+01
    1.2860000E+00    2.1811847E+01    1.1769357E+01
    1.2900000E+00    2.1811847E+01    1.1769357E+01
    1.2940000E+00    2.1811847E+01    1.1769357E+01
    1.2980000E+00    2.1811847E+01    1.1769357E+01
    1.3020000E+00    2.1811847E+01    1.1769357E+01
    1.3060000E+00    2.1811847E+01    1.1769357E+01
    1.3100000E+00    2.1811847E+01    1.1769357E+01
    1.3140000E+00    2.1811847E+01    1.1769357E+01
    1.3180000E+00    2.1811847E+01    1.1769357E+01
    1.3220000E+00    2.1811847E+01    1.1769357E+01
    1.3260000E+00    2.1811847E+01    1.1769357E+01
    1.3300000E+00    2.1811847E+01    1.1769357E+01
    1.3340000E+00    2.1811847E+01    1.1769357E+01
    1.3380000E+00    2.1811847E+01    1.1769357E+01
    1.3420000E+00    2.1811847E+01    1.1769357E+01
    1.3460000E+00    2.1811847E+01    1.1769357E+01
    1.3500000E+00    2.1811847E+01    1.1769357E+01
    1.3540000E+00    2.1811847E+01    1.1769357E+01
    1.3580000E+00    2.1811847E+01    1.1769357E+01
    1.3620000E+00    2.1811847E+01    1.1769357E+01
    1.3660000E+00    2.1811847E+01    1.1769357E+01
    1.3700000E+00    2.1811847E+01    1.1769357E+01
    1.3740000E+00    2.1811847E+01    1.1769357E+01
    1.3780000E+00    2.1811847E+01    1.1769357E+01
    1.3820000E+00    2.1811847E+01    1.1769357E+01
    1.3860000E+00    2.1811847E+01    1.1769357E+01
    1.3900000E+00    2.1811847E+01    1.1769357E+01
    1.3940000E+00    2.1811847E+01    1.1769357E+01
    1.3980000E+00    2.1811847E+01    1.1769357E+01
    1.4020000E+00    2.1811847E+01    1.1769357E+01
    1.4060000E+00    2.1811847E+01    1.1769357E+01
    1.4100000E+00    2.1811847E+01    1.1769357E+01
    1.4140000E+00    2.1811847E+01    1.1769357E+01
    1.4180000E+00    2.1811847E+01    1.1769357E+01
    1.4220000E+00    2.1811847E+01    1.1769357E+01
    1.4260000E+00    2.1811847E+01    1.1769357E+01
    1.4300000E+00    2.1811847E+01    1.1769357E+01
    1.4340000E+00    2.1811847E+01    1.1769357E+01
    1.4380000E+00    2.1811847E+01    1.1769357E+01
    1.4420000E+00    2.1811847E+01    1.1769357E+01
    1.4460000E+00    2.1811847E+01    1.1769357E+01
    1.4500000E+00    2.1811847E+01    1.1769357E+01
    1.4540000E+00    2.1811847E+01    1.1769357E+01
    1.4580000E+00    2.1811847E+01    1.1769357E+01
    1.4620000E+00    2.1811847E+01    1.1769357E+01
    1.4660000E+00    2.1811847E+01    1.1769357E+01
    1.4700000E+00    2.1811847E+01    1.1769357E+01
    1.4740000E+00    2.1811847E+01    1.1769357E+01
    1.4780000E+00    2.1811847E+01    1.1769357E+01
    1.4820000E+00    2.1811847E+01    1.1769357E+01
    1.4860000E+00    2.1811847E+01    1.1769357E+01
    1.4900000E+00    2.1811847E+01    1.1769357E+01
    1.4940000E+00    2.1811847E+01    1.1769357E+01
    1.4980000E+00    2.1811847E+01    1.1769357E+01
    1.5020000E+00    2.1811847E+01    1.1769357E+01
    1.5060000E+00    2.1811847E+01    1.1769357E+01
    1.5100000E+00    2.1811847E+01    1.1769357E+01
    1.5140000E+00    2.1811847E+01    1.1769357E+01
    1.5180000E+00    2.1811847E+01    1.1769357E+01
    1.5220000E+00    2.1811847E+01    1.1769357E+01
    1.5260000E+00    2.1811847E+01    1.1769357E+01
    1.5300000E+00    2.1811847E+01    1.1769357E+01
    1.5340000E+00    2.1811847E+01    1.1769357E+01
    1.5380000E+00    2.1811847E+01    1.1769357E+01
    1.5420000E+00    2.1811847E+01    1.1769357E+01
    1.5460000E+00    2.1811847E+01    1.1769357E+01
    1.5500000E+00    2.1811847E+01    1.1769357E+01
    1.5540000E+00    2.1811847E+01    1.1769357E+01
    1.5580000E+00    2.1811847E+01    1.1769357E+01
    1.5620000E+00    2.1811847E+01    1.1769357E+01
    1.5660000E+00    2.1811847E+01    1.1769357E+01
    1.5700000E+00    2.1811847E+01    1.1769357E+01
    1.5740000E+00    2.1811847E+01    1.1769357E+01
    1.5780000E+00    2.1811847E+01    1.1769357E+01
    1.5820000E+00    2.1811847E+01    1.1769357E+01
    1.5860000E+00    2.1811847E+01    1.1769357E+01
    1.5900000E+00    2.1811847E+01    1.1769357E+01
    1.5940000E+00    2.1811847E+01    1.1769357E+01
    1.5980000E+00    2.1811847E+01    1.1769357E+01
    1.6020000E+00    2.1811847E+01    1.1769357E+01
    1.6060000E+00    2.1811847E+01    1.1769357E+01
    1.6100000E+00    2.1811847E+01    1.1769357E+01
    1.6140000E+00    2.1811847E+01    1.1769357E+01
    1.6180000E+00    2.1811847E+01    1.1769357E+01
    1.6220000E+00    2.1811847E+01    1.1769357E+01
    1.6260000E+00    2.1811847E+01    1.1769357E+01
    1.6300000E+00    2.1811847E+01    1.1769357E+01
    1.6340000E+00    2.1811847E+01    1.1769357E+01
    1.6380000E+00    2.1811847E+01    1.1769357E+01
    1.6420000E+00    2.1811847E+01    1.1769357E+01
    1.6460000E+00    2.1811847E+01    1.1769357E+01
    1.6500000E+00    2.1811847E+01    1.1769357E+01
    1.6540000E+00    2.1811847E+01    1.1769357E+01
    1.6580000E+00    2.1811847E+01    1.1769357E+01
    1.6620000E+00    2.1811847E+01    1.1769357E+01
    1.6660000E+00    2.1811847E+01    1.1769357E+01
    1.6700000E+00    2.1811847E+01    1.1769357E+01
    1.6740000E+00    2.1811847E+01    1.1769357E+01
    1.6780000E+00    2.1811847E+01    1.1769357E+01
    1.6820000E+00    2.1811847E+01    1.1769357E+01
    1.6860000E+00    2.1811847E+01    1.1769357E+01
    1.6900000E+00    2.1811847E+01    1.1769357E+01
    1.6940000E+00    2.1811847E+01    1.1769357E+01
    1.6980000E+00    2.1811847E+01    1.1769357E+01
    1.7020000E+00    2.1811847E+01    1.1769357E+01
    1.7060000E+00    2.1811847E+01    1.1769357E+01
    1.7100000E+00    2.1811847E+01    1.1769357E+01
    1.7140000E+00    2.1811847E+01    1.1769357E+01
    1.7180000E+00    2.1811847E+01    1.1769357E+01
    1.7220000E+00    2.1811847E+01    1.1769357E+01
    1.7260000E+00    2.1811847E+01    1.1769357E+01
    1.7300000E+00    2.1811847E+01    1.1769357E+01
    1.7340000E+00    2.1811847E+01    1.1769357E+01
    1.7380000E+00    2.1811847E+01    1.1769357E+01
    1.7420000E+00    2.1811847E+01    1.1769357E+01
    1.7460000E+00    2.1811847E+01    1.1769357E+01
    1.7500000E+00    2.1811847E+01    1.1769357E+01
    1.7540000E+00    2.1811847E+01    1.1769357E+01
    1.7580000E+00    2.1811847E+01    1.1769357E+01
    1.7620000E+00    2.1811847E+01    1.1769357E+01
    1.7660000E+00    2.1811847E+01    1.1769357E+01
    1.7700000E+00    2.1811847E+01    1.1769357E+01
    1.7740000E+00    2.1811847E+01    1.1769357E+01
    1.7780000E+00    2.1811847E+01    1.1769357E+01
    1.7820000E+00    2.1811847E+01    1.1769357E+01
    1.7860000E+00    2.1811847E+01    1.1769357E+01
    1.7900000E+00    2.1811847E+01    1.1769357E+01
    1.7940000E+00    2.1811847E+01    1.1769357E+01
    1.7980000E+00    2.1811847E+01    1.1769357E+01
    1.8020000E+00    2.1811847E+01    1.1769357E+01
    1.8060000E+00    2.1811847E+01    1.1769357E+01
    1.8100000E+00    2.1811847E+01    1.1769357E+01
    1.8140000E+00    2.1811847E+01    1.1769357E+01
    1.8180000E+00    2.1811847E+01    1.1769357E+01
    1.8220000E+00    2.1811847E+01    1.1769357E+01
    1.8260000E+00    2.1811847E+01    1.1769357E+01
    1.8300000E+00    2.1811847E+01    1.1769357E+01
    1.8340000E+00    2.1811847E+01    1.1769357E+01
    1.8380000E+00    2.1811847E+01    1.1769357E+01
    1.8420000E+00    2.1811847E+01    1.1769357E+01
    1.8460000E+00    2.1811847E+01    1.1769357E+01
    1.8500000E+00    2.1811847E+01    1.1769357E+01
    1.8540000E+00    2.1811847E+01    1.1769357E+01
    1.8580000E+00    2.1811847E+01    1.1769357E+01
    1.8620000E+00    2.1811847E+01    1.1769357E+01
    1.8660000E+00    2.1811847E+01    1.1769357E+01
    1.8700000E+00    2.1811847E+01    1.1769357E+01
    1.8740000E+00    2.1811847E+01    1.1769357E+01
    1.8780000E+00    2.1811847E+01    1.1769357E+01
    1.8820000E+00    2.1811847E+01    1.1769357E+01
    1.8860000E+00    2.1811847E+01    1.1769357E+01
    1.8900000E+00    2.1811847E+01    1.1769357E+01
    1.8940000E+00    2.1811847E+01    1.1769357E+01
    1.8980000E+00    2.1811847E+01    1.1769357E+01
    1.9020000E+00    2.1811847E+01    1.1769357E+01
    1.9060000E+00    2.1811847E+01    1.1769357E+01
    1.9100000E+00    2.1811847E+01    1.1769357E+01
    1.9140000E+00    2.1811847E+01    1.1769357E+01
    1.9180000E+00    2.1811847E+01    1.1769357E+01
    1.9220000E+00    2.1811847E+01    1.1769357E+01
    1.9260000E+00    2.1811847E+01    1.1769357E+01
    1.9300000E+00    2.1811847E+01    1.1769357E+01
    1.9340000E+00    2.1811847E+01    1.1769357E+01
    1.9380000E+00    2.1811847E+01    1.1769357E+01
    1.9420000E+00    2.1811847E+01    1.1769357E+01
    1.9460000E+00    2.1811847E+01    1.1769357E+01
    1.9500000E+00    2.1811847E+01    1.1769357E+01
    1.9540000E+00    2.1811847E+01    1.1769357E+01
    1.9580000E+00    2.1811847E+01    1.1769357E+01
    1.9620000E+00    2.1811847E+01    1.1769357E+01
    1.9660000E+00    2.1811847E+01    1.1769357E+01
    1.9700000E+00    2.1811847E+01    1.1769357E+01
    1.9740000E+00    2.1811847E+01    1.1769357E+01
    1.9780000E+00    2.1811847E+01    1.1769357E+01
    1.9820000E+00    2.1811847E+01    1.1769357E+01
    1.9860000E+00    2.1811847E+01    1.1769357E+01
    1.9900000E+00    2.1811847E+01    1.1769357E+01
    1.9940000E+00    2.1811847E+01    1.1769357E+01
    1.9980000E+00    2.1811847E+01    1.1769357E+01
    2.0020000E+00    2.1811847E+01    1.1769357E+01
    2.0060000E+00    2.1811847E+01    1.1769357E+01
    2.0100000E+00    2.1811847E+01    1.1769357E+01
    2.0140000E+00    2.1811847E+01    1.1769357E+01
    2.0180000E+00    2.1811847E+01    1.1769357E+01
    2.0220000E+00    2.1811847E+01    1.1769357E+01
    2.0260000E+00    2.1811847E+01    1.1769357E+01
    2.0300000E+00    2.1811847E+01    1.1769357E+01
    2.0340000E+00    2.1811847E+01    1.1769357E+01
    2.0380000E+00    2.1811847E+01    1.1769357E+01
    2.0420000E+00    2.1811847E+01    1.1769357E+01
    2.0460000E+00    2.1811847E+01    1.1769357E+01
    2.0500000E+00    2.1811847E+01    1.1769357E+01
    2.0540000E+00    2.1811847E+01    1.1769357E+01
    2.0580000E+00    2.1811847E+01    1.1769357E+01
    2.0620000E+00    2.1811847E+01    1.1769357E+01
    2.0660000E+00    2.1811847E+01    1.1769357E+01
    2.0700000E+00    2.1811847E+01    1.1769357E+01
    2.0740000E+00    2.1811847E+01    1.1769357E+01
    2.0780000E+00    2.1811847E+01    1.1769357E+01
    2.0820000E+00    2.1811847E+01    1.1769357E+01
    2.0860000E+00    2.1811847E+01    1.1769357E+01
    2.0900000E+00    2.1811847E+01    1.1769357E+01
    2.0940000E+00    2.1811847E+01    1.1769357E+01
    2.0980000E+00    2.1811847E+01    1.1769357E+01
    2.1020000E+00    2.1811847E+01    1.1769357E+01
    2.1060000E+00    2.1811847E+01    1.1769357E+01
    2.1100000E+00    2.1811847E+01    1.1769357E+01
    2.1140000E+00    2.1811847E+01    1.1769357E+01
    2.1180000E+00    2.1811847E+01    1.1769357E+01
    2.1220000E+00    2.1811847E+01    1.1769357E+01
    2.1260000E+00    2.1811847E+01    1.1769357E+01
    2.1300000E+00    2.1811847E+01    1.1769357E+01
    2.1340000E+00    2.1811847E+01    1.1769357E+01
    2.1380000E+00    2.1811847E+01    1.1769357E+01
    2.1420000E+00    2.1811847E+01    1.1769357E+01
    2.1460000E+00    2.1811847E+01    1.1769357E+01
    2.1500000E+00    2.1811847E+01    1.1769357E+01
    2.1540000E+00    2.1811847E+01    1.1769357E+01
    2.1580000E+00    2.1811847E+01    1.1769357E+01
    2.1620000E+00    2.1811847E+01    1.1769357E+01
    2.1660000E+00    2.1811847E+01    1.1769357E+01
    2.1700000E+00    2.1811847E+01    1.1769357E+01
    2.1740000E+00    2.1811847E+01    1.1769357E+01
    2.1780000E+00    2.1811847E+01    1.1769357E+01
    2.1820000E+00    2.1811847E+01    1.1769357E+01
    2.1860000E+00    2.1811847E+01    1.1769357E+01
    2.1900000E+00    2.1811847E+01    1.1769357E+01
    2.1940000E+00    2.1811847E+01    1.1769357E+01
    2.1980000E+00    2.1811847E+01    1.1769357E+01
    2.2020000E+00    2.1811847E+01    1.1769357E+01
    2.2060000E+00    2.1811847E+01    1.1769357E+01
    2.2100000E+00    2.1811847E+01    1.1769357E+01
    2.2140000E+00    2.1811847E+01    1.1769357E+01
    2.2180000E+00    2.1811847E+01    1.1769357E+01
    2.2220000E+00    2.1811847E+01    1.1769357E+01
    2.2260000E+00    2.1811847E+01    1.1769357E+01
    2.2300000E+00    2.1811847E+01    1.1769357E+01
    2.2340000E+00    2.1811847E+01    1.1769357E+01
    2.2380000E+00    2.1811847E+01    1.1769357E+01
    2.2420000E+00    2.1811847E+01    1.1769357E+01
    2.2460000E+00    2.1811847E+01    1.1769357E+01
    2.2500000E+00    2.1811847E+01    1.1769357E+01
    2.2540000E+00    2.1811847E+01    1.1769357E+01
    2.2580000E+00    2.1811847E+01    1.1769357E+01
    2.2620000E+00    2.1811847E+01    1.1769357E+01
    2.2660000E+00    2.1811847E+01    1.1769357E+01
    2.2700000E+00    2.1811847E+01    1.1769357E+01
    2.2740000E+00    2.1811847E+01    1.1769357E+01
    2.2780000E+00    2.1811847E+01    1.1769357E+01
    2.2820000E+00    2.1811847E+01    1.1769357E+01
    2.2860000E+00    2.1811847E+01    1.1769357E+01
    2.2900000E+00    2.1811847E+01    1.1769357E+01
    2.2940000E+00    2.1811847E+01    1.1769357E+01
    2.2980000E+00    2.1811847E+01    1.1769357E+01
    2.3020000E+00    2.1811847E+01    1.1769357E+01
    2.3060000E+00    2.1811847E+01    1.1769357E+01
    2.3100000E+00    2.1811847E+01    1.1769357E+01
    2.3140000E+00    2.1811847E+01    1.1769357E+01
    2.3180000E+00    2.1811847E+01    1.1769357E+01
    2.3220000E+00    2.1811847E+01    1.1769357E+01
    2.3260000E+00    2.1811847E+01    1.1769357E+01
    2.3300000E+00    2.1811847E+01    1.1769357E+01
    2.3340000E+00    2.1811847E+01    1.1769357E+01
    2.3380000E+00    2.1811847E+01    1.1769357E+01
    2.3420000E+00    2.1811847E+01    1.1769357E+01
    2.3460000E+00    2.1811847E+01    1.1769357E+01
    2.3500000E+00    2.1811847E+01    1.1769357E+01
    2.3540000E+00    2.1811847E+01    1.1769357E+01
    2.3580000E+00    2.1811847E+01    1.1769357E+01
    2.3620000E+00    2.1811847E+01    1.1769357E+01
    2.3660000E+00    2.1811847E+01    1.1769357E+01
    2.3700000E+00    2.1811847E+01    1.1769357E+01
    2.3740000E+00    2.1811847E+01    1.1769357E+01
    2.3780000E+00    2.1811847E+01    1.1769357E+01
    2.3820000E+00    2.1811847E+01    1.1769357E+01
    2.3860000E+00    2.1811847E+01    1.1769357E+01
    2.3900000E+00    2.1811847E+01    1.1769357E+01
    2.3940000E+00    2.1811847E+01    1.1769357E+01
    2.3980000E+00    2.1811847E+01    1.1769357E+01
    2.4020000E+00    2.1811847E+01    1.1769357E+01
    2.4060000E+00    2.1811847E+01    1.1769357E+01
    2.4100000E+00    2.1811847E+01    1.1769357E+01
    2.4140000E+00    2.1811847E+01    1.1769357E+01
    2.4180000E+00    2.1811847E+01    1.1769357E+01
    2.4220000E+00    2.1811847E+01    1.1769357E+01
    2.4260000E+00    2.1811847E+01    1.1769357E+01
    2.4300000E+00    2.1811847E+01    1.1769357E+01
    2.4340000E+00    2.1811847E+01    1.1769357E+01
    2.4380000E+00    2.1811847E+01    1.1769357E+01
    2.4420000E+00    2.1811847E+01    1.1769357E+01
    2.4460000E+00    2.1811847E+01    1.1769357E+01
    2.4500000E+00    2.1811847E+01    1.1769357E+01
    2.4540000E+00    2.1811847E+01    1.1769357E+01
    2.4580000E+00    2.1811847E+01    1.1769357E+01
    2.4620000E+00    2.1811847E+01    1.1769357E+01
    2.4660000E+00    2.1811847E+01    1.1769357E+01
    2.4700000E+00    2.1811847E+01    1.1769357E+01
    2.4740000E+00    2.1811847E+01    1.1769357E+01
    2.4780000E+00    2.1811847E+01    1.1769357E+01
    2.4820000E+00    2.1811847E+01    1.1769357E+01
    2.4860000E+00    2.1811847E+01    1.1769357E+01
    2.4900000E+00    2.1811847E+01    1.1769357E+01
    2.4940000E+00    2.1811847E+01    1.1769357E+01
    2.4980000E+00    2.1811847E+01    1.1769357E+01
    2.5020000E+00    2.1811847E+01    1.1769357E+01
    2.5060000E+00    2.1811847E+01    1.1769357E+01
    2.5100000E+00    2.1811847E+01    1.1769357E+01
    2.5140000E+00    2.1811847E+01    1.1769357E+01
    2.5180000E+00    2.1811847E+01    1.1769357E+01
    2.5220000E+00    2.1811847E+01    1.1769357E+01
    2.5260000E+00    2.1811847E+01    1.1769357E+01
    2.5300000E+00    2.1811847E+01    1.1769357E+01
    2.5340000E+00    2.1811847E+01    1.1769357E+01
    2.5380000E+00    2.1811847E+01    1.1769357E+01
    2.5420000E+00    2.1811847E+01    1.1769357E+01
    2.5460000E+00    2.1811847E+01    1.1769357E+01
    2.5500000E+00    2.1811847E+01    1.1769357E+01
    2.5540000E+00    2.1811847E+01    1.1769357E+01
    2.5580000E+00    2.1811847E+01    1.1769357E+01
    2.5620000E+00    2.1811847E+01    1.1769357E+01
    2.5660000E+00    2.1811847E+01    1.1769357E+01
    2.5700000E+00    2.1811847E+01    1.1769357E+01
    2.5740000E+00    2.1811847E+01    1.1769357E+01
    2.5780000E+00    2.1811847E+01    1.1769357E+01
    2.5820000E+00    2.1811847E+01    1.1769357E+01
    2.5860000E+00    2.1811847E+01    1.1769357E+01
    2.5900000E+00    2.1811847E+01    1.1769357E+01
    2.5940000E+00    2.1811847E+01    1.1769357E+01
    2.5980000E+00    2.1811847E+01    1.1769357E+01
    2.6020000E+00    2.1811847E+01    1.1769357E+01
    2.6060000E+00    2.1811847E+01    1.1769357E+01
    2.6100000E+00    2.1811847E+01    1.1769357E+01
    2.6140000E+00    2.1811847E+01    1.1769357E+01
    2.6180000E+00    2.1811847E+01    1.1769357E+01
    2.6220000E+00    2.1811847E+01    1.1769357E+01
    2.6260000E+00    2.1811847E+01    1.1769357E+01
    2.6300000E+00    2.1811847E+01    1.1769357E+01
    2.6340000E+00    2.1811847E+01    1.1769357E+01
    2.6380000E+00    2.1811847E+01    1.1769357E+01
    2.6420000E+00    2.1811847E+01    1.1769357E+01
    2.6460000E+00    2.1811847E+01    1.1769357E+01
    2.6500000E+00    2.1811847E+01    1.1769357E+01
    2.6540000E+00    2.1811847E+01    1.1769357E+01
    2.6580000E+00    2.1811847E+01    1.1769357E+01
    2.6620000E+00    2.1811847E+01    1.1769357E+01
    2.6660000E+00    2.1811847E+01    1.1769357E+01
    2.6700000E+00    2.1811847E+01    1.1769357E+01
    2.6740000E+00    2.1811847E+01    1.1769357E+01
    2.6780000E+00    2.1811847E+01    1.1769357E+01
    2.6820000E+00    2.1811847E+01    1.1769357E+01
    2.6860000E+00    2.1811847E+01    1.1769357E+01
    2.6900000E+00    2.1811847E+01    1.1769357E+01
    2.6940000E+00    2.1811847E+01    1.1769357E+01
    2.6980000E+00    2.1811847E+01    1.1769357E+01
    2.7020000E+00    2.1811847E+01    1.1769357E+01
    2.7060000E+00    2.1811847E+01    1.1769357E+01
    2.7100000E+00    2.1811847E+01    1.1769357E+01
    2.7140000E+00    2.1811847E+01    1.1769357E+01
    2.7180000E+00    2.1811847E+01    1.1769357E+01
    2.7220000E+00    2.1811847E+01    1.1769357E+01
    2.7260000E+00    2.1811847E+01    1.1769357E+01
    2.7300000E+00    2.1811847E+01    1.1769357E+01
    2.7340000E+00    2.1811847E+01    1.1769357E+01
    2.7380000E+00    2.1811847E+01    1.1769357E+01
    2.7420000E+00    2.1811847E+01    1.1769357E+01
    2.7460000E+00    2.1811847E+01    1.1769357E+01
    2.7500000E+00    2.1811847E+01    1.1769357E+01
    2.7540000E+00    2.1811847E+01    1.1769357E+01
    2.7580000E+00    2.1811847E+01    1.1769357E+01
    2.7620000E+00    2.1811847E+01    1.1769357E+01
    2.7660000E+00    2.1811847E+01    1.1769357E+01
    2.7700000E+00    2.1811847E+01    1.1769357E+01
    2.7740000E+00    2.1811847E+01    1.1769357E+01
    2.7780000E+00    2.1811847E+01    1.1769357E+01
    2.7820000E+00    2.1811847E+01    1.1769357E+01
    2.7860000E+00    2.1811847E+01    1.1769357E+01
    2.7900000E+00    2.1811847E+01    1.1769357E+01
    2.7940000E+00    2.1811847E+01    1.1769357E+01
    2.7980000E+00    2.1811847E+01    1.1769357E+01
    2.8020000E+00    2.1811847E+01    1.1769357E+01
    2.8060000E+00    2.1811847E+01    1.1769357E+01
    2.8100000E+00    2.1811847E+01    1.1769357E+01
    2.8140000E+00    2.1811847E+01    1.1769357E+01
    2.8180000E+00    2.1811847E+01    1.1769357E+01
    2.8220000E+00    2.1811847E+01    1.1769357E+01
    2.8260000E+00    2.1811847E+01    1.1769357E+01
    2.8300000E+00    2.1811847E+01    1.1769357E+01
    2.8340000E+00    2.1811847E+01    1.1769357E+01
    2.8380000E+00    2.1811847E+01    1.1769357E+01
    2.8420000E+00    2.1811847E+01    1.1769357E+01
    2.8460000E+00    2.1811847E+01    1.1769357E+01
    2.8500000E+00    2.1811847E+01    1.1769357E+01
    2.8540000E+00    2.1811847E+01    1.1769357E+01
    2.8580000E+00    2.1811847E+01    1.1769357E+01
    2.8620000E+00    2.1811847E+01    1.1769357E+01
    2.8660000E+00    2.1811847E+01    1.1769357E+01
    2.8700000E+00    2.1811847E+01    1.1769357E+01
    2.8740000E+00    2.1811847E+01    1.1769357E+01
    2.8780000E+00    2.1811847E+01    1.1769357E+01
    2.8820000E+00    2.1811847E+01    1.1769357E+01
    2.8860000E+00    2.1811847E+01    1.1769357E+01
    2.8900000E+00    2.1811847E+01    1.1769357E+01
    2.8940000E+00    2.1811847E+01    1.1769357E+01
    2.8980000E+00    2.1811847E+01    1.1769357E+01
    2.9020000E+00    2.1811847E+01    1.1769357E+01
    2.9060000E+00    2.1811847E+01    1.1769357E+01
    2.9100000E+00    2.1811847E+01    1.1769357E+01
    2.9140000E+00    2.1811847E+01    1.1769357E+01
    2.9180000E+00    2.1811847E+01    1.1769357E+01
    2.9220000E+00    2.1811847E+01    1.1769357E+01
    2.9260000E+00    2.1811847E+01    1.1769357E+01
    2.9300000E+00    2.1811847E+01    1.1769357E+01
    2.9340000E+00    2.1811847E+01    1.1769357E+01
    2.9380000E+00    2.1811847E+01    1.1769357E+01
    2.9420000E+00    2.1811847E+01    1.1769357E+01
    2.9460000E+00    2.1811847E+01    1.1769357E+01
    2.9500000E+00    2.1811847E+01    1.1769357E+01
    2.9540000E+00    2.1811847E+01    1.1769357E+01
    2.9580000E+00    2.1811847E+01    1.1769357E+01
    2.9620000E+00    2.1811847E+01    1.1769357E+01
    2.9660000E+00    2.1811847E+01    1.1769357E+01
    2.9700000E+00    2.1811847E+01    1.1769357E+01
    2.9740000E+00    2.1811847E+01    1.1769357E+01
    2.9780000E+00    2.1811847E+01    1.1769357E+01
    2.9820000E+00    2.1811847E+01    1.1769357E+01
    2.9860000E+00    2.1811847E+01    1.1769357E+01
    2.9900000E+00    2.1811847E+01    1.1769357E+01
    2.9940000E+00    2.1811847E+01    1.1769357E+01
    2.9980000E+00    2.1811847E+01    1.1769357E+01
    3.0020000E+00    2.1811847E+01    1.1769357E+01
    3.0060000E+00    2.1811847E+01    1.1769357E+01
    3.0100000E+00    2.1811847E+01    1.1769357E+01
    3.0140000E+00    2.1811847E+01    1.1769357E+01
    3.0180000E+00    2.1811847E+01    1.1769357E+01
    3.0220000E+00    2.1811847E+01    1.1769357E+01
    3.0260000E+00    2.1811847E+01    1.1769357E+01
    3.0300000E+00    2.1811847E+01    1.1769357E+01
    3.0340000E+00    2.1811847E+01    1.1769357E+01
    3.0380000E+00    2.1811847E+01    1.1769357E+01
    3.0420000E+00    2.1811847E+01    1.1769357E+01
    3.0460000E+00    2.1811847E+01    1.1769357E+01
    3.0500000E+00    2.1811847E+01    1.1769357E+01
    3.0540000E+00    2.1811847E+01    1.1769357E+01
    3.0580000E+00    2.1811847E+01    1.1769357E+01
    3.0620000E+00    2.1811847E+01    1.1769357E+01
    3.0660000E+00    2.1811847E+01    1.1769357E+01
    3.0700000E+00    2.1811847E+01    1.1769357E+01
    3.0740000E+00    2.1811847E+01    1.1769357E+01
    3.0780000E+00    2.1811847E+01    1.1769357E+01
    3.0820000E+00    2.1811847E+01    1.1769357E+01
    3.0860000E+00    2.1811847E+01    1.1769357E+01
    3.0900000E+00    2.1811847E+01    1.1769357E+01
    3.0940000E+00    2.1811847E+01    1.1769357E+01
    3.0980000E+00    2.1811847E+01    1.1769357E+01
    3.1020000E+00    2.1811847E+01    1.1769357E+01
    3.1060000E+00    2.1811847E+01    1.1769357E+01
    3.1100000E+00    2.1811847E+01    1.1769357E+01
    3.1140000E+00    2.1811847E+01    1.1769357E+01
    3.1180000E+00    2.1811847E+01    1.1769357E+01
    3.1220000E+00    2.1811847E+01    1.1769357E+01
    3.1260000E+00    2.1811847E+01    1.1769357E+01
    3.1300000E+00    2.1811847E+01    1.1769357E+01
    3.1340000E+00    2.1811847E+01    1.1769357E+01
    3.1380000E+00    2.1811847E+01    1.1769357E+01
    3.1420000E+00    2.1811847E+01    1.1769357E+01
    3.1460000E+00    2.1811847E+01    1.1769357E+01
    3.1500000E+00    2.1811847E+01    1.1769357E+01
    3.1540000E+00    2.1811847E+01    1.1769357E+01
    3.1580000E+00    2.1811847E+01    1.1769357E+01
    3.1620000E+00    2.1811847E+01    1.1769357E+01
    3.1660000E+00    2.1811847E+01    1.1769357E+01
    3.1700000E+00    2.1811847E+01    1.1769357E+01
    3.1740000E+00    2.1811847E+01    1.1769357E+01
    3.1780000E+00    2.1811847E+01    1.1769357E+01
    3.1820000E+00    2.1811847E+01    1.1769357E+01
    3.1860000E+00    2.1811847E+01    1.1769357E+01
    3.1900000E+00    2.1811847E+01    1.1769357E+01
    3.1940000E+00    2.1811847E+01    1.1769357E+01
    3.1980000E+00    2.1811847E+01    1.1769357E+01
    3.2020000E+00    2.1811847E+01    1.1769357E+01
    3.2060000E+00    2.1811847E+01    1.1769357E+01
    3.2100000E+00    2.1811847E+01    1.1769357E+01
    3.2140000E+00    2.1811847E+01    1.1769357E+01
    3.2180000E+00    2.1811847E+01    1.1769357E+01
    3.2220000E+00    2.1811847E+01    1.1769357E+01
    3.2260000E+00    2.1811847E+01    1.1769357E+01
    3.2300000E+00    2.1811847E+01    1.1769357E+01
    3.2340000E+00    2.1811847E+01    1.1769357E+01
    3.2380000E+00    2.1811847E+01    1.1769357E+01
    3.2420000E+00    2.1811847E+01    1.1769357E+01
    3.2460000E+00    2.1811847E+01    1.1769357E+01
    3.2500000E+00    2.1811847E+01    1.1769357E+01
    3.2540000E+00    2.1811847E+01    1.1769357E+01
    3.2580000E+00    2.1811847E+01    1.1769357E+01
    3.2620000E+00    2.1811847E+01    1.1769357E+01
    3.2660000E+00    2.1811847E+01    1.1769357E+01
    3.2700000E+00    2.1811847E+01    1.1769357E+01
    3.2740000E+00    2.1811847E+01    1.1769357E+01
    3.2780000E+00    2.1811847E+01    1.1769357E+01
    3.2820000E+00    2.1811847E+01    1.1769357E+01
    3.2860000E+00    2.1811847E+01    1.1769357E+01
    3.2900000E+00    2.1811847E+01    1.1769357E+01
    3.2940000E+00    2.1811847E+01    1.1769357E+01
    3.2980000E+00    2.1811847E+01    1.1769357E+01
    3.3020000E+00    2.1811847E+01    1.1769357E+01
    3.3060000E+00    2.1811847E+01    1.1769357E+01
    3.3100000E+00    2.1811847E+01    1.1769357E+01
    3.3140000E+00    2.1811847E+01    1.1769357E+01
    3.3180000E+00    2.1811847E+01    1.1769357E+01
    3.3220000E+00    2.1811847E+01    1.1769357E+01
    3.3260000E+00    2.1811847E+01    1.1769357E+01
    3.3300000E+00    2.1811847E+01    1.1769357E+01
    3.3340000E+00    2.1811847E+01    1.1769357E+01
    3.3380000E+00    2.1811847E+01    1.1769357E+01
    3.3420000E+00    2.1811847E+01    1.1769357E+01
    3.3460000E+00    2.1811847E+01    1.1769357E+01
    3.3500000E+00    2.1811847E+01    1.1769357E+01
    3.3540000E+00    2.1811847E+01    1.1769357E+01
    3.3580000E+00    2.1811847E+01    1.1769357E+01
    3.3620000E+00    2.1811847E+01    1.1769357E+01
    3.3660000E+00    2.1811847E+01    1.1769357E+01
    3.3700000E+00    2.1811847E+01    1.1769357E+01
    3.3740000E+00    2.1811847E+01    1.1769357E+01
    3.3780000E+00    2.1811847E+01    1.1769357E+01
    3.3820000E+00    2.1811847E+01    1.1769357E+01
    3.3860000E+00    2.1811847E+01    1.1769357E+01
    3.3900000E+00    2.1811847E+01    1.1769357E+01
    3.3940000E+00    2.1811847E+01    1.1769357E+01
    3.3980000E+00    2.1811847E+01    1.1769357E+01
    3.4020000E+00    2.1811847E+01    1.1769357E+01
    3.4060000E+00    2.1811847E+01    1.1769357E+01
    3.4100000E+00    2.1811847E+01    1.1769357E+01
    3.4140000E+00    2.1811847E+01    1.1769357E+01
    3.4180000E+00    2.1811847E+01    1.1769357E+01
    3.4220000E+00    2.1811847E+01    1.1769357E+01
    3.4260000E+00    2.1811847E+01    1.1769357E+01
    3.4300000E+00    2.1811847E+01    1.1769357E+01
    3.4340000E+00    2.1811847E+01    1.1769357E+01
    3.4380000E+00    2.1811847E+01    1.1769357E+01
    3.4420000E+00    2.1811847E+01    1.1769357E+01
    3.4460000E+00    2.1811847E+01    1.1769357E+01
    3.4500000E+00    2.1811847E+01    1.1769357E+01
    3.4540000E+00    2.1811847E+01    1.1769357E+01
    3.4580000E+00    2.1811847E+01    1.1769357E+01
    3.4620000E+00    2.1811847E+01    1.1769357E+01
    3.4660000E+00    2.1811847E+01    1.1769357E+01
    3.4700000E+00    2.1811847E+01    1.1769357E+01
    3.4740000E+00    2.1811847E+01    1.1769357E+01
    3.4780000E+00    2.1811847E+01    1.1769357E+01
    3.4820000E+00    2.1811847E+01    1.1769357E+01
    3.4860000E+00    2.1811847E+01    1.1769357E+01
    3.4900000E+00    2.1811847E+01    1.1769357E+01
    3.4940000E+00    2.1811847E+01    1.1769357E+01
    3.4980000E+00    2.1811847E+01    1.1769357E+01
    3.5020000E+00    2.1811847E+01    1.1769357E+01
    3.5060000E+00    2.1811847E+01    1.1769357E+01
    3.5100000E+00    2.1811847E+01    1.1769357E+01
    3.5140000E+00    2.1811847E+01    1.1769357E+01
    3.5180000E+00    2.1811847E+01    1.1769357E+01
    3.5220000E+00    2.1811847E+01    1.1769357E+01
    3.5260000E+00    2.1811847E+01    1.1769357E+01
    3.5300000E+00    2.1811847E+01    1.1769357E+01
    3.5340000E+00    2.1811847E+01    1.1769357E+01
    3.5380000E+00    2.1811847E+01    1.1769357E+01
    3.5420000E+00    2.1811847E+01    1.1769357E+01
    3.5460000E+00    2.1811847E+01    1.1769357E+01
    3.5500000E+00    2.1811847E+01    1.1769357E+01
    3.5540000E+00    2.1811847E+01    1.1769357E+01
    3.5580000E+00    2.1811847E+01    1.1769357E+01
    3.5620000E+00    2.1811847E+01    1.1769357E+01
    3.5660000E+00    2.1811847E+01    1.1769357E+01
    3.5700000E+00    2.1811847E+01    1.1769357E+01
    3.5740000E+00    2.1811847E+01    1.1769357E+01
    3.5780000E+00    2.1811847E+01    1.1769357E+01
    3.5820000E+00    2.1811847E+01    1.1769357E+01
    3.5860000E+00    2.1811847E+01    1.1769357E+01
    3.5900000E+00    2.1811847E+01    1.1769357E+01
    3.5940000E+00    2.1811847E+01    1.1769357E+01
    3.5980000E+00    2.1811847E+01    1.1769357E+01
    3.6020000E+00    2.1811847E+01    1.1769357E+01
    3.6060000E+00    2.1811847E+01    1.1769357E+01
    3.6100000E+00    2.1811847E+01    1.1769357E+01
    3.6140000E+00    2.1811847E+01    1.1769357E+01
    3.6180000E+00    2.1811847E+01    1.1769357E+01
    3.6220000E+00    2.1811847E+01    1.1769357E+01
    3.6260000E+00    2.1811847E+01    1.1769357E+01
    3.6300000E+00    2.1811847E+01    1.1769357E+01
    3.6340000E+00    2.1811847E+01    1.1769357E+01
    3.6380000E+00    2.1811847E+01    1.1769357E+01
    3.6420000E+00    2.1811847E+01    1.1769357E+01
    3.6460000E+00    2.1811847E+01    1.1769357E+01
    3.6500000E+00    2.1811847E+01    1.1769357E+01
    3.6540000E+00    2.1811847E+01    1.1769357E+01
    3.6580000E+00    2.1811847E+01    1.1769357E+01
    3.6620000E+00    2.1811847E+01    1.1769357E+01
    3.6660000E+00    2.1811847E+01    1.1769357E+01
    3.6700000E+00    2.1811847E+01    1.1769357E+01
    3.6740000E+00    2.1811847E+01    1.1769357E+01
    3.6780000E+00    2.1811847E+01    1.1769357E+01
    3.6820000E+00    2.1811847E+01    1.1769357E+01
    3.6860000E+00    2.1811847E+01    1.1769357E+01
    3.6900000E+00    2.1811847E+01    1.1769357E+01
    3.6940000E+00    2.1811847E+01    1.1769357E+01
    3.6980000E+00    2.1811847E+01    1.1769357E+01
    3.7020000E+00    2.1811847E+01    1.1769357E+01
    3.7060000E+00    2.1811847E+01    1.1769357E+01
    3.7100000E+00    2.1811847E+01    1.1769357E+01
    3.7140000E+00    2.1811847E+01    1.1769357E+01
    3.7180000E+00    2.1811847E+01    1.1769357E+01
    3.7220000E+00    2.1811847E+01    1.1769357E+01
    3.7260000E+00    2.1811847E+01    1.1769357E+01
    3.7300000E+00    2.1811847E+01    1.1769357E+01
    3.7340000E+00    2.1811847E+01    1.1769357E+01
    3.7380000E+00    2.1811847E+01    1.1769357E+01
    3.7420000E+00    2.1811847E+01    1.1769357E+01
    3.7460000E+00    2.1811847E+01    1.1769357E+01
    3.7500000E+00    2.1811847E+01    1.1769357E+01
    3.7540000E+00    2.1811847E+01    1.1769357E+01
    3.7580000E+00    2.1811847E+01    1.1769357E+01
    3.7620000E+00    2.1811847E+01    1.1769357E+01
    3.7660000E+00    2.1811847E+01    1.1769357E+01
    3.7700000E+00    2.1811847E+01    1.1769357E+01
    3.7740000E+00    2.1811847E+01    1.1769357E+01
    3.7780000E+00    2.1811847E+01    1.1769357E+01
    3.7820000E+00    2.1811847E+01    1.1769357E+01
    3.7860000E+00    2.1811847E+01    1.1769357E+01
    3.7900000E+00    2.1811847E+01    1.1769357E+01
    3.7940000E+00    2.1811847E+01    1.1769357E+01
    3.7980000E+00    2.1811847E+01    1.1769357E+01
    3.8020000E+00    2.1811847E+01    1.1769357E+01
    3.8060000E+00    2.1811847E+01    1.1769357E+01
    3.8100000E+00    2.1811847E+01    1.1769357E+01
    3.8140000E+00    2.1811847E+01    1.1769357E+01
    3.8180000E+00    2.1811847E+01    1.1769357E+01
    3.8220000E+00    2.1811847E+01    1.1769357E+01
    3.8260000E+00    2.1811847E+01    1.1769357E+01
    3.8300000E+00    2.1811847E+01    1.1769357E+01
    3.8340000E+00    2.1811847E+01    1.1769357E+01
    3.8380000E+00    2.1811847E+01    1.1769357E+01
    3.8420000E+00    2.1811847E+01    1.1769357E+01
    3.8460000E+00    2.1811847E+01    1.1769357E+01
    3.8500000E+00    2.1811847E+01    1.1769357E+01
    3.8540000E+00    2.1811847E+01    1.1769357E+01
    3.8580000E+00    2.1811847E+01    1.1769357E+01
    3.8620000E+00    2.1811847E+01    1.1769357E+01
    3.8660000E+00    2.1811847E+01    1.1769357E+01
    3.8700000E+00    2.1811847E+01    1.1769357E+01
    3.8740000E+00    2.1811847E+01    1.1769357E+01
    3.8780000E+00    2.1811847E+01    1.1769357E+01
    3.8820000E+00    2.1811847E+01    1.1769357E+01
    3.8860000E+00    2.1811847E+01    1.1769357E+01
    3.8900000E+00    2.1811847E+01    1.1769357E+01
    3.8940000E+00    2.1811847E+01    1.1769357E+01
    3.8980000E+00    2.1811847E+01    1.1769357E+01
    3.9020000E+00    2.1811847E+01    1.1769357E+01
    3.9060000E+00    2.1811847E+01    1.1769357E+01
    3.9100000E+00    2.1811847E+01    1.1769357E+01
    3.9140000E+00    2.1811847E+01    1.1769357E+01
    3.9180000E+00    2.1811847E+01    1.1769357E+01
    3.9220000E+00    2.1811847E+01    1.1769357E+01
    3.9260000E+00    2.1811847E+01    1.1769357E+01
    3.9300000E+00    2.1811847E+01    1.1769357E+01
    3.9340000E+00    2.1811847E+01    1.1769357E+01
    3.9380000E+00    2.1811847E+01    1.1769357E+01
    3.9420000E+00    2.1811847E+01    1.1769357E+01
    3.9460000E+00    2.1811847E+01    1.1769357E+01
    3.9500000E+00    2.1811847E+01    1.1769357E+01
    3.9540000E+00    2.1811847E+01    1.1769357E+01
    3.9580000E+00    2.1811847E+01    1.1769357E+01
    3.9620000E+00    2.1811847E+01    1.1769357E+01
    3.9660000E+00    2.1811847E+01    1.1769357E+01
    3.9700000E+00    2.1811847E+01    1.1769357E+01
    3.9740000E+00    2.1811847E+01    1.1769357E+01
    3.9780000E+00    2.1811847E+01    1.1769357E+01
    3.9820000E+00    2.1811847E+01    1.1769357E+01
    3.9860000E+00    2.1811847E+01    1.1769357E+01
    3.9900000E+00    2.1811847E+01    1.1769357E+01
    3.9940000E+00    2.1811847E+01    1.1769357E+01
    3.9980000E+00    2.1811847E+01    1.1769357E+01
