# Time          7.5000E+01
# Units: Bars
    Distance        CO2(g)          
    2.0000000E-03    1.1470927E-01
    6.0000000E-03    1.2569149E-01
    1.0000000E-02    1.3663582E-01
    1.4000000E-02    1.4754239E-01
    1.8000000E-02    1.5841130E-01
    2.2000000E-02    1.6924266E-01
    2.6000000E-02    1.8003660E-01
    3.0000000E-02    1.9079323E-01
    3.4000000E-02    2.0151265E-01
    3.8000000E-02    2.1219498E-01
    4.2000000E-02    2.2284035E-01
    4.6000000E-02    2.3344884E-01
    5.0000000E-02    2.4402059E-01
    5.4000000E-02    2.5455571E-01
    5.8000000E-02    2.6505429E-01
    6.2000000E-02    2.7551646E-01
    6.6000000E-02    2.8594233E-01
    7.0000000E-02    2.9633201E-01
    7.4000000E-02    3.0668560E-01
    7.8000000E-02    3.1700322E-01
    8.2000000E-02    3.2728498E-01
    8.6000000E-02    3.3753098E-01
    9.0000000E-02    3.4774134E-01
    9.4000000E-02    3.5791617E-01
    9.8000000E-02    3.6805557E-01
    1.0200000E-01    3.7815965E-01
    1.0600000E-01    3.8822852E-01
    1.1000000E-01    3.9826229E-01
    1.1400000E-01    4.0826106E-01
    1.1800000E-01    4.1822495E-01
    1.2200000E-01    4.2815405E-01
    1.2600000E-01    4.3804849E-01
    1.3000000E-01    4.4790835E-01
    1.3400000E-01    4.5773375E-01
    1.3800000E-01    4.6752479E-01
    1.4200000E-01    4.7728158E-01
    1.4600000E-01    4.8700423E-01
    1.5000000E-01    4.9669283E-01
    1.5400000E-01    5.0634749E-01
    1.5800000E-01    5.1596833E-01
    1.6200000E-01    5.2555543E-01
    1.6600000E-01    5.3510891E-01
    1.7000000E-01    5.4462886E-01
    1.7400000E-01    5.5411540E-01
    1.7800000E-01    5.6356862E-01
    1.8200000E-01    5.7298862E-01
    1.8600000E-01    5.8237552E-01
    1.9000000E-01    5.9172940E-01
    1.9400000E-01    6.0105037E-01
    1.9800000E-01    6.1033854E-01
    2.0200000E-01    6.1959400E-01
    2.0600000E-01    6.2881686E-01
    2.1000000E-01    6.3800721E-01
    2.1400000E-01    6.4716515E-01
    2.1800000E-01    6.5629079E-01
    2.2200000E-01    6.6538423E-01
    2.2600000E-01    6.7444556E-01
    2.3000000E-01    6.8347488E-01
    2.3400000E-01    6.9247229E-01
    2.3800000E-01    7.0143790E-01
    2.4200000E-01    7.1037179E-01
    2.4600000E-01    7.1927407E-01
    2.5000000E-01    7.2814484E-01
    2.5400000E-01    7.3698419E-01
    2.5800000E-01    7.4579222E-01
    2.6200000E-01    7.5456902E-01
    2.6600000E-01    7.6331469E-01
    2.7000000E-01    7.7202934E-01
    2.7400000E-01    7.8071305E-01
    2.7800000E-01    7.8936592E-01
    2.8200000E-01    7.9798805E-01
    2.8600000E-01    8.0657953E-01
    2.9000000E-01    8.1514046E-01
    2.9400000E-01    8.2367093E-01
    2.9800000E-01    8.3217104E-01
    3.0200000E-01    8.4064087E-01
    3.0600000E-01    8.4908053E-01
    3.1000000E-01    8.5749012E-01
    3.1400000E-01    8.6586971E-01
    3.1800000E-01    8.7421941E-01
    3.2200000E-01    8.8253930E-01
    3.2600000E-01    8.9082949E-01
    3.3000000E-01    8.9909006E-01
    3.3400000E-01    9.0732111E-01
    3.3800000E-01    9.1552272E-01
    3.4200000E-01    9.2369500E-01
    3.4600000E-01    9.3183802E-01
    3.5000000E-01    9.3995189E-01
    3.5400000E-01    9.4803669E-01
    3.5800000E-01    9.5609251E-01
    3.6200000E-01    9.6411945E-01
    3.6600000E-01    9.7211759E-01
    3.7000000E-01    9.8008703E-01
    3.7400000E-01    9.8802785E-01
    3.7800000E-01    9.9594014E-01
    3.8200000E-01    1.0038240E+00
    3.8600000E-01    1.0116795E+00
    3.9000000E-01    1.0195068E+00
    3.9400000E-01    1.0273058E+00
    3.9800000E-01    1.0350768E+00
    4.0200000E-01    1.0428198E+00
    4.0600000E-01    1.0505349E+00
    4.1000000E-01    1.0582222E+00
    4.1400000E-01    1.0658817E+00
    4.1800000E-01    1.0735136E+00
    4.2200000E-01    1.0811180E+00
    4.2600000E-01    1.0886948E+00
    4.3000000E-01    1.0962443E+00
    4.3400000E-01    1.1037665E+00
    4.3800000E-01    1.1112615E+00
    4.4200000E-01    1.1187293E+00
    4.4600000E-01    1.1261701E+00
    4.5000000E-01    1.1335839E+00
    4.5400000E-01    1.1409709E+00
    4.5800000E-01    1.1483311E+00
    4.6200000E-01    1.1556645E+00
    4.6600000E-01    1.1629714E+00
    4.7000000E-01    1.1702517E+00
    4.7400000E-01    1.1775056E+00
    4.7800000E-01    1.1847330E+00
    4.8200000E-01    1.1919343E+00
    4.8600000E-01    1.1991093E+00
    4.9000000E-01    1.2062582E+00
    4.9400000E-01    1.2133810E+00
    4.9800000E-01    1.2204779E+00
    5.0200000E-01    1.2275489E+00
    5.0600000E-01    1.2345942E+00
    5.1000000E-01    1.2416137E+00
    5.1400000E-01    1.2486076E+00
    5.1800000E-01    1.2555759E+00
    5.2200000E-01    1.2625188E+00
    5.2600000E-01    1.2694363E+00
    5.3000000E-01    1.2763285E+00
    5.3400000E-01    1.2831955E+00
    5.3800000E-01    1.2900373E+00
    5.4200000E-01    1.2968541E+00
    5.4600000E-01    1.3036458E+00
    5.5000000E-01    1.3104127E+00
    5.5400000E-01    1.3171548E+00
    5.5800000E-01    1.3238721E+00
    5.6200000E-01    1.3305647E+00
    5.6600000E-01    1.3372328E+00
    5.7000000E-01    1.3438763E+00
    5.7400000E-01    1.3504954E+00
    5.7800000E-01    1.3570901E+00
    5.8200000E-01    1.3636606E+00
    5.8600000E-01    1.3702069E+00
    5.9000000E-01    1.3767290E+00
    5.9400000E-01    1.3832271E+00
    5.9800000E-01    1.3897013E+00
    6.0200000E-01    1.3961515E+00
    6.0600000E-01    1.4025779E+00
    6.1000000E-01    1.4089806E+00
    6.1400000E-01    1.4153597E+00
    6.1800000E-01    1.4217151E+00
    6.2200000E-01    1.4280470E+00
    6.2600000E-01    1.4343555E+00
    6.3000000E-01    1.4406406E+00
    6.3400000E-01    1.4469025E+00
    6.3800000E-01    1.4531411E+00
    6.4200000E-01    1.4593566E+00
    6.4600000E-01    1.4655490E+00
    6.5000000E-01    1.4717185E+00
    6.5400000E-01    1.4778650E+00
    6.5800000E-01    1.4839887E+00
    6.6200000E-01    1.4900896E+00
    6.6600000E-01    1.4961678E+00
    6.7000000E-01    1.5022234E+00
    6.7400000E-01    1.5082565E+00
    6.7800000E-01    1.5142670E+00
    6.8200000E-01    1.5202552E+00
    6.8600000E-01    1.5262210E+00
    6.9000000E-01    1.5321646E+00
    6.9400000E-01    1.5380860E+00
    6.9800000E-01    1.5439853E+00
    7.0200000E-01    1.5498625E+00
    7.0600000E-01    1.5557178E+00
    7.1000000E-01    1.5615512E+00
    7.1400000E-01    1.5673627E+00
    7.1800000E-01    1.5731525E+00
    7.2200000E-01    1.5789205E+00
    7.2600000E-01    1.5846670E+00
    7.3000000E-01    1.5903919E+00
    7.3400000E-01    1.5960953E+00
    7.3800000E-01    1.6017774E+00
    7.4200000E-01    1.6074380E+00
    7.4600000E-01    1.6130775E+00
    7.5000000E-01    1.6186957E+00
    7.5400000E-01    1.6242927E+00
    7.5800000E-01    1.6298688E+00
    7.6200000E-01    1.6354238E+00
    7.6600000E-01    1.6409579E+00
    7.7000000E-01    1.6464711E+00
    7.7400000E-01    1.6519635E+00
    7.7800000E-01    1.6574353E+00
    7.8200000E-01    1.6628863E+00
    7.8600000E-01    1.6683168E+00
    7.9000000E-01    1.6737268E+00
    7.9400000E-01    1.6791163E+00
    7.9800000E-01    1.6844854E+00
    8.0200000E-01    1.6898342E+00
    8.0600000E-01    1.6951627E+00
    8.1000000E-01    1.7004711E+00
    8.1400000E-01    1.7057593E+00
    8.1800000E-01    1.7110275E+00
    8.2200000E-01    1.7162756E+00
    8.2600000E-01    1.7215039E+00
    8.3000000E-01    1.7267123E+00
    8.3400000E-01    1.7319009E+00
    8.3800000E-01    1.7370698E+00
    8.4200000E-01    1.7422190E+00
    8.4600000E-01    1.7473486E+00
    8.5000000E-01    1.7524587E+00
    8.5400000E-01    1.7575493E+00
    8.5800000E-01    1.7626205E+00
    8.6200000E-01    1.7676724E+00
    8.6600000E-01    1.7727050E+00
    8.7000000E-01    1.7777183E+00
    8.7400000E-01    1.7827126E+00
    8.7800000E-01    1.7876877E+00
    8.8200000E-01    1.7926438E+00
    8.8600000E-01    1.7975809E+00
    8.9000000E-01    1.8024992E+00
    8.9400000E-01    1.8073986E+00
    8.9800000E-01    1.8122792E+00
    9.0200000E-01    1.8171411E+00
    9.0600000E-01    1.8219844E+00
    9.1000000E-01    1.8268090E+00
    9.1400000E-01    1.8316152E+00
    9.1800000E-01    1.8364029E+00
    9.2200000E-01    1.8411721E+00
    9.2600000E-01    1.8459231E+00
    9.3000000E-01    1.8506557E+00
    9.3400000E-01    1.8553701E+00
    9.3800000E-01    1.8600664E+00
    9.4200000E-01    1.8647446E+00
    9.4600000E-01    1.8694047E+00
    9.5000000E-01    1.8740468E+00
    9.5400000E-01    1.8786711E+00
    9.5800000E-01    1.8832774E+00
    9.6200000E-01    1.8878660E+00
    9.6600000E-01    1.8924368E+00
    9.7000000E-01    1.8969899E+00
    9.7400000E-01    1.9015254E+00
    9.7800000E-01    1.9060434E+00
    9.8200000E-01    1.9105438E+00
    9.8600000E-01    1.9150268E+00
    9.9000000E-01    1.9194924E+00
    9.9400000E-01    1.9239406E+00
    9.9800000E-01    1.9283716E+00
    1.0020000E+00    1.9327854E+00
    1.0060000E+00    1.9371820E+00
    1.0100000E+00    1.9415616E+00
    1.0140000E+00    1.9459240E+00
    1.0180000E+00    1.9502695E+00
    1.0220000E+00    1.9545981E+00
    1.0260000E+00    1.9589098E+00
    1.0300000E+00    1.9632047E+00
    1.0340000E+00    1.9674828E+00
    1.0380000E+00    1.9717442E+00
    1.0420000E+00    1.9759890E+00
    1.0460000E+00    1.9802172E+00
    1.0500000E+00    1.9844288E+00
    1.0540000E+00    1.9886240E+00
    1.0580000E+00    1.9928027E+00
    1.0620000E+00    1.9969651E+00
    1.0660000E+00    2.0011112E+00
    1.0700000E+00    2.0052410E+00
    1.0740000E+00    2.0093546E+00
    1.0780000E+00    2.0134521E+00
    1.0820000E+00    2.0175335E+00
    1.0860000E+00    2.0215988E+00
    1.0900000E+00    2.0256482E+00
    1.0940000E+00    2.0296816E+00
    1.0980000E+00    2.0336992E+00
    1.1020000E+00    2.0377009E+00
    1.1060000E+00    2.0416869E+00
    1.1100000E+00    2.0456571E+00
    1.1140000E+00    2.0496117E+00
    1.1180000E+00    2.0535507E+00
    1.1220000E+00    2.0574742E+00
    1.1260000E+00    2.0613821E+00
    1.1300000E+00    2.0652746E+00
    1.1340000E+00    2.0691517E+00
    1.1380000E+00    2.0730135E+00
    1.1420000E+00    2.0768599E+00
    1.1460000E+00    2.0806912E+00
    1.1500000E+00    2.0845072E+00
    1.1540000E+00    2.0883081E+00
    1.1580000E+00    2.0920939E+00
    1.1620000E+00    2.0958647E+00
    1.1660000E+00    2.0996206E+00
    1.1700000E+00    2.1033615E+00
    1.1740000E+00    2.1070875E+00
    1.1780000E+00    2.1107987E+00
    1.1820000E+00    2.1144951E+00
    1.1860000E+00    2.1181768E+00
    1.1900000E+00    2.1218438E+00
    1.1940000E+00    2.1254962E+00
    1.1980000E+00    2.1291340E+00
    1.2020000E+00    2.1327573E+00
    1.2060000E+00    2.1363662E+00
    1.2100000E+00    2.1399606E+00
    1.2140000E+00    2.1435406E+00
    1.2180000E+00    2.1471064E+00
    1.2220000E+00    2.1506578E+00
    1.2260000E+00    2.1541950E+00
    1.2300000E+00    2.1577181E+00
    1.2340000E+00    2.1612270E+00
    1.2380000E+00    2.1647218E+00
    1.2420000E+00    2.1682026E+00
    1.2460000E+00    2.1716695E+00
    1.2500000E+00    2.1751224E+00
    1.2540000E+00    2.1785614E+00
    1.2580000E+00    2.1819866E+00
    1.2620000E+00    2.1853980E+00
    1.2660000E+00    2.1887957E+00
    1.2700000E+00    2.1921796E+00
    1.2740000E+00    2.1955500E+00
    1.2780000E+00    2.1989067E+00
    1.2820000E+00    2.2022499E+00
    1.2860000E+00    2.2055796E+00
    1.2900000E+00    2.2088958E+00
    1.2940000E+00    2.2121986E+00
    1.2980000E+00    2.2154881E+00
    1.3020000E+00    2.2187642E+00
    1.3060000E+00    2.2220271E+00
    1.3100000E+00    2.2252767E+00
    1.3140000E+00    2.2285132E+00
    1.3180000E+00    2.2317366E+00
    1.3220000E+00    2.2349468E+00
    1.3260000E+00    2.2381441E+00
    1.3300000E+00    2.2413283E+00
    1.3340000E+00    2.2444996E+00
    1.3380000E+00    2.2476580E+00
    1.3420000E+00    2.2508035E+00
    1.3460000E+00    2.2539362E+00
    1.3500000E+00    2.2570562E+00
    1.3540000E+00    2.2601634E+00
    1.3580000E+00    2.2632580E+00
    1.3620000E+00    2.2663399E+00
    1.3660000E+00    2.2694093E+00
    1.3700000E+00    2.2724661E+00
    1.3740000E+00    2.2755104E+00
    1.3780000E+00    2.2785423E+00
    1.3820000E+00    2.2815617E+00
    1.3860000E+00    2.2845688E+00
    1.3900000E+00    2.2875635E+00
    1.3940000E+00    2.2905460E+00
    1.3980000E+00    2.2935162E+00
    1.4020000E+00    2.2964743E+00
    1.4060000E+00    2.2994202E+00
    1.4100000E+00    2.3023540E+00
    1.4140000E+00    2.3052757E+00
    1.4180000E+00    2.3081854E+00
    1.4220000E+00    2.3110831E+00
    1.4260000E+00    2.3139689E+00
    1.4300000E+00    2.3168428E+00
    1.4340000E+00    2.3197049E+00
    1.4380000E+00    2.3225551E+00
    1.4420000E+00    2.3253936E+00
    1.4460000E+00    2.3282203E+00
    1.4500000E+00    2.3310354E+00
    1.4540000E+00    2.3338388E+00
    1.4580000E+00    2.3366307E+00
    1.4620000E+00    2.3394109E+00
    1.4660000E+00    2.3421797E+00
    1.4700000E+00    2.3449370E+00
    1.4740000E+00    2.3476828E+00
    1.4780000E+00    2.3504173E+00
    1.4820000E+00    2.3531404E+00
    1.4860000E+00    2.3558521E+00
    1.4900000E+00    2.3585527E+00
    1.4940000E+00    2.3612419E+00
    1.4980000E+00    2.3639200E+00
    1.5020000E+00    2.3665870E+00
    1.5060000E+00    2.3692428E+00
    1.5100000E+00    2.3718876E+00
    1.5140000E+00    2.3745213E+00
    1.5180000E+00    2.3771440E+00
    1.5220000E+00    2.3797558E+00
    1.5260000E+00    2.3823567E+00
    1.5300000E+00    2.3849467E+00
    1.5340000E+00    2.3875258E+00
    1.5380000E+00    2.3900942E+00
    1.5420000E+00    2.3926518E+00
    1.5460000E+00    2.3951987E+00
    1.5500000E+00    2.3977349E+00
    1.5540000E+00    2.4002605E+00
    1.5580000E+00    2.4027755E+00
    1.5620000E+00    2.4052799E+00
    1.5660000E+00    2.4077738E+00
    1.5700000E+00    2.4102572E+00
    1.5740000E+00    2.4127301E+00
    1.5780000E+00    2.4151927E+00
    1.5820000E+00    2.4176448E+00
    1.5860000E+00    2.4200867E+00
    1.5900000E+00    2.4225182E+00
    1.5940000E+00    2.4249395E+00
    1.5980000E+00    2.4273505E+00
    1.6020000E+00    2.4297514E+00
    1.6060000E+00    2.4321421E+00
    1.6100000E+00    2.4345227E+00
    1.6140000E+00    2.4368933E+00
    1.6180000E+00    2.4392537E+00
    1.6220000E+00    2.4416042E+00
    1.6260000E+00    2.4439448E+00
    1.6300000E+00    2.4462754E+00
    1.6340000E+00    2.4485961E+00
    1.6380000E+00    2.4509069E+00
    1.6420000E+00    2.4532080E+00
    1.6460000E+00    2.4554992E+00
    1.6500000E+00    2.4577807E+00
    1.6540000E+00    2.4600525E+00
    1.6580000E+00    2.4623146E+00
    1.6620000E+00    2.4645671E+00
    1.6660000E+00    2.4668100E+00
    1.6700000E+00    2.4690433E+00
    1.6740000E+00    2.4712670E+00
    1.6780000E+00    2.4734813E+00
    1.6820000E+00    2.4756861E+00
    1.6860000E+00    2.4778814E+00
    1.6900000E+00    2.4800674E+00
    1.6940000E+00    2.4822440E+00
    1.6980000E+00    2.4844113E+00
    1.7020000E+00    2.4865693E+00
    1.7060000E+00    2.4887180E+00
    1.7100000E+00    2.4908575E+00
    1.7140000E+00    2.4929879E+00
    1.7180000E+00    2.4951090E+00
    1.7220000E+00    2.4972211E+00
    1.7260000E+00    2.4993240E+00
    1.7300000E+00    2.5014179E+00
    1.7340000E+00    2.5035028E+00
    1.7380000E+00    2.5055787E+00
    1.7420000E+00    2.5076457E+00
    1.7460000E+00    2.5097037E+00
    1.7500000E+00    2.5117528E+00
    1.7540000E+00    2.5137931E+00
    1.7580000E+00    2.5158246E+00
    1.7620000E+00    2.5178473E+00
    1.7660000E+00    2.5198612E+00
    1.7700000E+00    2.5218664E+00
    1.7740000E+00    2.5238629E+00
    1.7780000E+00    2.5258507E+00
    1.7820000E+00    2.5278300E+00
    1.7860000E+00    2.5298006E+00
    1.7900000E+00    2.5317627E+00
    1.7940000E+00    2.5337162E+00
    1.7980000E+00    2.5356613E+00
    1.8020000E+00    2.5375978E+00
    1.8060000E+00    2.5395260E+00
    1.8100000E+00    2.5414457E+00
    1.8140000E+00    2.5433571E+00
    1.8180000E+00    2.5452601E+00
    1.8220000E+00    2.5471548E+00
    1.8260000E+00    2.5490413E+00
    1.8300000E+00    2.5509195E+00
    1.8340000E+00    2.5527895E+00
    1.8380000E+00    2.5546513E+00
    1.8420000E+00    2.5565050E+00
    1.8460000E+00    2.5583505E+00
    1.8500000E+00    2.5601879E+00
    1.8540000E+00    2.5620173E+00
    1.8580000E+00    2.5638386E+00
    1.8620000E+00    2.5656520E+00
    1.8660000E+00    2.5674574E+00
    1.8700000E+00    2.5692548E+00
    1.8740000E+00    2.5710443E+00
    1.8780000E+00    2.5728260E+00
    1.8820000E+00    2.5745998E+00
    1.8860000E+00    2.5763658E+00
    1.8900000E+00    2.5781240E+00
    1.8940000E+00    2.5798744E+00
    1.8980000E+00    2.5816171E+00
    1.9020000E+00    2.5833521E+00
    1.9060000E+00    2.5850794E+00
    1.9100000E+00    2.5867991E+00
    1.9140000E+00    2.5885111E+00
    1.9180000E+00    2.5902156E+00
    1.9220000E+00    2.5919125E+00
    1.9260000E+00    2.5936019E+00
    1.9300000E+00    2.5952838E+00
    1.9340000E+00    2.5969582E+00
    1.9380000E+00    2.5986252E+00
    1.9420000E+00    2.6002847E+00
    1.9460000E+00    2.6019369E+00
    1.9500000E+00    2.6035817E+00
    1.9540000E+00    2.6052192E+00
    1.9580000E+00    2.6068494E+00
    1.9620000E+00    2.6084723E+00
    1.9660000E+00    2.6100880E+00
    1.9700000E+00    2.6116964E+00
    1.9740000E+00    2.6132977E+00
    1.9780000E+00    2.6148918E+00
    1.9820000E+00    2.6164787E+00
    1.9860000E+00    2.6180586E+00
    1.9900000E+00    2.6196314E+00
    1.9940000E+00    2.6211971E+00
    1.9980000E+00    2.6227558E+00
    2.0020000E+00    2.6243075E+00
    2.0060000E+00    2.6258522E+00
    2.0100000E+00    2.6273900E+00
    2.0140000E+00    2.6289208E+00
    2.0180000E+00    2.6304448E+00
    2.0220000E+00    2.6319619E+00
    2.0260000E+00    2.6334722E+00
    2.0300000E+00    2.6349756E+00
    2.0340000E+00    2.6364723E+00
    2.0380000E+00    2.6379622E+00
    2.0420000E+00    2.6394453E+00
    2.0460000E+00    2.6409218E+00
    2.0500000E+00    2.6423916E+00
    2.0540000E+00    2.6438547E+00
    2.0580000E+00    2.6453112E+00
    2.0620000E+00    2.6467611E+00
    2.0660000E+00    2.6482044E+00
    2.0700000E+00    2.6496411E+00
    2.0740000E+00    2.6510713E+00
    2.0780000E+00    2.6524951E+00
    2.0820000E+00    2.6539123E+00
    2.0860000E+00    2.6553231E+00
    2.0900000E+00    2.6567275E+00
    2.0940000E+00    2.6581254E+00
    2.0980000E+00    2.6595170E+00
    2.1020000E+00    2.6609022E+00
    2.1060000E+00    2.6622811E+00
    2.1100000E+00    2.6636537E+00
    2.1140000E+00    2.6650201E+00
    2.1180000E+00    2.6663801E+00
    2.1220000E+00    2.6677340E+00
    2.1260000E+00    2.6690816E+00
    2.1300000E+00    2.6704231E+00
    2.1340000E+00    2.6717584E+00
    2.1380000E+00    2.6730875E+00
    2.1420000E+00    2.6744106E+00
    2.1460000E+00    2.6757275E+00
    2.1500000E+00    2.6770384E+00
    2.1540000E+00    2.6783433E+00
    2.1580000E+00    2.6796422E+00
    2.1620000E+00    2.6809350E+00
    2.1660000E+00    2.6822219E+00
    2.1700000E+00    2.6835029E+00
    2.1740000E+00    2.6847779E+00
    2.1780000E+00    2.6860471E+00
    2.1820000E+00    2.6873103E+00
    2.1860000E+00    2.6885678E+00
    2.1900000E+00    2.6898193E+00
    2.1940000E+00    2.6910651E+00
    2.1980000E+00    2.6923051E+00
    2.2020000E+00    2.6935394E+00
    2.2060000E+00    2.6947679E+00
    2.2100000E+00    2.6959907E+00
    2.2140000E+00    2.6972078E+00
    2.2180000E+00    2.6984192E+00
    2.2220000E+00    2.6996250E+00
    2.2260000E+00    2.7008252E+00
    2.2300000E+00    2.7020197E+00
    2.2340000E+00    2.7032087E+00
    2.2380000E+00    2.7043921E+00
    2.2420000E+00    2.7055700E+00
    2.2460000E+00    2.7067424E+00
    2.2500000E+00    2.7079093E+00
    2.2540000E+00    2.7090707E+00
    2.2580000E+00    2.7102267E+00
    2.2620000E+00    2.7113772E+00
    2.2660000E+00    2.7125224E+00
    2.2700000E+00    2.7136621E+00
    2.2740000E+00    2.7147965E+00
    2.2780000E+00    2.7159255E+00
    2.2820000E+00    2.7170493E+00
    2.2860000E+00    2.7181677E+00
    2.2900000E+00    2.7192809E+00
    2.2940000E+00    2.7203887E+00
    2.2980000E+00    2.7214914E+00
    2.3020000E+00    2.7225888E+00
    2.3060000E+00    2.7236811E+00
    2.3100000E+00    2.7247682E+00
    2.3140000E+00    2.7258501E+00
    2.3180000E+00    2.7269269E+00
    2.3220000E+00    2.7279986E+00
    2.3260000E+00    2.7290652E+00
    2.3300000E+00    2.7301267E+00
    2.3340000E+00    2.7311831E+00
    2.3380000E+00    2.7322346E+00
    2.3420000E+00    2.7332810E+00
    2.3460000E+00    2.7343224E+00
    2.3500000E+00    2.7353589E+00
    2.3540000E+00    2.7363904E+00
    2.3580000E+00    2.7374170E+00
    2.3620000E+00    2.7384386E+00
    2.3660000E+00    2.7394554E+00
    2.3700000E+00    2.7404673E+00
    2.3740000E+00    2.7414744E+00
    2.3780000E+00    2.7424766E+00
    2.3820000E+00    2.7434740E+00
    2.3860000E+00    2.7444666E+00
    2.3900000E+00    2.7454544E+00
    2.3940000E+00    2.7464375E+00
    2.3980000E+00    2.7474159E+00
    2.4020000E+00    2.7483895E+00
    2.4060000E+00    2.7493584E+00
    2.4100000E+00    2.7503226E+00
    2.4140000E+00    2.7512822E+00
    2.4180000E+00    2.7522372E+00
    2.4220000E+00    2.7531875E+00
    2.4260000E+00    2.7541332E+00
    2.4300000E+00    2.7550743E+00
    2.4340000E+00    2.7560109E+00
    2.4380000E+00    2.7569429E+00
    2.4420000E+00    2.7578703E+00
    2.4460000E+00    2.7587933E+00
    2.4500000E+00    2.7597117E+00
    2.4540000E+00    2.7606257E+00
    2.4580000E+00    2.7615353E+00
    2.4620000E+00    2.7624403E+00
    2.4660000E+00    2.7633410E+00
    2.4700000E+00    2.7642372E+00
    2.4740000E+00    2.7651291E+00
    2.4780000E+00    2.7660166E+00
    2.4820000E+00    2.7668998E+00
    2.4860000E+00    2.7677786E+00
    2.4900000E+00    2.7686530E+00
    2.4940000E+00    2.7695232E+00
    2.4980000E+00    2.7703891E+00
    2.5020000E+00    2.7712508E+00
    2.5060000E+00    2.7721082E+00
    2.5100000E+00    2.7729613E+00
    2.5140000E+00    2.7738103E+00
    2.5180000E+00    2.7746550E+00
    2.5220000E+00    2.7754956E+00
    2.5260000E+00    2.7763320E+00
    2.5300000E+00    2.7771643E+00
    2.5340000E+00    2.7779924E+00
    2.5380000E+00    2.7788164E+00
    2.5420000E+00    2.7796363E+00
    2.5460000E+00    2.7804522E+00
    2.5500000E+00    2.7812640E+00
    2.5540000E+00    2.7820717E+00
    2.5580000E+00    2.7828754E+00
    2.5620000E+00    2.7836751E+00
    2.5660000E+00    2.7844708E+00
    2.5700000E+00    2.7852625E+00
    2.5740000E+00    2.7860502E+00
    2.5780000E+00    2.7868340E+00
    2.5820000E+00    2.7876139E+00
    2.5860000E+00    2.7883898E+00
    2.5900000E+00    2.7891619E+00
    2.5940000E+00    2.7899300E+00
    2.5980000E+00    2.7906943E+00
    2.6020000E+00    2.7914547E+00
    2.6060000E+00    2.7922113E+00
    2.6100000E+00    2.7929641E+00
    2.6140000E+00    2.7937131E+00
    2.6180000E+00    2.7944582E+00
    2.6220000E+00    2.7951996E+00
    2.6260000E+00    2.7959372E+00
    2.6300000E+00    2.7966711E+00
    2.6340000E+00    2.7974013E+00
    2.6380000E+00    2.7981277E+00
    2.6420000E+00    2.7988504E+00
    2.6460000E+00    2.7995695E+00
    2.6500000E+00    2.8002849E+00
    2.6540000E+00    2.8009966E+00
    2.6580000E+00    2.8017047E+00
    2.6620000E+00    2.8024091E+00
    2.6660000E+00    2.8031100E+00
    2.6700000E+00    2.8038072E+00
    2.6740000E+00    2.8045009E+00
    2.6780000E+00    2.8051909E+00
    2.6820000E+00    2.8058775E+00
    2.6860000E+00    2.8065605E+00
    2.6900000E+00    2.8072399E+00
    2.6940000E+00    2.8079159E+00
    2.6980000E+00    2.8085884E+00
    2.7020000E+00    2.8092574E+00
    2.7060000E+00    2.8099229E+00
    2.7100000E+00    2.8105849E+00
    2.7140000E+00    2.8112435E+00
    2.7180000E+00    2.8118987E+00
    2.7220000E+00    2.8125505E+00
    2.7260000E+00    2.8131989E+00
    2.7300000E+00    2.8138439E+00
    2.7340000E+00    2.8144855E+00
    2.7380000E+00    2.8151238E+00
    2.7420000E+00    2.8157587E+00
    2.7460000E+00    2.8163903E+00
    2.7500000E+00    2.8170186E+00
    2.7540000E+00    2.8176435E+00
    2.7580000E+00    2.8182652E+00
    2.7620000E+00    2.8188836E+00
    2.7660000E+00    2.8194987E+00
    2.7700000E+00    2.8201106E+00
    2.7740000E+00    2.8207193E+00
    2.7780000E+00    2.8213247E+00
    2.7820000E+00    2.8219269E+00
    2.7860000E+00    2.8225259E+00
    2.7900000E+00    2.8231218E+00
    2.7940000E+00    2.8237144E+00
    2.7980000E+00    2.8243039E+00
    2.8020000E+00    2.8248902E+00
    2.8060000E+00    2.8254735E+00
    2.8100000E+00    2.8260535E+00
    2.8140000E+00    2.8266305E+00
    2.8180000E+00    2.8272044E+00
    2.8220000E+00    2.8277752E+00
    2.8260000E+00    2.8283429E+00
    2.8300000E+00    2.8289076E+00
    2.8340000E+00    2.8294692E+00
    2.8380000E+00    2.8300278E+00
    2.8420000E+00    2.8305834E+00
    2.8460000E+00    2.8311359E+00
    2.8500000E+00    2.8316855E+00
    2.8540000E+00    2.8322320E+00
    2.8580000E+00    2.8327756E+00
    2.8620000E+00    2.8333162E+00
    2.8660000E+00    2.8338539E+00
    2.8700000E+00    2.8343886E+00
    2.8740000E+00    2.8349204E+00
    2.8780000E+00    2.8354493E+00
    2.8820000E+00    2.8359753E+00
    2.8860000E+00    2.8364984E+00
    2.8900000E+00    2.8370186E+00
    2.8940000E+00    2.8375359E+00
    2.8980000E+00    2.8380504E+00
    2.9020000E+00    2.8385620E+00
    2.9060000E+00    2.8390708E+00
    2.9100000E+00    2.8395768E+00
    2.9140000E+00    2.8400800E+00
    2.9180000E+00    2.8405803E+00
    2.9220000E+00    2.8410779E+00
    2.9260000E+00    2.8415727E+00
    2.9300000E+00    2.8420647E+00
    2.9340000E+00    2.8425540E+00
    2.9380000E+00    2.8430405E+00
    2.9420000E+00    2.8435242E+00
    2.9460000E+00    2.8440053E+00
    2.9500000E+00    2.8444836E+00
    2.9540000E+00    2.8449593E+00
    2.9580000E+00    2.8454322E+00
    2.9620000E+00    2.8459024E+00
    2.9660000E+00    2.8463700E+00
    2.9700000E+00    2.8468349E+00
    2.9740000E+00    2.8472972E+00
    2.9780000E+00    2.8477568E+00
    2.9820000E+00    2.8482138E+00
    2.9860000E+00    2.8486682E+00
    2.9900000E+00    2.8491200E+00
    2.9940000E+00    2.8495692E+00
    2.9980000E+00    2.8500157E+00
    3.0020000E+00    2.8504597E+00
    3.0060000E+00    2.8509012E+00
    3.0100000E+00    2.8513400E+00
    3.0140000E+00    2.8517763E+00
    3.0180000E+00    2.8522101E+00
    3.0220000E+00    2.8526414E+00
    3.0260000E+00    2.8530701E+00
    3.0300000E+00    2.8534963E+00
    3.0340000E+00    2.8539200E+00
    3.0380000E+00    2.8543413E+00
    3.0420000E+00    2.8547600E+00
    3.0460000E+00    2.8551763E+00
    3.0500000E+00    2.8555901E+00
    3.0540000E+00    2.8560015E+00
    3.0580000E+00    2.8564104E+00
    3.0620000E+00    2.8568169E+00
    3.0660000E+00    2.8572209E+00
    3.0700000E+00    2.8576226E+00
    3.0740000E+00    2.8580218E+00
    3.0780000E+00    2.8584186E+00
    3.0820000E+00    2.8588131E+00
    3.0860000E+00    2.8592051E+00
    3.0900000E+00    2.8595949E+00
    3.0940000E+00    2.8599822E+00
    3.0980000E+00    2.8603672E+00
    3.1020000E+00    2.8607498E+00
    3.1060000E+00    2.8611301E+00
    3.1100000E+00    2.8615081E+00
    3.1140000E+00    2.8618838E+00
    3.1180000E+00    2.8622572E+00
    3.1220000E+00    2.8626282E+00
    3.1260000E+00    2.8629970E+00
    3.1300000E+00    2.8633635E+00
    3.1340000E+00    2.8637277E+00
    3.1380000E+00    2.8640897E+00
    3.1420000E+00    2.8644493E+00
    3.1460000E+00    2.8648068E+00
    3.1500000E+00    2.8651620E+00
    3.1540000E+00    2.8655150E+00
    3.1580000E+00    2.8658657E+00
    3.1620000E+00    2.8662143E+00
    3.1660000E+00    2.8665606E+00
    3.1700000E+00    2.8669047E+00
    3.1740000E+00    2.8672467E+00
    3.1780000E+00    2.8675864E+00
    3.1820000E+00    2.8679240E+00
    3.1860000E+00    2.8682594E+00
    3.1900000E+00    2.8685927E+00
    3.1940000E+00    2.8689238E+00
    3.1980000E+00    2.8692527E+00
    3.2020000E+00    2.8695796E+00
    3.2060000E+00    2.8699043E+00
    3.2100000E+00    2.8702268E+00
    3.2140000E+00    2.8705473E+00
    3.2180000E+00    2.8708657E+00
    3.2220000E+00    2.8711819E+00
    3.2260000E+00    2.8714961E+00
    3.2300000E+00    2.8718082E+00
    3.2340000E+00    2.8721182E+00
    3.2380000E+00    2.8724262E+00
    3.2420000E+00    2.8727320E+00
    3.2460000E+00    2.8730359E+00
    3.2500000E+00    2.8733377E+00
    3.2540000E+00    2.8736374E+00
    3.2580000E+00    2.8739351E+00
    3.2620000E+00    2.8742308E+00
    3.2660000E+00    2.8745245E+00
    3.2700000E+00    2.8748161E+00
    3.2740000E+00    2.8751058E+00
    3.2780000E+00    2.8753935E+00
    3.2820000E+00    2.8756791E+00
    3.2860000E+00    2.8759628E+00
    3.2900000E+00    2.8762445E+00
    3.2940000E+00    2.8765243E+00
    3.2980000E+00    2.8768021E+00
    3.3020000E+00    2.8770779E+00
    3.3060000E+00    2.8773518E+00
    3.3100000E+00    2.8776237E+00
    3.3140000E+00    2.8778937E+00
    3.3180000E+00    2.8781618E+00
    3.3220000E+00    2.8784279E+00
    3.3260000E+00    2.8786921E+00
    3.3300000E+00    2.8789544E+00
    3.3340000E+00    2.8792148E+00
    3.3380000E+00    2.8794733E+00
    3.3420000E+00    2.8797300E+00
    3.3460000E+00    2.8799847E+00
    3.3500000E+00    2.8802376E+00
    3.3540000E+00    2.8804885E+00
    3.3580000E+00    2.8807376E+00
    3.3620000E+00    2.8809849E+00
    3.3660000E+00    2.8812303E+00
    3.3700000E+00    2.8814738E+00
    3.3740000E+00    2.8817155E+00
    3.3780000E+00    2.8819554E+00
    3.3820000E+00    2.8821934E+00
    3.3860000E+00    2.8824297E+00
    3.3900000E+00    2.8826640E+00
    3.3940000E+00    2.8828966E+00
    3.3980000E+00    2.8831274E+00
    3.4020000E+00    2.8833563E+00
    3.4060000E+00    2.8835835E+00
    3.4100000E+00    2.8838089E+00
    3.4140000E+00    2.8840325E+00
    3.4180000E+00    2.8842543E+00
    3.4220000E+00    2.8844743E+00
    3.4260000E+00    2.8846925E+00
    3.4300000E+00    2.8849090E+00
    3.4340000E+00    2.8851238E+00
    3.4380000E+00    2.8853368E+00
    3.4420000E+00    2.8855480E+00
    3.4460000E+00    2.8857575E+00
    3.4500000E+00    2.8859652E+00
    3.4540000E+00    2.8861712E+00
    3.4580000E+00    2.8863755E+00
    3.4620000E+00    2.8865781E+00
    3.4660000E+00    2.8867789E+00
    3.4700000E+00    2.8869780E+00
    3.4740000E+00    2.8871755E+00
    3.4780000E+00    2.8873712E+00
    3.4820000E+00    2.8875652E+00
    3.4860000E+00    2.8877575E+00
    3.4900000E+00    2.8879481E+00
    3.4940000E+00    2.8881371E+00
    3.4980000E+00    2.8883243E+00
    3.5020000E+00    2.8885099E+00
    3.5060000E+00    2.8886939E+00
    3.5100000E+00    2.8888761E+00
    3.5140000E+00    2.8890567E+00
    3.5180000E+00    2.8892356E+00
    3.5220000E+00    2.8894129E+00
    3.5260000E+00    2.8895885E+00
    3.5300000E+00    2.8897625E+00
    3.5340000E+00    2.8899349E+00
    3.5380000E+00    2.8901056E+00
    3.5420000E+00    2.8902747E+00
    3.5460000E+00    2.8904421E+00
    3.5500000E+00    2.8906079E+00
    3.5540000E+00    2.8907721E+00
    3.5580000E+00    2.8909347E+00
    3.5620000E+00    2.8910957E+00
    3.5660000E+00    2.8912551E+00
    3.5700000E+00    2.8914129E+00
    3.5740000E+00    2.8915690E+00
    3.5780000E+00    2.8917236E+00
    3.5820000E+00    2.8918766E+00
    3.5860000E+00    2.8920280E+00
    3.5900000E+00    2.8921778E+00
    3.5940000E+00    2.8923261E+00
    3.5980000E+00    2.8924727E+00
    3.6020000E+00    2.8926178E+00
    3.6060000E+00    2.8927613E+00
    3.6100000E+00    2.8929033E+00
    3.6140000E+00    2.8930437E+00
    3.6180000E+00    2.8931825E+00
    3.6220000E+00    2.8933198E+00
    3.6260000E+00    2.8934555E+00
    3.6300000E+00    2.8935897E+00
    3.6340000E+00    2.8937223E+00
    3.6380000E+00    2.8938534E+00
    3.6420000E+00    2.8939830E+00
    3.6460000E+00    2.8941110E+00
    3.6500000E+00    2.8942375E+00
    3.6540000E+00    2.8943624E+00
    3.6580000E+00    2.8944859E+00
    3.6620000E+00    2.8946078E+00
    3.6660000E+00    2.8947282E+00
    3.6700000E+00    2.8948470E+00
    3.6740000E+00    2.8949644E+00
    3.6780000E+00    2.8950803E+00
    3.6820000E+00    2.8951946E+00
    3.6860000E+00    2.8953074E+00
    3.6900000E+00    2.8954188E+00
    3.6940000E+00    2.8955286E+00
    3.6980000E+00    2.8956370E+00
    3.7020000E+00    2.8957438E+00
    3.7060000E+00    2.8958492E+00
    3.7100000E+00    2.8959531E+00
    3.7140000E+00    2.8960554E+00
    3.7180000E+00    2.8961564E+00
    3.7220000E+00    2.8962558E+00
    3.7260000E+00    2.8963537E+00
    3.7300000E+00    2.8964502E+00
    3.7340000E+00    2.8965452E+00
    3.7380000E+00    2.8966387E+00
    3.7420000E+00    2.8967308E+00
    3.7460000E+00    2.8968214E+00
    3.7500000E+00    2.8969105E+00
    3.7540000E+00    2.8969982E+00
    3.7580000E+00    2.8970844E+00
    3.7620000E+00    2.8971692E+00
    3.7660000E+00    2.8972525E+00
    3.7700000E+00    2.8973343E+00
    3.7740000E+00    2.8974147E+00
    3.7780000E+00    2.8974937E+00
    3.7820000E+00    2.8975712E+00
    3.7860000E+00    2.8976473E+00
    3.7900000E+00    2.8977219E+00
    3.7940000E+00    2.8977951E+00
    3.7980000E+00    2.8978668E+00
    3.8020000E+00    2.8979371E+00
    3.8060000E+00    2.8980060E+00
    3.8100000E+00    2.8980734E+00
    3.8140000E+00    2.8981394E+00
    3.8180000E+00    2.8982040E+00
    3.8220000E+00    2.8982672E+00
    3.8260000E+00    2.8983289E+00
    3.8300000E+00    2.8983892E+00
    3.8340000E+00    2.8984480E+00
    3.8380000E+00    2.8985055E+00
    3.8420000E+00    2.8985615E+00
    3.8460000E+00    2.8986161E+00
    3.8500000E+00    2.8986693E+00
    3.8540000E+00    2.8987211E+00
    3.8580000E+00    2.8987715E+00
    3.8620000E+00    2.8988204E+00
    3.8660000E+00    2.8988680E+00
    3.8700000E+00    2.8989141E+00
    3.8740000E+00    2.8989588E+00
    3.8780000E+00    2.8990021E+00
    3.8820000E+00    2.8990440E+00
    3.8860000E+00    2.8990845E+00
    3.8900000E+00    2.8991236E+00
    3.8940000E+00    2.8991613E+00
    3.8980000E+00    2.8991975E+00
    3.9020000E+00    2.8992324E+00
    3.9060000E+00    2.8992659E+00
    3.9100000E+00    2.8992980E+00
    3.9140000E+00    2.8993286E+00
    3.9180000E+00    2.8993579E+00
    3.9220000E+00    2.8993858E+00
    3.9260000E+00    2.8994122E+00
    3.9300000E+00    2.8994373E+00
    3.9340000E+00    2.8994610E+00
    3.9380000E+00    2.8994833E+00
    3.9420000E+00    2.8995042E+00
    3.9460000E+00    2.8995237E+00
    3.9500000E+00    2.8995418E+00
    3.9540000E+00    2.8995585E+00
    3.9580000E+00    2.8995738E+00
    3.9620000E+00    2.8995877E+00
    3.9660000E+00    2.8996002E+00
    3.9700000E+00    2.8996114E+00
    3.9740000E+00    2.8996211E+00
    3.9780000E+00    2.8996295E+00
    3.9820000E+00    2.8996364E+00
    3.9860000E+00    2.8996420E+00
    3.9900000E+00    2.8996462E+00
    3.9940000E+00    2.8996489E+00
    3.9980000E+00    2.8996503E+00
