# Time          1.0000E+00
# Units: Bars
    Distance        CO2(g)          
    2.0000000E-03    1.1001444E-01
    6.0000000E-03    1.1160768E-01
    1.0000000E-02    1.1316428E-01
    1.4000000E-02    1.1468480E-01
    1.8000000E-02    1.1616980E-01
    2.2000000E-02    1.1761981E-01
    2.6000000E-02    1.1903541E-01
    3.0000000E-02    1.2041713E-01
    3.4000000E-02    1.2176553E-01
    3.8000000E-02    1.2308114E-01
    4.2000000E-02    1.2436452E-01
    4.6000000E-02    1.2561621E-01
    5.0000000E-02    1.2683674E-01
    5.4000000E-02    1.2802667E-01
    5.8000000E-02    1.2918651E-01
    6.2000000E-02    1.3031681E-01
    6.6000000E-02    1.3141809E-01
    7.0000000E-02    1.3249089E-01
    7.4000000E-02    1.3353573E-01
    7.8000000E-02    1.3455312E-01
    8.2000000E-02    1.3554359E-01
    8.6000000E-02    1.3650764E-01
    9.0000000E-02    1.3744580E-01
    9.4000000E-02    1.3835856E-01
    9.8000000E-02    1.3924643E-01
    1.0200000E-01    1.4010990E-01
    1.0600000E-01    1.4094947E-01
    1.1000000E-01    1.4176563E-01
    1.1400000E-01    1.4255887E-01
    1.1800000E-01    1.4332966E-01
    1.2200000E-01    1.4407848E-01
    1.2600000E-01    1.4480580E-01
    1.3000000E-01    1.4551208E-01
    1.3400000E-01    1.4619780E-01
    1.3800000E-01    1.4686339E-01
    1.4200000E-01    1.4750932E-01
    1.4600000E-01    1.4813602E-01
    1.5000000E-01    1.4874394E-01
    1.5400000E-01    1.4933351E-01
    1.5800000E-01    1.4990516E-01
    1.6200000E-01    1.5045931E-01
    1.6600000E-01    1.5099638E-01
    1.7000000E-01    1.5151679E-01
    1.7400000E-01    1.5202092E-01
    1.7800000E-01    1.5250920E-01
    1.8200000E-01    1.5298200E-01
    1.8600000E-01    1.5343972E-01
    1.9000000E-01    1.5388274E-01
    1.9400000E-01    1.5431144E-01
    1.9800000E-01    1.5472618E-01
    2.0200000E-01    1.5512733E-01
    2.0600000E-01    1.5551524E-01
    2.1000000E-01    1.5589027E-01
    2.1400000E-01    1.5625277E-01
    2.1800000E-01    1.5660307E-01
    2.2200000E-01    1.5694150E-01
    2.2600000E-01    1.5726840E-01
    2.3000000E-01    1.5758407E-01
    2.3400000E-01    1.5788885E-01
    2.3800000E-01    1.5818304E-01
    2.4200000E-01    1.5846693E-01
    2.4600000E-01    1.5874083E-01
    2.5000000E-01    1.5900503E-01
    2.5400000E-01    1.5925981E-01
    2.5800000E-01    1.5950545E-01
    2.6200000E-01    1.5974222E-01
    2.6600000E-01    1.5997040E-01
    2.7000000E-01    1.6019023E-01
    2.7400000E-01    1.6040199E-01
    2.7800000E-01    1.6060590E-01
    2.8200000E-01    1.6080223E-01
    2.8600000E-01    1.6099121E-01
    2.9000000E-01    1.6117306E-01
    2.9400000E-01    1.6134803E-01
    2.9800000E-01    1.6151632E-01
    3.0200000E-01    1.6167816E-01
    3.0600000E-01    1.6183375E-01
    3.1000000E-01    1.6198331E-01
    3.1400000E-01    1.6212703E-01
    3.1800000E-01    1.6226511E-01
    3.2200000E-01    1.6239773E-01
    3.2600000E-01    1.6252508E-01
    3.3000000E-01    1.6264735E-01
    3.3400000E-01    1.6276471E-01
    3.3800000E-01    1.6287732E-01
    3.4200000E-01    1.6298536E-01
    3.4600000E-01    1.6308899E-01
    3.5000000E-01    1.6318835E-01
    3.5400000E-01    1.6328361E-01
    3.5800000E-01    1.6337492E-01
    3.6200000E-01    1.6346241E-01
    3.6600000E-01    1.6354622E-01
    3.7000000E-01    1.6362649E-01
    3.7400000E-01    1.6370336E-01
    3.7800000E-01    1.6377694E-01
    3.8200000E-01    1.6384737E-01
    3.8600000E-01    1.6391475E-01
    3.9000000E-01    1.6397922E-01
    3.9400000E-01    1.6404087E-01
    3.9800000E-01    1.6409982E-01
    4.0200000E-01    1.6415617E-01
    4.0600000E-01    1.6421002E-01
    4.1000000E-01    1.6426148E-01
    4.1400000E-01    1.6431063E-01
    4.1800000E-01    1.6435757E-01
    4.2200000E-01    1.6440239E-01
    4.2600000E-01    1.6444518E-01
    4.3000000E-01    1.6448600E-01
    4.3400000E-01    1.6452496E-01
    4.3800000E-01    1.6456212E-01
    4.4200000E-01    1.6459755E-01
    4.4600000E-01    1.6463133E-01
    4.5000000E-01    1.6466354E-01
    4.5400000E-01    1.6469422E-01
    4.5800000E-01    1.6472346E-01
    4.6200000E-01    1.6475130E-01
    4.6600000E-01    1.6477782E-01
    4.7000000E-01    1.6480307E-01
    4.7400000E-01    1.6482710E-01
    4.7800000E-01    1.6484996E-01
    4.8200000E-01    1.6487171E-01
    4.8600000E-01    1.6489240E-01
    4.9000000E-01    1.6491208E-01
    4.9400000E-01    1.6493078E-01
    4.9800000E-01    1.6494855E-01
    5.0200000E-01    1.6496545E-01
    5.0600000E-01    1.6498149E-01
    5.1000000E-01    1.6499673E-01
    5.1400000E-01    1.6501120E-01
    5.1800000E-01    1.6502494E-01
    5.2200000E-01    1.6503798E-01
    5.2600000E-01    1.6505035E-01
    5.3000000E-01    1.6506208E-01
    5.3400000E-01    1.6507321E-01
    5.3800000E-01    1.6508376E-01
    5.4200000E-01    1.6509377E-01
    5.4600000E-01    1.6510325E-01
    5.5000000E-01    1.6511223E-01
    5.5400000E-01    1.6512074E-01
    5.5800000E-01    1.6512880E-01
    5.6200000E-01    1.6513643E-01
    5.6600000E-01    1.6514365E-01
    5.7000000E-01    1.6515049E-01
    5.7400000E-01    1.6515695E-01
    5.7800000E-01    1.6516307E-01
    5.8200000E-01    1.6516886E-01
    5.8600000E-01    1.6517433E-01
    5.9000000E-01    1.6517950E-01
    5.9400000E-01    1.6518438E-01
    5.9800000E-01    1.6518900E-01
    6.0200000E-01    1.6519336E-01
    6.0600000E-01    1.6519748E-01
    6.1000000E-01    1.6520137E-01
    6.1400000E-01    1.6520504E-01
    6.1800000E-01    1.6520850E-01
    6.2200000E-01    1.6521177E-01
    6.2600000E-01    1.6521485E-01
    6.3000000E-01    1.6521776E-01
    6.3400000E-01    1.6522050E-01
    6.3800000E-01    1.6522308E-01
    6.4200000E-01    1.6522552E-01
    6.4600000E-01    1.6522781E-01
    6.5000000E-01    1.6522997E-01
    6.5400000E-01    1.6523201E-01
    6.5800000E-01    1.6523392E-01
    6.6200000E-01    1.6523572E-01
    6.6600000E-01    1.6523742E-01
    6.7000000E-01    1.6523902E-01
    6.7400000E-01    1.6524052E-01
    6.7800000E-01    1.6524193E-01
    6.8200000E-01    1.6524326E-01
    6.8600000E-01    1.6524451E-01
    6.9000000E-01    1.6524568E-01
    6.9400000E-01    1.6524679E-01
    6.9800000E-01    1.6524782E-01
    7.0200000E-01    1.6524879E-01
    7.0600000E-01    1.6524971E-01
    7.1000000E-01    1.6525056E-01
    7.1400000E-01    1.6525137E-01
    7.1800000E-01    1.6525212E-01
    7.2200000E-01    1.6525283E-01
    7.2600000E-01    1.6525350E-01
    7.3000000E-01    1.6525412E-01
    7.3400000E-01    1.6525470E-01
    7.3800000E-01    1.6525525E-01
    7.4200000E-01    1.6525576E-01
    7.4600000E-01    1.6525624E-01
    7.5000000E-01    1.6525669E-01
    7.5400000E-01    1.6525712E-01
    7.5800000E-01    1.6525751E-01
    7.6200000E-01    1.6525788E-01
    7.6600000E-01    1.6525822E-01
    7.7000000E-01    1.6525855E-01
    7.7400000E-01    1.6525885E-01
    7.7800000E-01    1.6525913E-01
    7.8200000E-01    1.6525940E-01
    7.8600000E-01    1.6525964E-01
    7.9000000E-01    1.6525988E-01
    7.9400000E-01    1.6526009E-01
    7.9800000E-01    1.6526029E-01
    8.0200000E-01    1.6526048E-01
    8.0600000E-01    1.6526066E-01
    8.1000000E-01    1.6526082E-01
    8.1400000E-01    1.6526097E-01
    8.1800000E-01    1.6526112E-01
    8.2200000E-01    1.6526125E-01
    8.2600000E-01    1.6526138E-01
    8.3000000E-01    1.6526149E-01
    8.3400000E-01    1.6526160E-01
    8.3800000E-01    1.6526170E-01
    8.4200000E-01    1.6526179E-01
    8.4600000E-01    1.6526188E-01
    8.5000000E-01    1.6526196E-01
    8.5400000E-01    1.6526204E-01
    8.5800000E-01    1.6526211E-01
    8.6200000E-01    1.6526218E-01
    8.6600000E-01    1.6526224E-01
    8.7000000E-01    1.6526229E-01
    8.7400000E-01    1.6526235E-01
    8.7800000E-01    1.6526240E-01
    8.8200000E-01    1.6526244E-01
    8.8600000E-01    1.6526249E-01
    8.9000000E-01    1.6526253E-01
    8.9400000E-01    1.6526256E-01
    8.9800000E-01    1.6526260E-01
    9.0200000E-01    1.6526263E-01
    9.0600000E-01    1.6526266E-01
    9.1000000E-01    1.6526269E-01
    9.1400000E-01    1.6526271E-01
    9.1800000E-01    1.6526273E-01
    9.2200000E-01    1.6526276E-01
    9.2600000E-01    1.6526278E-01
    9.3000000E-01    1.6526280E-01
    9.3400000E-01    1.6526281E-01
    9.3800000E-01    1.6526283E-01
    9.4200000E-01    1.6526284E-01
    9.4600000E-01    1.6526286E-01
    9.5000000E-01    1.6526287E-01
    9.5400000E-01    1.6526288E-01
    9.5800000E-01    1.6526290E-01
    9.6200000E-01    1.6526291E-01
    9.6600000E-01    1.6526291E-01
    9.7000000E-01    1.6526292E-01
    9.7400000E-01    1.6526293E-01
    9.7800000E-01    1.6526294E-01
    9.8200000E-01    1.6526295E-01
    9.8600000E-01    1.6526295E-01
    9.9000000E-01    1.6526296E-01
    9.9400000E-01    1.6526296E-01
    9.9800000E-01    1.6526297E-01
    1.0020000E+00    1.6526297E-01
    1.0060000E+00    1.6526298E-01
    1.0100000E+00    1.6526298E-01
    1.0140000E+00    1.6526299E-01
    1.0180000E+00    1.6526299E-01
    1.0220000E+00    1.6526299E-01
    1.0260000E+00    1.6526300E-01
    1.0300000E+00    1.6526300E-01
    1.0340000E+00    1.6526300E-01
    1.0380000E+00    1.6526300E-01
    1.0420000E+00    1.6526301E-01
    1.0460000E+00    1.6526301E-01
    1.0500000E+00    1.6526301E-01
    1.0540000E+00    1.6526301E-01
    1.0580000E+00    1.6526301E-01
    1.0620000E+00    1.6526301E-01
    1.0660000E+00    1.6526302E-01
    1.0700000E+00    1.6526302E-01
    1.0740000E+00    1.6526302E-01
    1.0780000E+00    1.6526302E-01
    1.0820000E+00    1.6526302E-01
    1.0860000E+00    1.6526302E-01
    1.0900000E+00    1.6526302E-01
    1.0940000E+00    1.6526302E-01
    1.0980000E+00    1.6526302E-01
    1.1020000E+00    1.6526302E-01
    1.1060000E+00    1.6526302E-01
    1.1100000E+00    1.6526302E-01
    1.1140000E+00    1.6526303E-01
    1.1180000E+00    1.6526303E-01
    1.1220000E+00    1.6526303E-01
    1.1260000E+00    1.6526303E-01
    1.1300000E+00    1.6526303E-01
    1.1340000E+00    1.6526303E-01
    1.1380000E+00    1.6526303E-01
    1.1420000E+00    1.6526303E-01
    1.1460000E+00    1.6526303E-01
    1.1500000E+00    1.6526303E-01
    1.1540000E+00    1.6526303E-01
    1.1580000E+00    1.6526303E-01
    1.1620000E+00    1.6526303E-01
    1.1660000E+00    1.6526303E-01
    1.1700000E+00    1.6526303E-01
    1.1740000E+00    1.6526303E-01
    1.1780000E+00    1.6526303E-01
    1.1820000E+00    1.6526303E-01
    1.1860000E+00    1.6526303E-01
    1.1900000E+00    1.6526303E-01
    1.1940000E+00    1.6526303E-01
    1.1980000E+00    1.6526303E-01
    1.2020000E+00    1.6526303E-01
    1.2060000E+00    1.6526303E-01
    1.2100000E+00    1.6526303E-01
    1.2140000E+00    1.6526303E-01
    1.2180000E+00    1.6526303E-01
    1.2220000E+00    1.6526303E-01
    1.2260000E+00    1.6526303E-01
    1.2300000E+00    1.6526303E-01
    1.2340000E+00    1.6526303E-01
    1.2380000E+00    1.6526303E-01
    1.2420000E+00    1.6526303E-01
    1.2460000E+00    1.6526303E-01
    1.2500000E+00    1.6526303E-01
    1.2540000E+00    1.6526303E-01
    1.2580000E+00    1.6526303E-01
    1.2620000E+00    1.6526303E-01
    1.2660000E+00    1.6526303E-01
    1.2700000E+00    1.6526303E-01
    1.2740000E+00    1.6526303E-01
    1.2780000E+00    1.6526303E-01
    1.2820000E+00    1.6526303E-01
    1.2860000E+00    1.6526303E-01
    1.2900000E+00    1.6526303E-01
    1.2940000E+00    1.6526303E-01
    1.2980000E+00    1.6526303E-01
    1.3020000E+00    1.6526303E-01
    1.3060000E+00    1.6526303E-01
    1.3100000E+00    1.6526303E-01
    1.3140000E+00    1.6526303E-01
    1.3180000E+00    1.6526303E-01
    1.3220000E+00    1.6526303E-01
    1.3260000E+00    1.6526303E-01
    1.3300000E+00    1.6526303E-01
    1.3340000E+00    1.6526303E-01
    1.3380000E+00    1.6526303E-01
    1.3420000E+00    1.6526303E-01
    1.3460000E+00    1.6526303E-01
    1.3500000E+00    1.6526303E-01
    1.3540000E+00    1.6526303E-01
    1.3580000E+00    1.6526303E-01
    1.3620000E+00    1.6526303E-01
    1.3660000E+00    1.6526303E-01
    1.3700000E+00    1.6526303E-01
    1.3740000E+00    1.6526303E-01
    1.3780000E+00    1.6526303E-01
    1.3820000E+00    1.6526303E-01
    1.3860000E+00    1.6526303E-01
    1.3900000E+00    1.6526303E-01
    1.3940000E+00    1.6526303E-01
    1.3980000E+00    1.6526303E-01
    1.4020000E+00    1.6526303E-01
    1.4060000E+00    1.6526303E-01
    1.4100000E+00    1.6526303E-01
    1.4140000E+00    1.6526303E-01
    1.4180000E+00    1.6526303E-01
    1.4220000E+00    1.6526303E-01
    1.4260000E+00    1.6526303E-01
    1.4300000E+00    1.6526303E-01
    1.4340000E+00    1.6526303E-01
    1.4380000E+00    1.6526303E-01
    1.4420000E+00    1.6526303E-01
    1.4460000E+00    1.6526303E-01
    1.4500000E+00    1.6526303E-01
    1.4540000E+00    1.6526303E-01
    1.4580000E+00    1.6526303E-01
    1.4620000E+00    1.6526303E-01
    1.4660000E+00    1.6526303E-01
    1.4700000E+00    1.6526303E-01
    1.4740000E+00    1.6526303E-01
    1.4780000E+00    1.6526303E-01
    1.4820000E+00    1.6526303E-01
    1.4860000E+00    1.6526303E-01
    1.4900000E+00    1.6526303E-01
    1.4940000E+00    1.6526303E-01
    1.4980000E+00    1.6526303E-01
    1.5020000E+00    1.6526303E-01
    1.5060000E+00    1.6526303E-01
    1.5100000E+00    1.6526303E-01
    1.5140000E+00    1.6526303E-01
    1.5180000E+00    1.6526303E-01
    1.5220000E+00    1.6526303E-01
    1.5260000E+00    1.6526303E-01
    1.5300000E+00    1.6526303E-01
    1.5340000E+00    1.6526303E-01
    1.5380000E+00    1.6526303E-01
    1.5420000E+00    1.6526303E-01
    1.5460000E+00    1.6526303E-01
    1.5500000E+00    1.6526303E-01
    1.5540000E+00    1.6526303E-01
    1.5580000E+00    1.6526303E-01
    1.5620000E+00    1.6526303E-01
    1.5660000E+00    1.6526303E-01
    1.5700000E+00    1.6526303E-01
    1.5740000E+00    1.6526303E-01
    1.5780000E+00    1.6526303E-01
    1.5820000E+00    1.6526303E-01
    1.5860000E+00    1.6526303E-01
    1.5900000E+00    1.6526303E-01
    1.5940000E+00    1.6526303E-01
    1.5980000E+00    1.6526303E-01
    1.6020000E+00    1.6526303E-01
    1.6060000E+00    1.6526303E-01
    1.6100000E+00    1.6526303E-01
    1.6140000E+00    1.6526303E-01
    1.6180000E+00    1.6526303E-01
    1.6220000E+00    1.6526303E-01
    1.6260000E+00    1.6526303E-01
    1.6300000E+00    1.6526303E-01
    1.6340000E+00    1.6526303E-01
    1.6380000E+00    1.6526303E-01
    1.6420000E+00    1.6526303E-01
    1.6460000E+00    1.6526303E-01
    1.6500000E+00    1.6526303E-01
    1.6540000E+00    1.6526303E-01
    1.6580000E+00    1.6526303E-01
    1.6620000E+00    1.6526303E-01
    1.6660000E+00    1.6526303E-01
    1.6700000E+00    1.6526303E-01
    1.6740000E+00    1.6526303E-01
    1.6780000E+00    1.6526303E-01
    1.6820000E+00    1.6526303E-01
    1.6860000E+00    1.6526303E-01
    1.6900000E+00    1.6526303E-01
    1.6940000E+00    1.6526303E-01
    1.6980000E+00    1.6526303E-01
    1.7020000E+00    1.6526303E-01
    1.7060000E+00    1.6526303E-01
    1.7100000E+00    1.6526303E-01
    1.7140000E+00    1.6526303E-01
    1.7180000E+00    1.6526303E-01
    1.7220000E+00    1.6526303E-01
    1.7260000E+00    1.6526303E-01
    1.7300000E+00    1.6526303E-01
    1.7340000E+00    1.6526303E-01
    1.7380000E+00    1.6526303E-01
    1.7420000E+00    1.6526303E-01
    1.7460000E+00    1.6526303E-01
    1.7500000E+00    1.6526303E-01
    1.7540000E+00    1.6526303E-01
    1.7580000E+00    1.6526303E-01
    1.7620000E+00    1.6526303E-01
    1.7660000E+00    1.6526303E-01
    1.7700000E+00    1.6526303E-01
    1.7740000E+00    1.6526303E-01
    1.7780000E+00    1.6526303E-01
    1.7820000E+00    1.6526303E-01
    1.7860000E+00    1.6526303E-01
    1.7900000E+00    1.6526303E-01
    1.7940000E+00    1.6526303E-01
    1.7980000E+00    1.6526303E-01
    1.8020000E+00    1.6526303E-01
    1.8060000E+00    1.6526303E-01
    1.8100000E+00    1.6526303E-01
    1.8140000E+00    1.6526303E-01
    1.8180000E+00    1.6526303E-01
    1.8220000E+00    1.6526303E-01
    1.8260000E+00    1.6526303E-01
    1.8300000E+00    1.6526303E-01
    1.8340000E+00    1.6526303E-01
    1.8380000E+00    1.6526303E-01
    1.8420000E+00    1.6526303E-01
    1.8460000E+00    1.6526303E-01
    1.8500000E+00    1.6526303E-01
    1.8540000E+00    1.6526303E-01
    1.8580000E+00    1.6526303E-01
    1.8620000E+00    1.6526303E-01
    1.8660000E+00    1.6526303E-01
    1.8700000E+00    1.6526303E-01
    1.8740000E+00    1.6526303E-01
    1.8780000E+00    1.6526303E-01
    1.8820000E+00    1.6526303E-01
    1.8860000E+00    1.6526303E-01
    1.8900000E+00    1.6526303E-01
    1.8940000E+00    1.6526303E-01
    1.8980000E+00    1.6526303E-01
    1.9020000E+00    1.6526303E-01
    1.9060000E+00    1.6526303E-01
    1.9100000E+00    1.6526303E-01
    1.9140000E+00    1.6526303E-01
    1.9180000E+00    1.6526303E-01
    1.9220000E+00    1.6526303E-01
    1.9260000E+00    1.6526303E-01
    1.9300000E+00    1.6526303E-01
    1.9340000E+00    1.6526303E-01
    1.9380000E+00    1.6526303E-01
    1.9420000E+00    1.6526303E-01
    1.9460000E+00    1.6526303E-01
    1.9500000E+00    1.6526303E-01
    1.9540000E+00    1.6526303E-01
    1.9580000E+00    1.6526303E-01
    1.9620000E+00    1.6526303E-01
    1.9660000E+00    1.6526303E-01
    1.9700000E+00    1.6526303E-01
    1.9740000E+00    1.6526303E-01
    1.9780000E+00    1.6526303E-01
    1.9820000E+00    1.6526303E-01
    1.9860000E+00    1.6526303E-01
    1.9900000E+00    1.6526303E-01
    1.9940000E+00    1.6526303E-01
    1.9980000E+00    1.6526303E-01
    2.0020000E+00    1.6526303E-01
    2.0060000E+00    1.6526303E-01
    2.0100000E+00    1.6526303E-01
    2.0140000E+00    1.6526303E-01
    2.0180000E+00    1.6526303E-01
    2.0220000E+00    1.6526303E-01
    2.0260000E+00    1.6526303E-01
    2.0300000E+00    1.6526303E-01
    2.0340000E+00    1.6526303E-01
    2.0380000E+00    1.6526303E-01
    2.0420000E+00    1.6526303E-01
    2.0460000E+00    1.6526303E-01
    2.0500000E+00    1.6526303E-01
    2.0540000E+00    1.6526303E-01
    2.0580000E+00    1.6526303E-01
    2.0620000E+00    1.6526303E-01
    2.0660000E+00    1.6526303E-01
    2.0700000E+00    1.6526303E-01
    2.0740000E+00    1.6526303E-01
    2.0780000E+00    1.6526303E-01
    2.0820000E+00    1.6526303E-01
    2.0860000E+00    1.6526303E-01
    2.0900000E+00    1.6526303E-01
    2.0940000E+00    1.6526303E-01
    2.0980000E+00    1.6526303E-01
    2.1020000E+00    1.6526303E-01
    2.1060000E+00    1.6526303E-01
    2.1100000E+00    1.6526303E-01
    2.1140000E+00    1.6526303E-01
    2.1180000E+00    1.6526303E-01
    2.1220000E+00    1.6526303E-01
    2.1260000E+00    1.6526303E-01
    2.1300000E+00    1.6526303E-01
    2.1340000E+00    1.6526303E-01
    2.1380000E+00    1.6526303E-01
    2.1420000E+00    1.6526303E-01
    2.1460000E+00    1.6526303E-01
    2.1500000E+00    1.6526303E-01
    2.1540000E+00    1.6526303E-01
    2.1580000E+00    1.6526303E-01
    2.1620000E+00    1.6526303E-01
    2.1660000E+00    1.6526303E-01
    2.1700000E+00    1.6526303E-01
    2.1740000E+00    1.6526303E-01
    2.1780000E+00    1.6526303E-01
    2.1820000E+00    1.6526303E-01
    2.1860000E+00    1.6526303E-01
    2.1900000E+00    1.6526303E-01
    2.1940000E+00    1.6526303E-01
    2.1980000E+00    1.6526303E-01
    2.2020000E+00    1.6526303E-01
    2.2060000E+00    1.6526303E-01
    2.2100000E+00    1.6526303E-01
    2.2140000E+00    1.6526303E-01
    2.2180000E+00    1.6526303E-01
    2.2220000E+00    1.6526303E-01
    2.2260000E+00    1.6526303E-01
    2.2300000E+00    1.6526303E-01
    2.2340000E+00    1.6526303E-01
    2.2380000E+00    1.6526303E-01
    2.2420000E+00    1.6526303E-01
    2.2460000E+00    1.6526303E-01
    2.2500000E+00    1.6526303E-01
    2.2540000E+00    1.6526303E-01
    2.2580000E+00    1.6526303E-01
    2.2620000E+00    1.6526303E-01
    2.2660000E+00    1.6526303E-01
    2.2700000E+00    1.6526303E-01
    2.2740000E+00    1.6526303E-01
    2.2780000E+00    1.6526303E-01
    2.2820000E+00    1.6526303E-01
    2.2860000E+00    1.6526303E-01
    2.2900000E+00    1.6526303E-01
    2.2940000E+00    1.6526303E-01
    2.2980000E+00    1.6526303E-01
    2.3020000E+00    1.6526303E-01
    2.3060000E+00    1.6526303E-01
    2.3100000E+00    1.6526303E-01
    2.3140000E+00    1.6526303E-01
    2.3180000E+00    1.6526303E-01
    2.3220000E+00    1.6526303E-01
    2.3260000E+00    1.6526303E-01
    2.3300000E+00    1.6526303E-01
    2.3340000E+00    1.6526303E-01
    2.3380000E+00    1.6526303E-01
    2.3420000E+00    1.6526303E-01
    2.3460000E+00    1.6526303E-01
    2.3500000E+00    1.6526303E-01
    2.3540000E+00    1.6526303E-01
    2.3580000E+00    1.6526303E-01
    2.3620000E+00    1.6526303E-01
    2.3660000E+00    1.6526303E-01
    2.3700000E+00    1.6526303E-01
    2.3740000E+00    1.6526303E-01
    2.3780000E+00    1.6526303E-01
    2.3820000E+00    1.6526303E-01
    2.3860000E+00    1.6526303E-01
    2.3900000E+00    1.6526303E-01
    2.3940000E+00    1.6526303E-01
    2.3980000E+00    1.6526303E-01
    2.4020000E+00    1.6526303E-01
    2.4060000E+00    1.6526303E-01
    2.4100000E+00    1.6526303E-01
    2.4140000E+00    1.6526303E-01
    2.4180000E+00    1.6526303E-01
    2.4220000E+00    1.6526303E-01
    2.4260000E+00    1.6526303E-01
    2.4300000E+00    1.6526303E-01
    2.4340000E+00    1.6526303E-01
    2.4380000E+00    1.6526303E-01
    2.4420000E+00    1.6526303E-01
    2.4460000E+00    1.6526303E-01
    2.4500000E+00    1.6526303E-01
    2.4540000E+00    1.6526303E-01
    2.4580000E+00    1.6526303E-01
    2.4620000E+00    1.6526303E-01
    2.4660000E+00    1.6526303E-01
    2.4700000E+00    1.6526303E-01
    2.4740000E+00    1.6526303E-01
    2.4780000E+00    1.6526303E-01
    2.4820000E+00    1.6526303E-01
    2.4860000E+00    1.6526303E-01
    2.4900000E+00    1.6526303E-01
    2.4940000E+00    1.6526303E-01
    2.4980000E+00    1.6526303E-01
    2.5020000E+00    1.6526303E-01
    2.5060000E+00    1.6526303E-01
    2.5100000E+00    1.6526303E-01
    2.5140000E+00    1.6526303E-01
    2.5180000E+00    1.6526303E-01
    2.5220000E+00    1.6526303E-01
    2.5260000E+00    1.6526303E-01
    2.5300000E+00    1.6526303E-01
    2.5340000E+00    1.6526303E-01
    2.5380000E+00    1.6526303E-01
    2.5420000E+00    1.6526303E-01
    2.5460000E+00    1.6526303E-01
    2.5500000E+00    1.6526303E-01
    2.5540000E+00    1.6526303E-01
    2.5580000E+00    1.6526303E-01
    2.5620000E+00    1.6526303E-01
    2.5660000E+00    1.6526303E-01
    2.5700000E+00    1.6526303E-01
    2.5740000E+00    1.6526303E-01
    2.5780000E+00    1.6526303E-01
    2.5820000E+00    1.6526303E-01
    2.5860000E+00    1.6526303E-01
    2.5900000E+00    1.6526303E-01
    2.5940000E+00    1.6526303E-01
    2.5980000E+00    1.6526303E-01
    2.6020000E+00    1.6526303E-01
    2.6060000E+00    1.6526303E-01
    2.6100000E+00    1.6526303E-01
    2.6140000E+00    1.6526303E-01
    2.6180000E+00    1.6526303E-01
    2.6220000E+00    1.6526303E-01
    2.6260000E+00    1.6526303E-01
    2.6300000E+00    1.6526303E-01
    2.6340000E+00    1.6526303E-01
    2.6380000E+00    1.6526303E-01
    2.6420000E+00    1.6526303E-01
    2.6460000E+00    1.6526303E-01
    2.6500000E+00    1.6526303E-01
    2.6540000E+00    1.6526303E-01
    2.6580000E+00    1.6526303E-01
    2.6620000E+00    1.6526303E-01
    2.6660000E+00    1.6526303E-01
    2.6700000E+00    1.6526303E-01
    2.6740000E+00    1.6526303E-01
    2.6780000E+00    1.6526303E-01
    2.6820000E+00    1.6526303E-01
    2.6860000E+00    1.6526303E-01
    2.6900000E+00    1.6526303E-01
    2.6940000E+00    1.6526303E-01
    2.6980000E+00    1.6526303E-01
    2.7020000E+00    1.6526303E-01
    2.7060000E+00    1.6526303E-01
    2.7100000E+00    1.6526303E-01
    2.7140000E+00    1.6526303E-01
    2.7180000E+00    1.6526303E-01
    2.7220000E+00    1.6526303E-01
    2.7260000E+00    1.6526303E-01
    2.7300000E+00    1.6526303E-01
    2.7340000E+00    1.6526303E-01
    2.7380000E+00    1.6526303E-01
    2.7420000E+00    1.6526303E-01
    2.7460000E+00    1.6526303E-01
    2.7500000E+00    1.6526303E-01
    2.7540000E+00    1.6526303E-01
    2.7580000E+00    1.6526303E-01
    2.7620000E+00    1.6526303E-01
    2.7660000E+00    1.6526303E-01
    2.7700000E+00    1.6526303E-01
    2.7740000E+00    1.6526303E-01
    2.7780000E+00    1.6526303E-01
    2.7820000E+00    1.6526303E-01
    2.7860000E+00    1.6526303E-01
    2.7900000E+00    1.6526303E-01
    2.7940000E+00    1.6526303E-01
    2.7980000E+00    1.6526303E-01
    2.8020000E+00    1.6526303E-01
    2.8060000E+00    1.6526303E-01
    2.8100000E+00    1.6526303E-01
    2.8140000E+00    1.6526303E-01
    2.8180000E+00    1.6526303E-01
    2.8220000E+00    1.6526303E-01
    2.8260000E+00    1.6526303E-01
    2.8300000E+00    1.6526303E-01
    2.8340000E+00    1.6526303E-01
    2.8380000E+00    1.6526303E-01
    2.8420000E+00    1.6526303E-01
    2.8460000E+00    1.6526303E-01
    2.8500000E+00    1.6526303E-01
    2.8540000E+00    1.6526303E-01
    2.8580000E+00    1.6526303E-01
    2.8620000E+00    1.6526303E-01
    2.8660000E+00    1.6526303E-01
    2.8700000E+00    1.6526303E-01
    2.8740000E+00    1.6526303E-01
    2.8780000E+00    1.6526303E-01
    2.8820000E+00    1.6526303E-01
    2.8860000E+00    1.6526303E-01
    2.8900000E+00    1.6526303E-01
    2.8940000E+00    1.6526303E-01
    2.8980000E+00    1.6526303E-01
    2.9020000E+00    1.6526303E-01
    2.9060000E+00    1.6526303E-01
    2.9100000E+00    1.6526303E-01
    2.9140000E+00    1.6526303E-01
    2.9180000E+00    1.6526303E-01
    2.9220000E+00    1.6526303E-01
    2.9260000E+00    1.6526303E-01
    2.9300000E+00    1.6526303E-01
    2.9340000E+00    1.6526303E-01
    2.9380000E+00    1.6526303E-01
    2.9420000E+00    1.6526303E-01
    2.9460000E+00    1.6526303E-01
    2.9500000E+00    1.6526303E-01
    2.9540000E+00    1.6526303E-01
    2.9580000E+00    1.6526303E-01
    2.9620000E+00    1.6526303E-01
    2.9660000E+00    1.6526303E-01
    2.9700000E+00    1.6526303E-01
    2.9740000E+00    1.6526303E-01
    2.9780000E+00    1.6526303E-01
    2.9820000E+00    1.6526303E-01
    2.9860000E+00    1.6526303E-01
    2.9900000E+00    1.6526303E-01
    2.9940000E+00    1.6526303E-01
    2.9980000E+00    1.6526303E-01
    3.0020000E+00    1.6526303E-01
    3.0060000E+00    1.6526303E-01
    3.0100000E+00    1.6526303E-01
    3.0140000E+00    1.6526303E-01
    3.0180000E+00    1.6526303E-01
    3.0220000E+00    1.6526303E-01
    3.0260000E+00    1.6526303E-01
    3.0300000E+00    1.6526303E-01
    3.0340000E+00    1.6526303E-01
    3.0380000E+00    1.6526303E-01
    3.0420000E+00    1.6526303E-01
    3.0460000E+00    1.6526303E-01
    3.0500000E+00    1.6526303E-01
    3.0540000E+00    1.6526303E-01
    3.0580000E+00    1.6526303E-01
    3.0620000E+00    1.6526303E-01
    3.0660000E+00    1.6526303E-01
    3.0700000E+00    1.6526303E-01
    3.0740000E+00    1.6526303E-01
    3.0780000E+00    1.6526303E-01
    3.0820000E+00    1.6526303E-01
    3.0860000E+00    1.6526303E-01
    3.0900000E+00    1.6526303E-01
    3.0940000E+00    1.6526303E-01
    3.0980000E+00    1.6526303E-01
    3.1020000E+00    1.6526303E-01
    3.1060000E+00    1.6526303E-01
    3.1100000E+00    1.6526303E-01
    3.1140000E+00    1.6526303E-01
    3.1180000E+00    1.6526303E-01
    3.1220000E+00    1.6526303E-01
    3.1260000E+00    1.6526303E-01
    3.1300000E+00    1.6526303E-01
    3.1340000E+00    1.6526303E-01
    3.1380000E+00    1.6526303E-01
    3.1420000E+00    1.6526303E-01
    3.1460000E+00    1.6526303E-01
    3.1500000E+00    1.6526303E-01
    3.1540000E+00    1.6526303E-01
    3.1580000E+00    1.6526303E-01
    3.1620000E+00    1.6526303E-01
    3.1660000E+00    1.6526303E-01
    3.1700000E+00    1.6526303E-01
    3.1740000E+00    1.6526303E-01
    3.1780000E+00    1.6526303E-01
    3.1820000E+00    1.6526303E-01
    3.1860000E+00    1.6526303E-01
    3.1900000E+00    1.6526303E-01
    3.1940000E+00    1.6526303E-01
    3.1980000E+00    1.6526303E-01
    3.2020000E+00    1.6526303E-01
    3.2060000E+00    1.6526303E-01
    3.2100000E+00    1.6526303E-01
    3.2140000E+00    1.6526303E-01
    3.2180000E+00    1.6526303E-01
    3.2220000E+00    1.6526303E-01
    3.2260000E+00    1.6526303E-01
    3.2300000E+00    1.6526303E-01
    3.2340000E+00    1.6526303E-01
    3.2380000E+00    1.6526303E-01
    3.2420000E+00    1.6526303E-01
    3.2460000E+00    1.6526303E-01
    3.2500000E+00    1.6526303E-01
    3.2540000E+00    1.6526303E-01
    3.2580000E+00    1.6526303E-01
    3.2620000E+00    1.6526303E-01
    3.2660000E+00    1.6526303E-01
    3.2700000E+00    1.6526303E-01
    3.2740000E+00    1.6526303E-01
    3.2780000E+00    1.6526303E-01
    3.2820000E+00    1.6526303E-01
    3.2860000E+00    1.6526303E-01
    3.2900000E+00    1.6526303E-01
    3.2940000E+00    1.6526303E-01
    3.2980000E+00    1.6526303E-01
    3.3020000E+00    1.6526303E-01
    3.3060000E+00    1.6526303E-01
    3.3100000E+00    1.6526303E-01
    3.3140000E+00    1.6526303E-01
    3.3180000E+00    1.6526303E-01
    3.3220000E+00    1.6526303E-01
    3.3260000E+00    1.6526303E-01
    3.3300000E+00    1.6526303E-01
    3.3340000E+00    1.6526303E-01
    3.3380000E+00    1.6526303E-01
    3.3420000E+00    1.6526303E-01
    3.3460000E+00    1.6526303E-01
    3.3500000E+00    1.6526303E-01
    3.3540000E+00    1.6526303E-01
    3.3580000E+00    1.6526303E-01
    3.3620000E+00    1.6526303E-01
    3.3660000E+00    1.6526303E-01
    3.3700000E+00    1.6526303E-01
    3.3740000E+00    1.6526303E-01
    3.3780000E+00    1.6526303E-01
    3.3820000E+00    1.6526303E-01
    3.3860000E+00    1.6526303E-01
    3.3900000E+00    1.6526303E-01
    3.3940000E+00    1.6526303E-01
    3.3980000E+00    1.6526303E-01
    3.4020000E+00    1.6526303E-01
    3.4060000E+00    1.6526303E-01
    3.4100000E+00    1.6526303E-01
    3.4140000E+00    1.6526303E-01
    3.4180000E+00    1.6526303E-01
    3.4220000E+00    1.6526303E-01
    3.4260000E+00    1.6526303E-01
    3.4300000E+00    1.6526303E-01
    3.4340000E+00    1.6526303E-01
    3.4380000E+00    1.6526303E-01
    3.4420000E+00    1.6526303E-01
    3.4460000E+00    1.6526303E-01
    3.4500000E+00    1.6526303E-01
    3.4540000E+00    1.6526303E-01
    3.4580000E+00    1.6526303E-01
    3.4620000E+00    1.6526303E-01
    3.4660000E+00    1.6526303E-01
    3.4700000E+00    1.6526303E-01
    3.4740000E+00    1.6526303E-01
    3.4780000E+00    1.6526303E-01
    3.4820000E+00    1.6526303E-01
    3.4860000E+00    1.6526303E-01
    3.4900000E+00    1.6526303E-01
    3.4940000E+00    1.6526303E-01
    3.4980000E+00    1.6526303E-01
    3.5020000E+00    1.6526303E-01
    3.5060000E+00    1.6526303E-01
    3.5100000E+00    1.6526303E-01
    3.5140000E+00    1.6526303E-01
    3.5180000E+00    1.6526303E-01
    3.5220000E+00    1.6526303E-01
    3.5260000E+00    1.6526303E-01
    3.5300000E+00    1.6526303E-01
    3.5340000E+00    1.6526303E-01
    3.5380000E+00    1.6526303E-01
    3.5420000E+00    1.6526303E-01
    3.5460000E+00    1.6526303E-01
    3.5500000E+00    1.6526303E-01
    3.5540000E+00    1.6526303E-01
    3.5580000E+00    1.6526303E-01
    3.5620000E+00    1.6526303E-01
    3.5660000E+00    1.6526303E-01
    3.5700000E+00    1.6526303E-01
    3.5740000E+00    1.6526303E-01
    3.5780000E+00    1.6526303E-01
    3.5820000E+00    1.6526303E-01
    3.5860000E+00    1.6526303E-01
    3.5900000E+00    1.6526303E-01
    3.5940000E+00    1.6526303E-01
    3.5980000E+00    1.6526303E-01
    3.6020000E+00    1.6526303E-01
    3.6060000E+00    1.6526303E-01
    3.6100000E+00    1.6526303E-01
    3.6140000E+00    1.6526303E-01
    3.6180000E+00    1.6526303E-01
    3.6220000E+00    1.6526303E-01
    3.6260000E+00    1.6526303E-01
    3.6300000E+00    1.6526303E-01
    3.6340000E+00    1.6526303E-01
    3.6380000E+00    1.6526303E-01
    3.6420000E+00    1.6526303E-01
    3.6460000E+00    1.6526303E-01
    3.6500000E+00    1.6526303E-01
    3.6540000E+00    1.6526303E-01
    3.6580000E+00    1.6526303E-01
    3.6620000E+00    1.6526303E-01
    3.6660000E+00    1.6526303E-01
    3.6700000E+00    1.6526303E-01
    3.6740000E+00    1.6526303E-01
    3.6780000E+00    1.6526303E-01
    3.6820000E+00    1.6526303E-01
    3.6860000E+00    1.6526303E-01
    3.6900000E+00    1.6526303E-01
    3.6940000E+00    1.6526303E-01
    3.6980000E+00    1.6526303E-01
    3.7020000E+00    1.6526303E-01
    3.7060000E+00    1.6526303E-01
    3.7100000E+00    1.6526303E-01
    3.7140000E+00    1.6526303E-01
    3.7180000E+00    1.6526303E-01
    3.7220000E+00    1.6526303E-01
    3.7260000E+00    1.6526303E-01
    3.7300000E+00    1.6526303E-01
    3.7340000E+00    1.6526303E-01
    3.7380000E+00    1.6526303E-01
    3.7420000E+00    1.6526303E-01
    3.7460000E+00    1.6526303E-01
    3.7500000E+00    1.6526303E-01
    3.7540000E+00    1.6526303E-01
    3.7580000E+00    1.6526303E-01
    3.7620000E+00    1.6526303E-01
    3.7660000E+00    1.6526303E-01
    3.7700000E+00    1.6526303E-01
    3.7740000E+00    1.6526303E-01
    3.7780000E+00    1.6526303E-01
    3.7820000E+00    1.6526303E-01
    3.7860000E+00    1.6526303E-01
    3.7900000E+00    1.6526303E-01
    3.7940000E+00    1.6526303E-01
    3.7980000E+00    1.6526303E-01
    3.8020000E+00    1.6526303E-01
    3.8060000E+00    1.6526303E-01
    3.8100000E+00    1.6526303E-01
    3.8140000E+00    1.6526303E-01
    3.8180000E+00    1.6526303E-01
    3.8220000E+00    1.6526303E-01
    3.8260000E+00    1.6526303E-01
    3.8300000E+00    1.6526303E-01
    3.8340000E+00    1.6526303E-01
    3.8380000E+00    1.6526303E-01
    3.8420000E+00    1.6526303E-01
    3.8460000E+00    1.6526303E-01
    3.8500000E+00    1.6526303E-01
    3.8540000E+00    1.6526303E-01
    3.8580000E+00    1.6526303E-01
    3.8620000E+00    1.6526303E-01
    3.8660000E+00    1.6526303E-01
    3.8700000E+00    1.6526303E-01
    3.8740000E+00    1.6526303E-01
    3.8780000E+00    1.6526303E-01
    3.8820000E+00    1.6526303E-01
    3.8860000E+00    1.6526303E-01
    3.8900000E+00    1.6526303E-01
    3.8940000E+00    1.6526303E-01
    3.8980000E+00    1.6526303E-01
    3.9020000E+00    1.6526303E-01
    3.9060000E+00    1.6526303E-01
    3.9100000E+00    1.6526303E-01
    3.9140000E+00    1.6526303E-01
    3.9180000E+00    1.6526303E-01
    3.9220000E+00    1.6526303E-01
    3.9260000E+00    1.6526303E-01
    3.9300000E+00    1.6526303E-01
    3.9340000E+00    1.6526303E-01
    3.9380000E+00    1.6526303E-01
    3.9420000E+00    1.6526303E-01
    3.9460000E+00    1.6526303E-01
    3.9500000E+00    1.6526303E-01
    3.9540000E+00    1.6526303E-01
    3.9580000E+00    1.6526303E-01
    3.9620000E+00    1.6526303E-01
    3.9660000E+00    1.6526303E-01
    3.9700000E+00    1.6526303E-01
    3.9740000E+00    1.6526303E-01
    3.9780000E+00    1.6526303E-01
    3.9820000E+00    1.6526303E-01
    3.9860000E+00    1.6526303E-01
    3.9900000E+00    1.6526303E-01
    3.9940000E+00    1.6526303E-01
    3.9980000E+00    1.6526303E-01
