# Time          5.0000E+01
# Units: Mol/kgw
    Distance        SO4--            SO164--         
    2.0000000E-03    2.7977071E-02    2.6974366E-02
    6.0000000E-03    2.7922772E-02    2.6923295E-02
    1.0000000E-02    2.7868682E-02    2.6872420E-02
    1.4000000E-02    2.7814801E-02    2.6821740E-02
    1.8000000E-02    2.7761128E-02    2.6771255E-02
    2.2000000E-02    2.7707662E-02    2.6720964E-02
    2.6000000E-02    2.7654404E-02    2.6670867E-02
    3.0000000E-02    2.7601351E-02    2.6620963E-02
    3.4000000E-02    2.7548504E-02    2.6571252E-02
    3.8000000E-02    2.7495862E-02    2.6521732E-02
    4.2000000E-02    2.7443424E-02    2.6472403E-02
    4.6000000E-02    2.7391190E-02    2.6423265E-02
    5.0000000E-02    2.7339159E-02    2.6374318E-02
    5.4000000E-02    2.7287329E-02    2.6325559E-02
    5.8000000E-02    2.7235702E-02    2.6276989E-02
    6.2000000E-02    2.7184276E-02    2.6228608E-02
    6.6000000E-02    2.7133050E-02    2.6180414E-02
    7.0000000E-02    2.7082024E-02    2.6132408E-02
    7.4000000E-02    2.7031196E-02    2.6084588E-02
    7.8000000E-02    2.6980568E-02    2.6036954E-02
    8.2000000E-02    2.6930137E-02    2.5989505E-02
    8.6000000E-02    2.6879904E-02    2.5942240E-02
    9.0000000E-02    2.6829867E-02    2.5895160E-02
    9.4000000E-02    2.6780026E-02    2.5848264E-02
    9.8000000E-02    2.6730380E-02    2.5801551E-02
    1.0200000E-01    2.6680930E-02    2.5755020E-02
    1.0600000E-01    2.6631673E-02    2.5708670E-02
    1.1000000E-01    2.6582610E-02    2.5662502E-02
    1.1400000E-01    2.6533740E-02    2.5616515E-02
    1.1800000E-01    2.6485061E-02    2.5570708E-02
    1.2200000E-01    2.6436575E-02    2.5525081E-02
    1.2600000E-01    2.6388280E-02    2.5479632E-02
    1.3000000E-01    2.6340175E-02    2.5434362E-02
    1.3400000E-01    2.6292260E-02    2.5389269E-02
    1.3800000E-01    2.6244534E-02    2.5344354E-02
    1.4200000E-01    2.6196997E-02    2.5299616E-02
    1.4600000E-01    2.6149647E-02    2.5255054E-02
    1.5000000E-01    2.6102486E-02    2.5210667E-02
    1.5400000E-01    2.6055510E-02    2.5166456E-02
    1.5800000E-01    2.6008722E-02    2.5122418E-02
    1.6200000E-01    2.5962118E-02    2.5078555E-02
    1.6600000E-01    2.5915700E-02    2.5034865E-02
    1.7000000E-01    2.5869466E-02    2.4991348E-02
    1.7400000E-01    2.5823416E-02    2.4948004E-02
    1.7800000E-01    2.5777549E-02    2.4904831E-02
    1.8200000E-01    2.5731865E-02    2.4861829E-02
    1.8600000E-01    2.5686362E-02    2.4818997E-02
    1.9000000E-01    2.5641041E-02    2.4776336E-02
    1.9400000E-01    2.5595901E-02    2.4733844E-02
    1.9800000E-01    2.5550942E-02    2.4691521E-02
    2.0200000E-01    2.5506162E-02    2.4649367E-02
    2.0600000E-01    2.5461561E-02    2.4607380E-02
    2.1000000E-01    2.5417138E-02    2.4565561E-02
    2.1400000E-01    2.5372893E-02    2.4523909E-02
    2.1800000E-01    2.5328826E-02    2.4482422E-02
    2.2200000E-01    2.5284936E-02    2.4441102E-02
    2.2600000E-01    2.5241221E-02    2.4399947E-02
    2.3000000E-01    2.5197683E-02    2.4358956E-02
    2.3400000E-01    2.5154319E-02    2.4318129E-02
    2.3800000E-01    2.5111130E-02    2.4277466E-02
    2.4200000E-01    2.5068115E-02    2.4236966E-02
    2.4600000E-01    2.5025273E-02    2.4196629E-02
    2.5000000E-01    2.4982603E-02    2.4156454E-02
    2.5400000E-01    2.4940106E-02    2.4116440E-02
    2.5800000E-01    2.4897781E-02    2.4076586E-02
    2.6200000E-01    2.4855627E-02    2.4036894E-02
    2.6600000E-01    2.4813643E-02    2.3997361E-02
    2.7000000E-01    2.4771829E-02    2.3957988E-02
    2.7400000E-01    2.4730184E-02    2.3918773E-02
    2.7800000E-01    2.4688709E-02    2.3879717E-02
    2.8200000E-01    2.4647401E-02    2.3840818E-02
    2.8600000E-01    2.4606261E-02    2.3802077E-02
    2.9000000E-01    2.4565289E-02    2.3763493E-02
    2.9400000E-01    2.4524483E-02    2.3725065E-02
    2.9800000E-01    2.4483843E-02    2.3686792E-02
    3.0200000E-01    2.4443368E-02    2.3648675E-02
    3.0600000E-01    2.4403059E-02    2.3610712E-02
    3.1000000E-01    2.4362914E-02    2.3572904E-02
    3.1400000E-01    2.4322933E-02    2.3535250E-02
    3.1800000E-01    2.4283115E-02    2.3497748E-02
    3.2200000E-01    2.4243459E-02    2.3460399E-02
    3.2600000E-01    2.4203967E-02    2.3423203E-02
    3.3000000E-01    2.4164635E-02    2.3386158E-02
    3.3400000E-01    2.4125465E-02    2.3349264E-02
    3.3800000E-01    2.4086456E-02    2.3312521E-02
    3.4200000E-01    2.4047606E-02    2.3275929E-02
    3.4600000E-01    2.4008916E-02    2.3239486E-02
    3.5000000E-01    2.3970385E-02    2.3203192E-02
    3.5400000E-01    2.3932013E-02    2.3167046E-02
    3.5800000E-01    2.3893798E-02    2.3131049E-02
    3.6200000E-01    2.3855741E-02    2.3095200E-02
    3.6600000E-01    2.3817841E-02    2.3059498E-02
    3.7000000E-01    2.3780097E-02    2.3023942E-02
    3.7400000E-01    2.3742509E-02    2.2988533E-02
    3.7800000E-01    2.3705076E-02    2.2953269E-02
    3.8200000E-01    2.3667798E-02    2.2918151E-02
    3.8600000E-01    2.3630674E-02    2.2883177E-02
    3.9000000E-01    2.3593704E-02    2.2848348E-02
    3.9400000E-01    2.3556888E-02    2.2813663E-02
    3.9800000E-01    2.3520223E-02    2.2779121E-02
    4.0200000E-01    2.3483712E-02    2.2744721E-02
    4.0600000E-01    2.3447351E-02    2.2710464E-02
    4.1000000E-01    2.3411142E-02    2.2676349E-02
    4.1400000E-01    2.3375084E-02    2.2642375E-02
    4.1800000E-01    2.3339175E-02    2.2608543E-02
    4.2200000E-01    2.3303417E-02    2.2574850E-02
    4.2600000E-01    2.3267807E-02    2.2541298E-02
    4.3000000E-01    2.3232346E-02    2.2507885E-02
    4.3400000E-01    2.3197033E-02    2.2474611E-02
    4.3800000E-01    2.3161868E-02    2.2441475E-02
    4.4200000E-01    2.3126849E-02    2.2408478E-02
    4.4600000E-01    2.3091978E-02    2.2375618E-02
    4.5000000E-01    2.3057252E-02    2.2342896E-02
    4.5400000E-01    2.3022672E-02    2.2310310E-02
    4.5800000E-01    2.2988237E-02    2.2277860E-02
    4.6200000E-01    2.2953947E-02    2.2245546E-02
    4.6600000E-01    2.2919800E-02    2.2213368E-02
    4.7000000E-01    2.2885798E-02    2.2181324E-02
    4.7400000E-01    2.2851938E-02    2.2149414E-02
    4.7800000E-01    2.2818221E-02    2.2117639E-02
    4.8200000E-01    2.2784646E-02    2.2085997E-02
    4.8600000E-01    2.2751213E-02    2.2054488E-02
    4.9000000E-01    2.2717921E-02    2.2023111E-02
    4.9400000E-01    2.2684769E-02    2.1991867E-02
    4.9800000E-01    2.2651758E-02    2.1960754E-02
    5.0200000E-01    2.2618886E-02    2.1929772E-02
    5.0600000E-01    2.2586154E-02    2.1898921E-02
    5.1000000E-01    2.2553560E-02    2.1868200E-02
    5.1400000E-01    2.2521105E-02    2.1837609E-02
    5.1800000E-01    2.2488787E-02    2.1807148E-02
    5.2200000E-01    2.2456606E-02    2.1776815E-02
    5.2600000E-01    2.2424563E-02    2.1746611E-02
    5.3000000E-01    2.2392655E-02    2.1716535E-02
    5.3400000E-01    2.2360884E-02    2.1686587E-02
    5.3800000E-01    2.2329248E-02    2.1656765E-02
    5.4200000E-01    2.2297747E-02    2.1627071E-02
    5.4600000E-01    2.2266380E-02    2.1597502E-02
    5.5000000E-01    2.2235147E-02    2.1568060E-02
    5.5400000E-01    2.2204048E-02    2.1538743E-02
    5.5800000E-01    2.2173081E-02    2.1509551E-02
    5.6200000E-01    2.2142247E-02    2.1480483E-02
    5.6600000E-01    2.2111546E-02    2.1451539E-02
    5.7000000E-01    2.2080976E-02    2.1422720E-02
    5.7400000E-01    2.2050537E-02    2.1394023E-02
    5.7800000E-01    2.2020229E-02    2.1365449E-02
    5.8200000E-01    2.1990051E-02    2.1336998E-02
    5.8600000E-01    2.1960003E-02    2.1308668E-02
    5.9000000E-01    2.1930084E-02    2.1280460E-02
    5.9400000E-01    2.1900294E-02    2.1252373E-02
    5.9800000E-01    2.1870632E-02    2.1224407E-02
    6.0200000E-01    2.1841099E-02    2.1196561E-02
    6.0600000E-01    2.1811693E-02    2.1168835E-02
    6.1000000E-01    2.1782414E-02    2.1141228E-02
    6.1400000E-01    2.1753261E-02    2.1113740E-02
    6.1800000E-01    2.1724235E-02    2.1086371E-02
    6.2200000E-01    2.1695335E-02    2.1059120E-02
    6.2600000E-01    2.1666559E-02    2.1031987E-02
    6.3000000E-01    2.1637909E-02    2.1004970E-02
    6.3400000E-01    2.1609383E-02    2.0978071E-02
    6.3800000E-01    2.1580981E-02    2.0951288E-02
    6.4200000E-01    2.1552702E-02    2.0924622E-02
    6.4600000E-01    2.1524546E-02    2.0898071E-02
    6.5000000E-01    2.1496514E-02    2.0871635E-02
    6.5400000E-01    2.1468603E-02    2.0845314E-02
    6.5800000E-01    2.1440814E-02    2.0819107E-02
    6.6200000E-01    2.1413146E-02    2.0793015E-02
    6.6600000E-01    2.1385599E-02    2.0767036E-02
    6.7000000E-01    2.1358172E-02    2.0741170E-02
    6.7400000E-01    2.1330866E-02    2.0715417E-02
    6.7800000E-01    2.1303679E-02    2.0689777E-02
    6.8200000E-01    2.1276611E-02    2.0664248E-02
    6.8600000E-01    2.1249662E-02    2.0638831E-02
    6.9000000E-01    2.1222831E-02    2.0613525E-02
    6.9400000E-01    2.1196118E-02    2.0588331E-02
    6.9800000E-01    2.1169523E-02    2.0563246E-02
    7.0200000E-01    2.1143044E-02    2.0538271E-02
    7.0600000E-01    2.1116682E-02    2.0513406E-02
    7.1000000E-01    2.1090436E-02    2.0488651E-02
    7.1400000E-01    2.1064306E-02    2.0464004E-02
    7.1800000E-01    2.1038291E-02    2.0439465E-02
    7.2200000E-01    2.1012391E-02    2.0415035E-02
    7.2600000E-01    2.0986606E-02    2.0390712E-02
    7.3000000E-01    2.0960934E-02    2.0366496E-02
    7.3400000E-01    2.0935377E-02    2.0342387E-02
    7.3800000E-01    2.0909932E-02    2.0318385E-02
    7.4200000E-01    2.0884601E-02    2.0294489E-02
    7.4600000E-01    2.0859381E-02    2.0270698E-02
    7.5000000E-01    2.0834274E-02    2.0247013E-02
    7.5400000E-01    2.0809278E-02    2.0223433E-02
    7.5800000E-01    2.0784394E-02    2.0199957E-02
    7.6200000E-01    2.0759620E-02    2.0176585E-02
    7.6600000E-01    2.0734956E-02    2.0153318E-02
    7.7000000E-01    2.0710403E-02    2.0130153E-02
    7.7400000E-01    2.0685959E-02    2.0107092E-02
    7.7800000E-01    2.0661624E-02    2.0084133E-02
    7.8200000E-01    2.0637398E-02    2.0061277E-02
    7.8600000E-01    2.0613280E-02    2.0038522E-02
    7.9000000E-01    2.0589271E-02    2.0015869E-02
    7.9400000E-01    2.0565368E-02    1.9993318E-02
    7.9800000E-01    2.0541573E-02    1.9970867E-02
    8.0200000E-01    2.0517885E-02    1.9948516E-02
    8.0600000E-01    2.0494303E-02    1.9926265E-02
    8.1000000E-01    2.0470827E-02    1.9904115E-02
    8.1400000E-01    2.0447457E-02    1.9882063E-02
    8.1800000E-01    2.0424191E-02    1.9860110E-02
    8.2200000E-01    2.0401031E-02    1.9838256E-02
    8.2600000E-01    2.0377975E-02    1.9816500E-02
    8.3000000E-01    2.0355023E-02    1.9794842E-02
    8.3400000E-01    2.0332174E-02    1.9773282E-02
    8.3800000E-01    2.0309429E-02    1.9751818E-02
    8.4200000E-01    2.0286786E-02    1.9730452E-02
    8.4600000E-01    2.0264246E-02    1.9709182E-02
    8.5000000E-01    2.0241809E-02    1.9688007E-02
    8.5400000E-01    2.0219472E-02    1.9666929E-02
    8.5800000E-01    2.0197238E-02    1.9645946E-02
    8.6200000E-01    2.0175104E-02    1.9625058E-02
    8.6600000E-01    2.0153070E-02    1.9604264E-02
    8.7000000E-01    2.0131137E-02    1.9583565E-02
    8.7400000E-01    2.0109304E-02    1.9562959E-02
    8.7800000E-01    2.0087570E-02    1.9542447E-02
    8.8200000E-01    2.0065935E-02    1.9522029E-02
    8.8600000E-01    2.0044399E-02    1.9501703E-02
    8.9000000E-01    2.0022961E-02    1.9481470E-02
    8.9400000E-01    2.0001621E-02    1.9461328E-02
    8.9800000E-01    1.9980378E-02    1.9441279E-02
    9.0200000E-01    1.9959233E-02    1.9421321E-02
    9.0600000E-01    1.9938184E-02    1.9401455E-02
    9.1000000E-01    1.9917232E-02    1.9381679E-02
    9.1400000E-01    1.9896377E-02    1.9361993E-02
    9.1800000E-01    1.9875616E-02    1.9342398E-02
    9.2200000E-01    1.9854952E-02    1.9322892E-02
    9.2600000E-01    1.9834382E-02    1.9303476E-02
    9.3000000E-01    1.9813906E-02    1.9284149E-02
    9.3400000E-01    1.9793526E-02    1.9264910E-02
    9.3800000E-01    1.9773239E-02    1.9245760E-02
    9.4200000E-01    1.9753045E-02    1.9226698E-02
    9.4600000E-01    1.9732945E-02    1.9207724E-02
    9.5000000E-01    1.9712937E-02    1.9188837E-02
    9.5400000E-01    1.9693022E-02    1.9170037E-02
    9.5800000E-01    1.9673200E-02    1.9151324E-02
    9.6200000E-01    1.9653469E-02    1.9132698E-02
    9.6600000E-01    1.9633829E-02    1.9114157E-02
    9.7000000E-01    1.9614280E-02    1.9095702E-02
    9.7400000E-01    1.9594823E-02    1.9077333E-02
    9.7800000E-01    1.9575455E-02    1.9059048E-02
    9.8200000E-01    1.9556178E-02    1.9040849E-02
    9.8600000E-01    1.9536990E-02    1.9022734E-02
    9.9000000E-01    1.9517891E-02    1.9004703E-02
    9.9400000E-01    1.9498882E-02    1.8986755E-02
    9.9800000E-01    1.9479961E-02    1.8968891E-02
    1.0020000E+00    1.9461128E-02    1.8951111E-02
    1.0060000E+00    1.9442384E-02    1.8933413E-02
    1.0100000E+00    1.9423727E-02    1.8915797E-02
    1.0140000E+00    1.9405157E-02    1.8898264E-02
    1.0180000E+00    1.9386674E-02    1.8880813E-02
    1.0220000E+00    1.9368278E-02    1.8863443E-02
    1.0260000E+00    1.9349968E-02    1.8846154E-02
    1.0300000E+00    1.9331744E-02    1.8828946E-02
    1.0340000E+00    1.9313606E-02    1.8811819E-02
    1.0380000E+00    1.9295552E-02    1.8794772E-02
    1.0420000E+00    1.9277584E-02    1.8777805E-02
    1.0460000E+00    1.9259700E-02    1.8760918E-02
    1.0500000E+00    1.9241901E-02    1.8744110E-02
    1.0540000E+00    1.9224185E-02    1.8727381E-02
    1.0580000E+00    1.9206553E-02    1.8710731E-02
    1.0620000E+00    1.9189004E-02    1.8694159E-02
    1.0660000E+00    1.9171538E-02    1.8677666E-02
    1.0700000E+00    1.9154155E-02    1.8661250E-02
    1.0740000E+00    1.9136854E-02    1.8644911E-02
    1.0780000E+00    1.9119635E-02    1.8628650E-02
    1.0820000E+00    1.9102498E-02    1.8612466E-02
    1.0860000E+00    1.9085442E-02    1.8596358E-02
    1.0900000E+00    1.9068466E-02    1.8580327E-02
    1.0940000E+00    1.9051572E-02    1.8564371E-02
    1.0980000E+00    1.9034758E-02    1.8548492E-02
    1.1020000E+00    1.9018024E-02    1.8532687E-02
    1.1060000E+00    1.9001369E-02    1.8516958E-02
    1.1100000E+00    1.8984794E-02    1.8501303E-02
    1.1140000E+00    1.8968298E-02    1.8485723E-02
    1.1180000E+00    1.8951881E-02    1.8470218E-02
    1.1220000E+00    1.8935542E-02    1.8454786E-02
    1.1260000E+00    1.8919282E-02    1.8439427E-02
    1.1300000E+00    1.8903099E-02    1.8424142E-02
    1.1340000E+00    1.8886994E-02    1.8408930E-02
    1.1380000E+00    1.8870966E-02    1.8393791E-02
    1.1420000E+00    1.8855014E-02    1.8378724E-02
    1.1460000E+00    1.8839140E-02    1.8363730E-02
    1.1500000E+00    1.8823341E-02    1.8348807E-02
    1.1540000E+00    1.8807619E-02    1.8333955E-02
    1.1580000E+00    1.8791972E-02    1.8319175E-02
    1.1620000E+00    1.8776401E-02    1.8304467E-02
    1.1660000E+00    1.8760904E-02    1.8289828E-02
    1.1700000E+00    1.8745483E-02    1.8275260E-02
    1.1740000E+00    1.8730135E-02    1.8260763E-02
    1.1780000E+00    1.8714862E-02    1.8246335E-02
    1.1820000E+00    1.8699663E-02    1.8231977E-02
    1.1860000E+00    1.8684538E-02    1.8217688E-02
    1.1900000E+00    1.8669485E-02    1.8203468E-02
    1.1940000E+00    1.8654506E-02    1.8189317E-02
    1.1980000E+00    1.8639599E-02    1.8175234E-02
    1.2020000E+00    1.8624764E-02    1.8161220E-02
    1.2060000E+00    1.8610002E-02    1.8147273E-02
    1.2100000E+00    1.8595311E-02    1.8133394E-02
    1.2140000E+00    1.8580692E-02    1.8119582E-02
    1.2180000E+00    1.8566144E-02    1.8105838E-02
    1.2220000E+00    1.8551667E-02    1.8092160E-02
    1.2260000E+00    1.8537260E-02    1.8078549E-02
    1.2300000E+00    1.8522924E-02    1.8065004E-02
    1.2340000E+00    1.8508658E-02    1.8051525E-02
    1.2380000E+00    1.8494462E-02    1.8038112E-02
    1.2420000E+00    1.8480335E-02    1.8024765E-02
    1.2460000E+00    1.8466277E-02    1.8011482E-02
    1.2500000E+00    1.8452288E-02    1.7998265E-02
    1.2540000E+00    1.8438367E-02    1.7985112E-02
    1.2580000E+00    1.8424515E-02    1.7972023E-02
    1.2620000E+00    1.8410731E-02    1.7958999E-02
    1.2660000E+00    1.8397015E-02    1.7946038E-02
    1.2700000E+00    1.8383366E-02    1.7933141E-02
    1.2740000E+00    1.8369785E-02    1.7920308E-02
    1.2780000E+00    1.8356270E-02    1.7907537E-02
    1.2820000E+00    1.8342822E-02    1.7894830E-02
    1.2860000E+00    1.8329440E-02    1.7882185E-02
    1.2900000E+00    1.8316125E-02    1.7869602E-02
    1.2940000E+00    1.8302875E-02    1.7857081E-02
    1.2980000E+00    1.8289691E-02    1.7844622E-02
    1.3020000E+00    1.8276572E-02    1.7832225E-02
    1.3060000E+00    1.8263518E-02    1.7819889E-02
    1.3100000E+00    1.8250528E-02    1.7807614E-02
    1.3140000E+00    1.8237603E-02    1.7795399E-02
    1.3180000E+00    1.8224743E-02    1.7783245E-02
    1.3220000E+00    1.8211946E-02    1.7771152E-02
    1.3260000E+00    1.8199213E-02    1.7759118E-02
    1.3300000E+00    1.8186543E-02    1.7747144E-02
    1.3340000E+00    1.8173937E-02    1.7735230E-02
    1.3380000E+00    1.8161393E-02    1.7723375E-02
    1.3420000E+00    1.8148912E-02    1.7711579E-02
    1.3460000E+00    1.8136493E-02    1.7699842E-02
    1.3500000E+00    1.8124136E-02    1.7688163E-02
    1.3540000E+00    1.8111841E-02    1.7676543E-02
    1.3580000E+00    1.8099607E-02    1.7664980E-02
    1.3620000E+00    1.8087435E-02    1.7653476E-02
    1.3660000E+00    1.8075324E-02    1.7642028E-02
    1.3700000E+00    1.8063274E-02    1.7630639E-02
    1.3740000E+00    1.8051284E-02    1.7619306E-02
    1.3780000E+00    1.8039354E-02    1.7608030E-02
    1.3820000E+00    1.8027484E-02    1.7596811E-02
    1.3860000E+00    1.8015674E-02    1.7585648E-02
    1.3900000E+00    1.8003924E-02    1.7574541E-02
    1.3940000E+00    1.7992232E-02    1.7563490E-02
    1.3980000E+00    1.7980600E-02    1.7552494E-02
    1.4020000E+00    1.7969026E-02    1.7541554E-02
    1.4060000E+00    1.7957511E-02    1.7530669E-02
    1.4100000E+00    1.7946054E-02    1.7519839E-02
    1.4140000E+00    1.7934655E-02    1.7509064E-02
    1.4180000E+00    1.7923314E-02    1.7498343E-02
    1.4220000E+00    1.7912030E-02    1.7487676E-02
    1.4260000E+00    1.7900804E-02    1.7477064E-02
    1.4300000E+00    1.7889634E-02    1.7466505E-02
    1.4340000E+00    1.7878521E-02    1.7455999E-02
    1.4380000E+00    1.7867465E-02    1.7445547E-02
    1.4420000E+00    1.7856465E-02    1.7435148E-02
    1.4460000E+00    1.7845521E-02    1.7424802E-02
    1.4500000E+00    1.7834633E-02    1.7414508E-02
    1.4540000E+00    1.7823800E-02    1.7404267E-02
    1.4580000E+00    1.7813022E-02    1.7394078E-02
    1.4620000E+00    1.7802300E-02    1.7383941E-02
    1.4660000E+00    1.7791632E-02    1.7373855E-02
    1.4700000E+00    1.7781019E-02    1.7363822E-02
    1.4740000E+00    1.7770460E-02    1.7353839E-02
    1.4780000E+00    1.7759956E-02    1.7343907E-02
    1.4820000E+00    1.7749505E-02    1.7334026E-02
    1.4860000E+00    1.7739108E-02    1.7324196E-02
    1.4900000E+00    1.7728764E-02    1.7314416E-02
    1.4940000E+00    1.7718474E-02    1.7304687E-02
    1.4980000E+00    1.7708236E-02    1.7295007E-02
    1.5020000E+00    1.7698051E-02    1.7285377E-02
    1.5060000E+00    1.7687918E-02    1.7275796E-02
    1.5100000E+00    1.7677838E-02    1.7266265E-02
    1.5140000E+00    1.7667810E-02    1.7256783E-02
    1.5180000E+00    1.7657833E-02    1.7247350E-02
    1.5220000E+00    1.7647909E-02    1.7237965E-02
    1.5260000E+00    1.7638035E-02    1.7228629E-02
    1.5300000E+00    1.7628212E-02    1.7219341E-02
    1.5340000E+00    1.7618441E-02    1.7210101E-02
    1.5380000E+00    1.7608720E-02    1.7200909E-02
    1.5420000E+00    1.7599049E-02    1.7191764E-02
    1.5460000E+00    1.7589429E-02    1.7182667E-02
    1.5500000E+00    1.7579859E-02    1.7173617E-02
    1.5540000E+00    1.7570338E-02    1.7164614E-02
    1.5580000E+00    1.7560867E-02    1.7155658E-02
    1.5620000E+00    1.7551445E-02    1.7146748E-02
    1.5660000E+00    1.7542073E-02    1.7137885E-02
    1.5700000E+00    1.7532749E-02    1.7129067E-02
    1.5740000E+00    1.7523474E-02    1.7120296E-02
    1.5780000E+00    1.7514247E-02    1.7111570E-02
    1.5820000E+00    1.7505069E-02    1.7102890E-02
    1.5860000E+00    1.7495939E-02    1.7094256E-02
    1.5900000E+00    1.7486856E-02    1.7085666E-02
    1.5940000E+00    1.7477821E-02    1.7077121E-02
    1.5980000E+00    1.7468834E-02    1.7068621E-02
    1.6020000E+00    1.7459893E-02    1.7060166E-02
    1.6060000E+00    1.7451000E-02    1.7051755E-02
    1.6100000E+00    1.7442153E-02    1.7043388E-02
    1.6140000E+00    1.7433353E-02    1.7035065E-02
    1.6180000E+00    1.7424599E-02    1.7026786E-02
    1.6220000E+00    1.7415891E-02    1.7018550E-02
    1.6260000E+00    1.7407230E-02    1.7010357E-02
    1.6300000E+00    1.7398614E-02    1.7002208E-02
    1.6340000E+00    1.7390043E-02    1.6994102E-02
    1.6380000E+00    1.7381518E-02    1.6986038E-02
    1.6420000E+00    1.7373038E-02    1.6978017E-02
    1.6460000E+00    1.7364602E-02    1.6970039E-02
    1.6500000E+00    1.7356212E-02    1.6962102E-02
    1.6540000E+00    1.7347866E-02    1.6954208E-02
    1.6580000E+00    1.7339564E-02    1.6946355E-02
    1.6620000E+00    1.7331306E-02    1.6938544E-02
    1.6660000E+00    1.7323092E-02    1.6930775E-02
    1.6700000E+00    1.7314922E-02    1.6923046E-02
    1.6740000E+00    1.7306795E-02    1.6915359E-02
    1.6780000E+00    1.7298712E-02    1.6907713E-02
    1.6820000E+00    1.7290672E-02    1.6900107E-02
    1.6860000E+00    1.7282674E-02    1.6892542E-02
    1.6900000E+00    1.7274719E-02    1.6885017E-02
    1.6940000E+00    1.7266807E-02    1.6877532E-02
    1.6980000E+00    1.7258937E-02    1.6870087E-02
    1.7020000E+00    1.7251109E-02    1.6862682E-02
    1.7060000E+00    1.7243323E-02    1.6855317E-02
    1.7100000E+00    1.7235579E-02    1.6847991E-02
    1.7140000E+00    1.7227876E-02    1.6840704E-02
    1.7180000E+00    1.7220215E-02    1.6833456E-02
    1.7220000E+00    1.7212595E-02    1.6826247E-02
    1.7260000E+00    1.7205016E-02    1.6819077E-02
    1.7300000E+00    1.7197477E-02    1.6811945E-02
    1.7340000E+00    1.7189980E-02    1.6804851E-02
    1.7380000E+00    1.7182522E-02    1.6797796E-02
    1.7420000E+00    1.7175105E-02    1.6790779E-02
    1.7460000E+00    1.7167728E-02    1.6783799E-02
    1.7500000E+00    1.7160390E-02    1.6776857E-02
    1.7540000E+00    1.7153093E-02    1.6769953E-02
    1.7580000E+00    1.7145834E-02    1.6763086E-02
    1.7620000E+00    1.7138615E-02    1.6756256E-02
    1.7660000E+00    1.7131436E-02    1.6749463E-02
    1.7700000E+00    1.7124295E-02    1.6742706E-02
    1.7740000E+00    1.7117193E-02    1.6735986E-02
    1.7780000E+00    1.7110129E-02    1.6729303E-02
    1.7820000E+00    1.7103104E-02    1.6722656E-02
    1.7860000E+00    1.7096117E-02    1.6716045E-02
    1.7900000E+00    1.7089168E-02    1.6709470E-02
    1.7940000E+00    1.7082257E-02    1.6702931E-02
    1.7980000E+00    1.7075383E-02    1.6696427E-02
    1.8020000E+00    1.7068547E-02    1.6689959E-02
    1.8060000E+00    1.7061749E-02    1.6683526E-02
    1.8100000E+00    1.7054987E-02    1.6677128E-02
    1.8140000E+00    1.7048263E-02    1.6670764E-02
    1.8180000E+00    1.7041575E-02    1.6664436E-02
    1.8220000E+00    1.7034924E-02    1.6658142E-02
    1.8260000E+00    1.7028309E-02    1.6651883E-02
    1.8300000E+00    1.7021731E-02    1.6645658E-02
    1.8340000E+00    1.7015188E-02    1.6639467E-02
    1.8380000E+00    1.7008682E-02    1.6633310E-02
    1.8420000E+00    1.7002211E-02    1.6627187E-02
    1.8460000E+00    1.6995776E-02    1.6621098E-02
    1.8500000E+00    1.6989377E-02    1.6615041E-02
    1.8540000E+00    1.6983012E-02    1.6609019E-02
    1.8580000E+00    1.6976683E-02    1.6603029E-02
    1.8620000E+00    1.6970389E-02    1.6597072E-02
    1.8660000E+00    1.6964129E-02    1.6591149E-02
    1.8700000E+00    1.6957904E-02    1.6585258E-02
    1.8740000E+00    1.6951714E-02    1.6579399E-02
    1.8780000E+00    1.6945558E-02    1.6573573E-02
    1.8820000E+00    1.6939435E-02    1.6567779E-02
    1.8860000E+00    1.6933347E-02    1.6562017E-02
    1.8900000E+00    1.6927293E-02    1.6556287E-02
    1.8940000E+00    1.6921272E-02    1.6550589E-02
    1.8980000E+00    1.6915285E-02    1.6544922E-02
    1.9020000E+00    1.6909331E-02    1.6539287E-02
    1.9060000E+00    1.6903410E-02    1.6533683E-02
    1.9100000E+00    1.6897522E-02    1.6528110E-02
    1.9140000E+00    1.6891666E-02    1.6522569E-02
    1.9180000E+00    1.6885844E-02    1.6517058E-02
    1.9220000E+00    1.6880054E-02    1.6511578E-02
    1.9260000E+00    1.6874296E-02    1.6506128E-02
    1.9300000E+00    1.6868571E-02    1.6500709E-02
    1.9340000E+00    1.6862877E-02    1.6495320E-02
    1.9380000E+00    1.6857216E-02    1.6489961E-02
    1.9420000E+00    1.6851586E-02    1.6484632E-02
    1.9460000E+00    1.6845988E-02    1.6479333E-02
    1.9500000E+00    1.6840421E-02    1.6474064E-02
    1.9540000E+00    1.6834885E-02    1.6468824E-02
    1.9580000E+00    1.6829381E-02    1.6463614E-02
    1.9620000E+00    1.6823907E-02    1.6458433E-02
    1.9660000E+00    1.6818464E-02    1.6453281E-02
    1.9700000E+00    1.6813052E-02    1.6448158E-02
    1.9740000E+00    1.6807671E-02    1.6443064E-02
    1.9780000E+00    1.6802320E-02    1.6437999E-02
    1.9820000E+00    1.6796999E-02    1.6432962E-02
    1.9860000E+00    1.6791708E-02    1.6427953E-02
    1.9900000E+00    1.6786447E-02    1.6422973E-02
    1.9940000E+00    1.6781215E-02    1.6418021E-02
    1.9980000E+00    1.6776014E-02    1.6413097E-02
    2.0020000E+00    1.6770842E-02    1.6408201E-02
    2.0060000E+00    1.6765699E-02    1.6403332E-02
    2.0100000E+00    1.6760585E-02    1.6398491E-02
    2.0140000E+00    1.6755501E-02    1.6393678E-02
    2.0180000E+00    1.6750445E-02    1.6388892E-02
    2.0220000E+00    1.6745418E-02    1.6384133E-02
    2.0260000E+00    1.6740420E-02    1.6379401E-02
    2.0300000E+00    1.6735450E-02    1.6374696E-02
    2.0340000E+00    1.6730509E-02    1.6370018E-02
    2.0380000E+00    1.6725596E-02    1.6365367E-02
    2.0420000E+00    1.6720710E-02    1.6360742E-02
    2.0460000E+00    1.6715853E-02    1.6356143E-02
    2.0500000E+00    1.6711024E-02    1.6351571E-02
    2.0540000E+00    1.6706222E-02    1.6347025E-02
    2.0580000E+00    1.6701448E-02    1.6342505E-02
    2.0620000E+00    1.6696701E-02    1.6338010E-02
    2.0660000E+00    1.6691981E-02    1.6333542E-02
    2.0700000E+00    1.6687288E-02    1.6329099E-02
    2.0740000E+00    1.6682623E-02    1.6324681E-02
    2.0780000E+00    1.6677984E-02    1.6320289E-02
    2.0820000E+00    1.6673372E-02    1.6315922E-02
    2.0860000E+00    1.6668786E-02    1.6311581E-02
    2.0900000E+00    1.6664227E-02    1.6307264E-02
    2.0940000E+00    1.6659694E-02    1.6302972E-02
    2.0980000E+00    1.6655187E-02    1.6298705E-02
    2.1020000E+00    1.6650707E-02    1.6294462E-02
    2.1060000E+00    1.6646252E-02    1.6290244E-02
    2.1100000E+00    1.6641823E-02    1.6286051E-02
    2.1140000E+00    1.6637420E-02    1.6281881E-02
    2.1180000E+00    1.6633042E-02    1.6277736E-02
    2.1220000E+00    1.6628689E-02    1.6273615E-02
    2.1260000E+00    1.6624362E-02    1.6269517E-02
    2.1300000E+00    1.6620060E-02    1.6265444E-02
    2.1340000E+00    1.6615783E-02    1.6261394E-02
    2.1380000E+00    1.6611531E-02    1.6257367E-02
    2.1420000E+00    1.6607304E-02    1.6253364E-02
    2.1460000E+00    1.6603101E-02    1.6249384E-02
    2.1500000E+00    1.6598923E-02    1.6245428E-02
    2.1540000E+00    1.6594769E-02    1.6241494E-02
    2.1580000E+00    1.6590639E-02    1.6237583E-02
    2.1620000E+00    1.6586533E-02    1.6233696E-02
    2.1660000E+00    1.6582452E-02    1.6229830E-02
    2.1700000E+00    1.6578394E-02    1.6225988E-02
    2.1740000E+00    1.6574360E-02    1.6222168E-02
    2.1780000E+00    1.6570350E-02    1.6218370E-02
    2.1820000E+00    1.6566364E-02    1.6214595E-02
    2.1860000E+00    1.6562400E-02    1.6210841E-02
    2.1900000E+00    1.6558460E-02    1.6207110E-02
    2.1940000E+00    1.6554543E-02    1.6203401E-02
    2.1980000E+00    1.6550650E-02    1.6199713E-02
    2.2020000E+00    1.6546779E-02    1.6196047E-02
    2.2060000E+00    1.6542931E-02    1.6192403E-02
    2.2100000E+00    1.6539105E-02    1.6188780E-02
    2.2140000E+00    1.6535302E-02    1.6185178E-02
    2.2180000E+00    1.6531522E-02    1.6181598E-02
    2.2220000E+00    1.6527764E-02    1.6178039E-02
    2.2260000E+00    1.6524028E-02    1.6174501E-02
    2.2300000E+00    1.6520315E-02    1.6170983E-02
    2.2340000E+00    1.6516623E-02    1.6167487E-02
    2.2380000E+00    1.6512953E-02    1.6164011E-02
    2.2420000E+00    1.6509305E-02    1.6160556E-02
    2.2460000E+00    1.6505679E-02    1.6157121E-02
    2.2500000E+00    1.6502074E-02    1.6153707E-02
    2.2540000E+00    1.6498491E-02    1.6150313E-02
    2.2580000E+00    1.6494929E-02    1.6146939E-02
    2.2620000E+00    1.6491388E-02    1.6143586E-02
    2.2660000E+00    1.6487868E-02    1.6140252E-02
    2.2700000E+00    1.6484369E-02    1.6136938E-02
    2.2740000E+00    1.6480891E-02    1.6133644E-02
    2.2780000E+00    1.6477434E-02    1.6130369E-02
    2.2820000E+00    1.6473998E-02    1.6127114E-02
    2.2860000E+00    1.6470582E-02    1.6123879E-02
    2.2900000E+00    1.6467187E-02    1.6120663E-02
    2.2940000E+00    1.6463812E-02    1.6117466E-02
    2.2980000E+00    1.6460457E-02    1.6114288E-02
    2.3020000E+00    1.6457122E-02    1.6111129E-02
    2.3060000E+00    1.6453808E-02    1.6107989E-02
    2.3100000E+00    1.6450513E-02    1.6104868E-02
    2.3140000E+00    1.6447238E-02    1.6101766E-02
    2.3180000E+00    1.6443983E-02    1.6098683E-02
    2.3220000E+00    1.6440748E-02    1.6095618E-02
    2.3260000E+00    1.6437531E-02    1.6092571E-02
    2.3300000E+00    1.6434335E-02    1.6089543E-02
    2.3340000E+00    1.6431158E-02    1.6086533E-02
    2.3380000E+00    1.6427999E-02    1.6083542E-02
    2.3420000E+00    1.6424860E-02    1.6080568E-02
    2.3460000E+00    1.6421740E-02    1.6077612E-02
    2.3500000E+00    1.6418639E-02    1.6074674E-02
    2.3540000E+00    1.6415557E-02    1.6071754E-02
    2.3580000E+00    1.6412493E-02    1.6068852E-02
    2.3620000E+00    1.6409448E-02    1.6065967E-02
    2.3660000E+00    1.6406422E-02    1.6063100E-02
    2.3700000E+00    1.6403414E-02    1.6060251E-02
    2.3740000E+00    1.6400424E-02    1.6057418E-02
    2.3780000E+00    1.6397452E-02    1.6054603E-02
    2.3820000E+00    1.6394499E-02    1.6051805E-02
    2.3860000E+00    1.6391563E-02    1.6049024E-02
    2.3900000E+00    1.6388646E-02    1.6046260E-02
    2.3940000E+00    1.6385746E-02    1.6043512E-02
    2.3980000E+00    1.6382864E-02    1.6040782E-02
    2.4020000E+00    1.6380000E-02    1.6038068E-02
    2.4060000E+00    1.6377153E-02    1.6035371E-02
    2.4100000E+00    1.6374324E-02    1.6032691E-02
    2.4140000E+00    1.6371512E-02    1.6030026E-02
    2.4180000E+00    1.6368717E-02    1.6027378E-02
    2.4220000E+00    1.6365940E-02    1.6024747E-02
    2.4260000E+00    1.6363179E-02    1.6022131E-02
    2.4300000E+00    1.6360436E-02    1.6019532E-02
    2.4340000E+00    1.6357709E-02    1.6016949E-02
    2.4380000E+00    1.6354999E-02    1.6014381E-02
    2.4420000E+00    1.6352306E-02    1.6011829E-02
    2.4460000E+00    1.6349630E-02    1.6009293E-02
    2.4500000E+00    1.6346970E-02    1.6006773E-02
    2.4540000E+00    1.6344326E-02    1.6004268E-02
    2.4580000E+00    1.6341699E-02    1.6001779E-02
    2.4620000E+00    1.6339088E-02    1.5999305E-02
    2.4660000E+00    1.6336494E-02    1.5996847E-02
    2.4700000E+00    1.6333915E-02    1.5994403E-02
    2.4740000E+00    1.6331353E-02    1.5991975E-02
    2.4780000E+00    1.6328806E-02    1.5989562E-02
    2.4820000E+00    1.6326275E-02    1.5987164E-02
    2.4860000E+00    1.6323760E-02    1.5984781E-02
    2.4900000E+00    1.6321261E-02    1.5982412E-02
    2.4940000E+00    1.6318777E-02    1.5980059E-02
    2.4980000E+00    1.6316309E-02    1.5977720E-02
    2.5020000E+00    1.6313856E-02    1.5975395E-02
    2.5060000E+00    1.6311418E-02    1.5973086E-02
    2.5100000E+00    1.6308996E-02    1.5970790E-02
    2.5140000E+00    1.6306589E-02    1.5968509E-02
    2.5180000E+00    1.6304197E-02    1.5966242E-02
    2.5220000E+00    1.6301819E-02    1.5963990E-02
    2.5260000E+00    1.6299457E-02    1.5961751E-02
    2.5300000E+00    1.6297110E-02    1.5959527E-02
    2.5340000E+00    1.6294777E-02    1.5957316E-02
    2.5380000E+00    1.6292459E-02    1.5955119E-02
    2.5420000E+00    1.6290156E-02    1.5952937E-02
    2.5460000E+00    1.6287867E-02    1.5950767E-02
    2.5500000E+00    1.6285593E-02    1.5948612E-02
    2.5540000E+00    1.6283333E-02    1.5946470E-02
    2.5580000E+00    1.6281087E-02    1.5944342E-02
    2.5620000E+00    1.6278855E-02    1.5942227E-02
    2.5660000E+00    1.6276638E-02    1.5940125E-02
    2.5700000E+00    1.6274434E-02    1.5938037E-02
    2.5740000E+00    1.6272245E-02    1.5935962E-02
    2.5780000E+00    1.6270069E-02    1.5933900E-02
    2.5820000E+00    1.6267907E-02    1.5931851E-02
    2.5860000E+00    1.6265759E-02    1.5929815E-02
    2.5900000E+00    1.6263625E-02    1.5927792E-02
    2.5940000E+00    1.6261504E-02    1.5925782E-02
    2.5980000E+00    1.6259397E-02    1.5923785E-02
    2.6020000E+00    1.6257303E-02    1.5921801E-02
    2.6060000E+00    1.6255222E-02    1.5919829E-02
    2.6100000E+00    1.6253155E-02    1.5917869E-02
    2.6140000E+00    1.6251101E-02    1.5915922E-02
    2.6180000E+00    1.6249060E-02    1.5913988E-02
    2.6220000E+00    1.6247032E-02    1.5912066E-02
    2.6260000E+00    1.6245017E-02    1.5910156E-02
    2.6300000E+00    1.6243015E-02    1.5908259E-02
    2.6340000E+00    1.6241026E-02    1.5906373E-02
    2.6380000E+00    1.6239050E-02    1.5904500E-02
    2.6420000E+00    1.6237086E-02    1.5902639E-02
    2.6460000E+00    1.6235135E-02    1.5900790E-02
    2.6500000E+00    1.6233196E-02    1.5898952E-02
    2.6540000E+00    1.6231271E-02    1.5897127E-02
    2.6580000E+00    1.6229357E-02    1.5895313E-02
    2.6620000E+00    1.6227456E-02    1.5893511E-02
    2.6660000E+00    1.6225567E-02    1.5891720E-02
    2.6700000E+00    1.6223690E-02    1.5889941E-02
    2.6740000E+00    1.6221826E-02    1.5888174E-02
    2.6780000E+00    1.6219973E-02    1.5886418E-02
    2.6820000E+00    1.6218133E-02    1.5884674E-02
    2.6860000E+00    1.6216304E-02    1.5882940E-02
    2.6900000E+00    1.6214488E-02    1.5881218E-02
    2.6940000E+00    1.6212683E-02    1.5879507E-02
    2.6980000E+00    1.6210890E-02    1.5877808E-02
    2.7020000E+00    1.6209108E-02    1.5876119E-02
    2.7060000E+00    1.6207339E-02    1.5874441E-02
    2.7100000E+00    1.6205580E-02    1.5872775E-02
    2.7140000E+00    1.6203834E-02    1.5871119E-02
    2.7180000E+00    1.6202098E-02    1.5869474E-02
    2.7220000E+00    1.6200374E-02    1.5867840E-02
    2.7260000E+00    1.6198662E-02    1.5866216E-02
    2.7300000E+00    1.6196960E-02    1.5864603E-02
    2.7340000E+00    1.6195270E-02    1.5863001E-02
    2.7380000E+00    1.6193591E-02    1.5861409E-02
    2.7420000E+00    1.6191922E-02    1.5859827E-02
    2.7460000E+00    1.6190265E-02    1.5858256E-02
    2.7500000E+00    1.6188619E-02    1.5856696E-02
    2.7540000E+00    1.6186984E-02    1.5855145E-02
    2.7580000E+00    1.6185359E-02    1.5853605E-02
    2.7620000E+00    1.6183745E-02    1.5852075E-02
    2.7660000E+00    1.6182142E-02    1.5850555E-02
    2.7700000E+00    1.6180549E-02    1.5849045E-02
    2.7740000E+00    1.6178967E-02    1.5847545E-02
    2.7780000E+00    1.6177396E-02    1.5846055E-02
    2.7820000E+00    1.6175834E-02    1.5844575E-02
    2.7860000E+00    1.6174284E-02    1.5843105E-02
    2.7900000E+00    1.6172743E-02    1.5841644E-02
    2.7940000E+00    1.6171213E-02    1.5840194E-02
    2.7980000E+00    1.6169693E-02    1.5838753E-02
    2.8020000E+00    1.6168183E-02    1.5837321E-02
    2.8060000E+00    1.6166683E-02    1.5835899E-02
    2.8100000E+00    1.6165193E-02    1.5834487E-02
    2.8140000E+00    1.6163714E-02    1.5833083E-02
    2.8180000E+00    1.6162244E-02    1.5831690E-02
    2.8220000E+00    1.6160784E-02    1.5830305E-02
    2.8260000E+00    1.6159333E-02    1.5828930E-02
    2.8300000E+00    1.6157893E-02    1.5827565E-02
    2.8340000E+00    1.6156462E-02    1.5826208E-02
    2.8380000E+00    1.6155041E-02    1.5824860E-02
    2.8420000E+00    1.6153629E-02    1.5823522E-02
    2.8460000E+00    1.6152227E-02    1.5822193E-02
    2.8500000E+00    1.6150834E-02    1.5820872E-02
    2.8540000E+00    1.6149451E-02    1.5819561E-02
    2.8580000E+00    1.6148077E-02    1.5818258E-02
    2.8620000E+00    1.6146713E-02    1.5816964E-02
    2.8660000E+00    1.6145357E-02    1.5815679E-02
    2.8700000E+00    1.6144011E-02    1.5814402E-02
    2.8740000E+00    1.6142674E-02    1.5813135E-02
    2.8780000E+00    1.6141346E-02    1.5811876E-02
    2.8820000E+00    1.6140028E-02    1.5810625E-02
    2.8860000E+00    1.6138718E-02    1.5809383E-02
    2.8900000E+00    1.6137417E-02    1.5808149E-02
    2.8940000E+00    1.6136125E-02    1.5806924E-02
    2.8980000E+00    1.6134842E-02    1.5805708E-02
    2.9020000E+00    1.6133567E-02    1.5804499E-02
    2.9060000E+00    1.6132301E-02    1.5803299E-02
    2.9100000E+00    1.6131044E-02    1.5802107E-02
    2.9140000E+00    1.6129796E-02    1.5800923E-02
    2.9180000E+00    1.6128556E-02    1.5799748E-02
    2.9220000E+00    1.6127325E-02    1.5798580E-02
    2.9260000E+00    1.6126102E-02    1.5797420E-02
    2.9300000E+00    1.6124888E-02    1.5796269E-02
    2.9340000E+00    1.6123682E-02    1.5795125E-02
    2.9380000E+00    1.6122485E-02    1.5793990E-02
    2.9420000E+00    1.6121295E-02    1.5792862E-02
    2.9460000E+00    1.6120114E-02    1.5791742E-02
    2.9500000E+00    1.6118942E-02    1.5790630E-02
    2.9540000E+00    1.6117777E-02    1.5789525E-02
    2.9580000E+00    1.6116620E-02    1.5788429E-02
    2.9620000E+00    1.6115472E-02    1.5787339E-02
    2.9660000E+00    1.6114331E-02    1.5786258E-02
    2.9700000E+00    1.6113199E-02    1.5785184E-02
    2.9740000E+00    1.6112074E-02    1.5784117E-02
    2.9780000E+00    1.6110958E-02    1.5783058E-02
    2.9820000E+00    1.6109849E-02    1.5782007E-02
    2.9860000E+00    1.6108748E-02    1.5780962E-02
    2.9900000E+00    1.6107654E-02    1.5779925E-02
    2.9940000E+00    1.6106569E-02    1.5778896E-02
    2.9980000E+00    1.6105491E-02    1.5777874E-02
    3.0020000E+00    1.6104420E-02    1.5776858E-02
    3.0060000E+00    1.6103357E-02    1.5775850E-02
    3.0100000E+00    1.6102302E-02    1.5774850E-02
    3.0140000E+00    1.6101254E-02    1.5773856E-02
    3.0180000E+00    1.6100214E-02    1.5772869E-02
    3.0220000E+00    1.6099181E-02    1.5771889E-02
    3.0260000E+00    1.6098155E-02    1.5770917E-02
    3.0300000E+00    1.6097137E-02    1.5769951E-02
    3.0340000E+00    1.6096126E-02    1.5768992E-02
    3.0380000E+00    1.6095122E-02    1.5768040E-02
    3.0420000E+00    1.6094125E-02    1.5767095E-02
    3.0460000E+00    1.6093136E-02    1.5766156E-02
    3.0500000E+00    1.6092154E-02    1.5765224E-02
    3.0540000E+00    1.6091178E-02    1.5764299E-02
    3.0580000E+00    1.6090210E-02    1.5763381E-02
    3.0620000E+00    1.6089249E-02    1.5762469E-02
    3.0660000E+00    1.6088294E-02    1.5761564E-02
    3.0700000E+00    1.6087347E-02    1.5760665E-02
    3.0740000E+00    1.6086406E-02    1.5759773E-02
    3.0780000E+00    1.6085472E-02    1.5758887E-02
    3.0820000E+00    1.6084545E-02    1.5758008E-02
    3.0860000E+00    1.6083625E-02    1.5757135E-02
    3.0900000E+00    1.6082711E-02    1.5756269E-02
    3.0940000E+00    1.6081804E-02    1.5755408E-02
    3.0980000E+00    1.6080904E-02    1.5754554E-02
    3.1020000E+00    1.6080011E-02    1.5753707E-02
    3.1060000E+00    1.6079123E-02    1.5752865E-02
    3.1100000E+00    1.6078243E-02    1.5752030E-02
    3.1140000E+00    1.6077369E-02    1.5751201E-02
    3.1180000E+00    1.6076501E-02    1.5750378E-02
    3.1220000E+00    1.6075640E-02    1.5749561E-02
    3.1260000E+00    1.6074785E-02    1.5748750E-02
    3.1300000E+00    1.6073936E-02    1.5747945E-02
    3.1340000E+00    1.6073094E-02    1.5747146E-02
    3.1380000E+00    1.6072258E-02    1.5746353E-02
    3.1420000E+00    1.6071428E-02    1.5745566E-02
    3.1460000E+00    1.6070605E-02    1.5744785E-02
    3.1500000E+00    1.6069787E-02    1.5744009E-02
    3.1540000E+00    1.6068976E-02    1.5743240E-02
    3.1580000E+00    1.6068171E-02    1.5742476E-02
    3.1620000E+00    1.6067371E-02    1.5741718E-02
    3.1660000E+00    1.6066578E-02    1.5740965E-02
    3.1700000E+00    1.6065791E-02    1.5740219E-02
    3.1740000E+00    1.6065010E-02    1.5739477E-02
    3.1780000E+00    1.6064235E-02    1.5738742E-02
    3.1820000E+00    1.6063465E-02    1.5738012E-02
    3.1860000E+00    1.6062702E-02    1.5737288E-02
    3.1900000E+00    1.6061944E-02    1.5736569E-02
    3.1940000E+00    1.6061192E-02    1.5735856E-02
    3.1980000E+00    1.6060446E-02    1.5735148E-02
    3.2020000E+00    1.6059705E-02    1.5734445E-02
    3.2060000E+00    1.6058970E-02    1.5733748E-02
    3.2100000E+00    1.6058241E-02    1.5733056E-02
    3.2140000E+00    1.6057518E-02    1.5732370E-02
    3.2180000E+00    1.6056800E-02    1.5731689E-02
    3.2220000E+00    1.6056087E-02    1.5731013E-02
    3.2260000E+00    1.6055381E-02    1.5730343E-02
    3.2300000E+00    1.6054679E-02    1.5729677E-02
    3.2340000E+00    1.6053983E-02    1.5729017E-02
    3.2380000E+00    1.6053293E-02    1.5728362E-02
    3.2420000E+00    1.6052608E-02    1.5727712E-02
    3.2460000E+00    1.6051928E-02    1.5727067E-02
    3.2500000E+00    1.6051254E-02    1.5726428E-02
    3.2540000E+00    1.6050585E-02    1.5725793E-02
    3.2580000E+00    1.6049921E-02    1.5725163E-02
    3.2620000E+00    1.6049263E-02    1.5724539E-02
    3.2660000E+00    1.6048610E-02    1.5723919E-02
    3.2700000E+00    1.6047962E-02    1.5723304E-02
    3.2740000E+00    1.6047319E-02    1.5722695E-02
    3.2780000E+00    1.6046681E-02    1.5722090E-02
    3.2820000E+00    1.6046049E-02    1.5721489E-02
    3.2860000E+00    1.6045421E-02    1.5720894E-02
    3.2900000E+00    1.6044799E-02    1.5720304E-02
    3.2940000E+00    1.6044182E-02    1.5719718E-02
    3.2980000E+00    1.6043569E-02    1.5719137E-02
    3.3020000E+00    1.6042962E-02    1.5718561E-02
    3.3060000E+00    1.6042360E-02    1.5717989E-02
    3.3100000E+00    1.6041762E-02    1.5717422E-02
    3.3140000E+00    1.6041169E-02    1.5716860E-02
    3.3180000E+00    1.6040582E-02    1.5716302E-02
    3.3220000E+00    1.6039999E-02    1.5715749E-02
    3.3260000E+00    1.6039421E-02    1.5715201E-02
    3.3300000E+00    1.6038848E-02    1.5714657E-02
    3.3340000E+00    1.6038279E-02    1.5714118E-02
    3.3380000E+00    1.6037715E-02    1.5713583E-02
    3.3420000E+00    1.6037156E-02    1.5713052E-02
    3.3460000E+00    1.6036602E-02    1.5712526E-02
    3.3500000E+00    1.6036052E-02    1.5712005E-02
    3.3540000E+00    1.6035507E-02    1.5711488E-02
    3.3580000E+00    1.6034967E-02    1.5710975E-02
    3.3620000E+00    1.6034431E-02    1.5710467E-02
    3.3660000E+00    1.6033900E-02    1.5709963E-02
    3.3700000E+00    1.6033373E-02    1.5709463E-02
    3.3740000E+00    1.6032851E-02    1.5708967E-02
    3.3780000E+00    1.6032333E-02    1.5708476E-02
    3.3820000E+00    1.6031820E-02    1.5707989E-02
    3.3860000E+00    1.6031312E-02    1.5707507E-02
    3.3900000E+00    1.6030807E-02    1.5707028E-02
    3.3940000E+00    1.6030307E-02    1.5706554E-02
    3.3980000E+00    1.6029812E-02    1.5706084E-02
    3.4020000E+00    1.6029321E-02    1.5705618E-02
    3.4060000E+00    1.6028834E-02    1.5705156E-02
    3.4100000E+00    1.6028351E-02    1.5704698E-02
    3.4140000E+00    1.6027873E-02    1.5704244E-02
    3.4180000E+00    1.6027399E-02    1.5703794E-02
    3.4220000E+00    1.6026930E-02    1.5703349E-02
    3.4260000E+00    1.6026464E-02    1.5702907E-02
    3.4300000E+00    1.6026003E-02    1.5702469E-02
    3.4340000E+00    1.6025546E-02    1.5702036E-02
    3.4380000E+00    1.6025093E-02    1.5701606E-02
    3.4420000E+00    1.6024644E-02    1.5701180E-02
    3.4460000E+00    1.6024200E-02    1.5700758E-02
    3.4500000E+00    1.6023759E-02    1.5700340E-02
    3.4540000E+00    1.6023323E-02    1.5699926E-02
    3.4580000E+00    1.6022890E-02    1.5699516E-02
    3.4620000E+00    1.6022462E-02    1.5699109E-02
    3.4660000E+00    1.6022038E-02    1.5698707E-02
    3.4700000E+00    1.6021618E-02    1.5698308E-02
    3.4740000E+00    1.6021201E-02    1.5697913E-02
    3.4780000E+00    1.6020789E-02    1.5697522E-02
    3.4820000E+00    1.6020381E-02    1.5697134E-02
    3.4860000E+00    1.6019976E-02    1.5696750E-02
    3.4900000E+00    1.6019576E-02    1.5696370E-02
    3.4940000E+00    1.6019179E-02    1.5695994E-02
    3.4980000E+00    1.6018786E-02    1.5695621E-02
    3.5020000E+00    1.6018397E-02    1.5695252E-02
    3.5060000E+00    1.6018012E-02    1.5694887E-02
    3.5100000E+00    1.6017631E-02    1.5694525E-02
    3.5140000E+00    1.6017253E-02    1.5694166E-02
    3.5180000E+00    1.6016880E-02    1.5693812E-02
    3.5220000E+00    1.6016510E-02    1.5693461E-02
    3.5260000E+00    1.6016144E-02    1.5693113E-02
    3.5300000E+00    1.6015781E-02    1.5692769E-02
    3.5340000E+00    1.6015422E-02    1.5692429E-02
    3.5380000E+00    1.6015067E-02    1.5692092E-02
    3.5420000E+00    1.6014716E-02    1.5691759E-02
    3.5460000E+00    1.6014368E-02    1.5691429E-02
    3.5500000E+00    1.6014024E-02    1.5691102E-02
    3.5540000E+00    1.6013684E-02    1.5690779E-02
    3.5580000E+00    1.6013347E-02    1.5690459E-02
    3.5620000E+00    1.6013014E-02    1.5690143E-02
    3.5660000E+00    1.6012684E-02    1.5689830E-02
    3.5700000E+00    1.6012358E-02    1.5689521E-02
    3.5740000E+00    1.6012036E-02    1.5689215E-02
    3.5780000E+00    1.6011717E-02    1.5688912E-02
    3.5820000E+00    1.6011401E-02    1.5688613E-02
    3.5860000E+00    1.6011089E-02    1.5688317E-02
    3.5900000E+00    1.6010781E-02    1.5688024E-02
    3.5940000E+00    1.6010476E-02    1.5687735E-02
    3.5980000E+00    1.6010174E-02    1.5687449E-02
    3.6020000E+00    1.6009876E-02    1.5687166E-02
    3.6060000E+00    1.6009582E-02    1.5686886E-02
    3.6100000E+00    1.6009291E-02    1.5686610E-02
    3.6140000E+00    1.6009003E-02    1.5686337E-02
    3.6180000E+00    1.6008718E-02    1.5686067E-02
    3.6220000E+00    1.6008437E-02    1.5685800E-02
    3.6260000E+00    1.6008160E-02    1.5685537E-02
    3.6300000E+00    1.6007886E-02    1.5685276E-02
    3.6340000E+00    1.6007615E-02    1.5685019E-02
    3.6380000E+00    1.6007347E-02    1.5684765E-02
    3.6420000E+00    1.6007083E-02    1.5684514E-02
    3.6460000E+00    1.6006822E-02    1.5684267E-02
    3.6500000E+00    1.6006564E-02    1.5684022E-02
    3.6540000E+00    1.6006310E-02    1.5683781E-02
    3.6580000E+00    1.6006058E-02    1.5683542E-02
    3.6620000E+00    1.6005811E-02    1.5683307E-02
    3.6660000E+00    1.6005566E-02    1.5683075E-02
    3.6700000E+00    1.6005324E-02    1.5682846E-02
    3.6740000E+00    1.6005086E-02    1.5682619E-02
    3.6780000E+00    1.6004851E-02    1.5682396E-02
    3.6820000E+00    1.6004619E-02    1.5682176E-02
    3.6860000E+00    1.6004391E-02    1.5681959E-02
    3.6900000E+00    1.6004165E-02    1.5681745E-02
    3.6940000E+00    1.6003943E-02    1.5681534E-02
    3.6980000E+00    1.6003724E-02    1.5681326E-02
    3.7020000E+00    1.6003508E-02    1.5681121E-02
    3.7060000E+00    1.6003295E-02    1.5680919E-02
    3.7100000E+00    1.6003085E-02    1.5680720E-02
    3.7140000E+00    1.6002879E-02    1.5680524E-02
    3.7180000E+00    1.6002675E-02    1.5680331E-02
    3.7220000E+00    1.6002475E-02    1.5680141E-02
    3.7260000E+00    1.6002277E-02    1.5679954E-02
    3.7300000E+00    1.6002083E-02    1.5679769E-02
    3.7340000E+00    1.6001892E-02    1.5679588E-02
    3.7380000E+00    1.6001704E-02    1.5679409E-02
    3.7420000E+00    1.6001519E-02    1.5679233E-02
    3.7460000E+00    1.6001336E-02    1.5679061E-02
    3.7500000E+00    1.6001157E-02    1.5678891E-02
    3.7540000E+00    1.6000981E-02    1.5678723E-02
    3.7580000E+00    1.6000808E-02    1.5678559E-02
    3.7620000E+00    1.6000638E-02    1.5678398E-02
    3.7660000E+00    1.6000471E-02    1.5678239E-02
    3.7700000E+00    1.6000307E-02    1.5678084E-02
    3.7740000E+00    1.6000146E-02    1.5677931E-02
    3.7780000E+00    1.5999988E-02    1.5677781E-02
    3.7820000E+00    1.5999833E-02    1.5677633E-02
    3.7860000E+00    1.5999681E-02    1.5677489E-02
    3.7900000E+00    1.5999531E-02    1.5677347E-02
    3.7940000E+00    1.5999385E-02    1.5677208E-02
    3.7980000E+00    1.5999242E-02    1.5677072E-02
    3.8020000E+00    1.5999101E-02    1.5676939E-02
    3.8060000E+00    1.5998964E-02    1.5676809E-02
    3.8100000E+00    1.5998829E-02    1.5676681E-02
    3.8140000E+00    1.5998698E-02    1.5676556E-02
    3.8180000E+00    1.5998569E-02    1.5676434E-02
    3.8220000E+00    1.5998443E-02    1.5676314E-02
    3.8260000E+00    1.5998320E-02    1.5676197E-02
    3.8300000E+00    1.5998200E-02    1.5676083E-02
    3.8340000E+00    1.5998082E-02    1.5675972E-02
    3.8380000E+00    1.5997968E-02    1.5675863E-02
    3.8420000E+00    1.5997856E-02    1.5675757E-02
    3.8460000E+00    1.5997748E-02    1.5675654E-02
    3.8500000E+00    1.5997642E-02    1.5675554E-02
    3.8540000E+00    1.5997539E-02    1.5675456E-02
    3.8580000E+00    1.5997439E-02    1.5675361E-02
    3.8620000E+00    1.5997341E-02    1.5675269E-02
    3.8660000E+00    1.5997247E-02    1.5675179E-02
    3.8700000E+00    1.5997155E-02    1.5675092E-02
    3.8740000E+00    1.5997067E-02    1.5675008E-02
    3.8780000E+00    1.5996981E-02    1.5674926E-02
    3.8820000E+00    1.5996897E-02    1.5674847E-02
    3.8860000E+00    1.5996817E-02    1.5674771E-02
    3.8900000E+00    1.5996739E-02    1.5674697E-02
    3.8940000E+00    1.5996665E-02    1.5674626E-02
    3.8980000E+00    1.5996593E-02    1.5674558E-02
    3.9020000E+00    1.5996524E-02    1.5674492E-02
    3.9060000E+00    1.5996457E-02    1.5674429E-02
    3.9100000E+00    1.5996394E-02    1.5674369E-02
    3.9140000E+00    1.5996333E-02    1.5674311E-02
    3.9180000E+00    1.5996275E-02    1.5674256E-02
    3.9220000E+00    1.5996220E-02    1.5674204E-02
    3.9260000E+00    1.5996167E-02    1.5674154E-02
    3.9300000E+00    1.5996117E-02    1.5674107E-02
    3.9340000E+00    1.5996071E-02    1.5674062E-02
    3.9380000E+00    1.5996026E-02    1.5674020E-02
    3.9420000E+00    1.5995985E-02    1.5673981E-02
    3.9460000E+00    1.5995946E-02    1.5673945E-02
    3.9500000E+00    1.5995911E-02    1.5673911E-02
    3.9540000E+00    1.5995878E-02    1.5673879E-02
    3.9580000E+00    1.5995847E-02    1.5673850E-02
    3.9620000E+00    1.5995820E-02    1.5673824E-02
    3.9660000E+00    1.5995795E-02    1.5673801E-02
    3.9700000E+00    1.5995773E-02    1.5673780E-02
    3.9740000E+00    1.5995754E-02    1.5673761E-02
    3.9780000E+00    1.5995737E-02    1.5673746E-02
    3.9820000E+00    1.5995723E-02    1.5673733E-02
    3.9860000E+00    1.5995712E-02    1.5673722E-02
    3.9900000E+00    1.5995704E-02    1.5673714E-02
    3.9940000E+00    1.5995699E-02    1.5673709E-02
    3.9980000E+00    1.5995696E-02    1.5673707E-02
