# Time          5.0000E+01
# Units: Permil
    Distance        SO4--            SO164--         
    2.0000000E-03    2.1059178E+01    8.7552566E+00
    6.0000000E-03    2.1177340E+01    8.9078040E+00
    1.0000000E-02    2.1295423E+01    9.0586005E+00
    1.4000000E-02    2.1413426E+01    9.2076636E+00
    1.8000000E-02    2.1531348E+01    9.3550107E+00
    2.2000000E-02    2.1649188E+01    9.5006590E+00
    2.6000000E-02    2.1766945E+01    9.6446258E+00
    3.0000000E-02    2.1884619E+01    9.7869279E+00
    3.4000000E-02    2.2002208E+01    9.9275822E+00
    3.8000000E-02    2.2119711E+01    1.0066605E+01
    4.2000000E-02    2.2237128E+01    1.0204014E+01
    4.6000000E-02    2.2354457E+01    1.0339825E+01
    5.0000000E-02    2.2471697E+01    1.0474053E+01
    5.4000000E-02    2.2588848E+01    1.0606716E+01
    5.8000000E-02    2.2705909E+01    1.0737829E+01
    6.2000000E-02    2.2822878E+01    1.0867409E+01
    6.6000000E-02    2.2939756E+01    1.0995470E+01
    7.0000000E-02    2.3056539E+01    1.1122029E+01
    7.4000000E-02    2.3173229E+01    1.1247101E+01
    7.8000000E-02    2.3289823E+01    1.1370702E+01
    8.2000000E-02    2.3406322E+01    1.1492846E+01
    8.6000000E-02    2.3522723E+01    1.1613549E+01
    9.0000000E-02    2.3639026E+01    1.1732825E+01
    9.4000000E-02    2.3755231E+01    1.1850690E+01
    9.8000000E-02    2.3871335E+01    1.1967159E+01
    1.0200000E-01    2.3987339E+01    1.2082245E+01
    1.0600000E-01    2.4103241E+01    1.2195963E+01
    1.1000000E-01    2.4219040E+01    1.2308328E+01
    1.1400000E-01    2.4334736E+01    1.2419354E+01
    1.1800000E-01    2.4450326E+01    1.2529055E+01
    1.2200000E-01    2.4565812E+01    1.2637444E+01
    1.2600000E-01    2.4681191E+01    1.2744536E+01
    1.3000000E-01    2.4796462E+01    1.2850345E+01
    1.3400000E-01    2.4911625E+01    1.2954884E+01
    1.3800000E-01    2.5026679E+01    1.3058166E+01
    1.4200000E-01    2.5141622E+01    1.3160205E+01
    1.4600000E-01    2.5256454E+01    1.3261015E+01
    1.5000000E-01    2.5371174E+01    1.3360607E+01
    1.5400000E-01    2.5485781E+01    1.3458996E+01
    1.5800000E-01    2.5600274E+01    1.3556194E+01
    1.6200000E-01    2.5714652E+01    1.3652213E+01
    1.6600000E-01    2.5828914E+01    1.3747068E+01
    1.7000000E-01    2.5943060E+01    1.3840769E+01
    1.7400000E-01    2.6057087E+01    1.3933331E+01
    1.7800000E-01    2.6170996E+01    1.4024764E+01
    1.8200000E-01    2.6284785E+01    1.4115081E+01
    1.8600000E-01    2.6398454E+01    1.4204294E+01
    1.9000000E-01    2.6512001E+01    1.4292416E+01
    1.9400000E-01    2.6625426E+01    1.4379457E+01
    1.9800000E-01    2.6738728E+01    1.4465431E+01
    2.0200000E-01    2.6851905E+01    1.4550348E+01
    2.0600000E-01    2.6964957E+01    1.4634220E+01
    2.1000000E-01    2.7077883E+01    1.4717059E+01
    2.1400000E-01    2.7190683E+01    1.4798876E+01
    2.1800000E-01    2.7303354E+01    1.4879682E+01
    2.2200000E-01    2.7415896E+01    1.4959488E+01
    2.2600000E-01    2.7528309E+01    1.5038306E+01
    2.3000000E-01    2.7640591E+01    1.5116145E+01
    2.3400000E-01    2.7752741E+01    1.5193018E+01
    2.3800000E-01    2.7864759E+01    1.5268935E+01
    2.4200000E-01    2.7976644E+01    1.5343906E+01
    2.4600000E-01    2.8088394E+01    1.5417942E+01
    2.5000000E-01    2.8200010E+01    1.5491054E+01
    2.5400000E-01    2.8311489E+01    1.5563251E+01
    2.5800000E-01    2.8422831E+01    1.5634545E+01
    2.6200000E-01    2.8534035E+01    1.5704944E+01
    2.6600000E-01    2.8645101E+01    1.5774460E+01
    2.7000000E-01    2.8756027E+01    1.5843102E+01
    2.7400000E-01    2.8866812E+01    1.5910880E+01
    2.7800000E-01    2.8977457E+01    1.5977803E+01
    2.8200000E-01    2.9087958E+01    1.6043882E+01
    2.8600000E-01    2.9198317E+01    1.6109126E+01
    2.9000000E-01    2.9308531E+01    1.6173544E+01
    2.9400000E-01    2.9418601E+01    1.6237146E+01
    2.9800000E-01    2.9528525E+01    1.6299941E+01
    3.0200000E-01    2.9638302E+01    1.6361939E+01
    3.0600000E-01    2.9747932E+01    1.6423148E+01
    3.1000000E-01    2.9857413E+01    1.6483577E+01
    3.1400000E-01    2.9966745E+01    1.6543236E+01
    3.1800000E-01    3.0075927E+01    1.6602133E+01
    3.2200000E-01    3.0184958E+01    1.6660277E+01
    3.2600000E-01    3.0293837E+01    1.6717676E+01
    3.3000000E-01    3.0402563E+01    1.6774340E+01
    3.3400000E-01    3.0511136E+01    1.6830277E+01
    3.3800000E-01    3.0619555E+01    1.6885495E+01
    3.4200000E-01    3.0727818E+01    1.6940002E+01
    3.4600000E-01    3.0835925E+01    1.6993807E+01
    3.5000000E-01    3.0943876E+01    1.7046918E+01
    3.5400000E-01    3.1051668E+01    1.7099343E+01
    3.5800000E-01    3.1159302E+01    1.7151090E+01
    3.6200000E-01    3.1266777E+01    1.7202168E+01
    3.6600000E-01    3.1374091E+01    1.7252582E+01
    3.7000000E-01    3.1481245E+01    1.7302343E+01
    3.7400000E-01    3.1588236E+01    1.7351457E+01
    3.7800000E-01    3.1695065E+01    1.7399931E+01
    3.8200000E-01    3.1801731E+01    1.7447775E+01
    3.8600000E-01    3.1908232E+01    1.7494993E+01
    3.9000000E-01    3.2014568E+01    1.7541596E+01
    3.9400000E-01    3.2120738E+01    1.7587588E+01
    3.9800000E-01    3.2226742E+01    1.7632979E+01
    4.0200000E-01    3.2332578E+01    1.7677775E+01
    4.0600000E-01    3.2438246E+01    1.7721982E+01
    4.1000000E-01    3.2543744E+01    1.7765609E+01
    4.1400000E-01    3.2649073E+01    1.7808661E+01
    4.1800000E-01    3.2754232E+01    1.7851146E+01
    4.2200000E-01    3.2859218E+01    1.7893071E+01
    4.2600000E-01    3.2964033E+01    1.7934443E+01
    4.3000000E-01    3.3068675E+01    1.7975267E+01
    4.3400000E-01    3.3173143E+01    1.8015551E+01
    4.3800000E-01    3.3277437E+01    1.8055301E+01
    4.4200000E-01    3.3381555E+01    1.8094523E+01
    4.4600000E-01    3.3485498E+01    1.8133225E+01
    4.5000000E-01    3.3589264E+01    1.8171412E+01
    4.5400000E-01    3.3692852E+01    1.8209090E+01
    4.5800000E-01    3.3796262E+01    1.8246265E+01
    4.6200000E-01    3.3899493E+01    1.8282945E+01
    4.6600000E-01    3.4002545E+01    1.8319134E+01
    4.7000000E-01    3.4105416E+01    1.8354839E+01
    4.7400000E-01    3.4208106E+01    1.8390066E+01
    4.7800000E-01    3.4310615E+01    1.8424820E+01
    4.8200000E-01    3.4412940E+01    1.8459108E+01
    4.8600000E-01    3.4515083E+01    1.8492935E+01
    4.9000000E-01    3.4617041E+01    1.8526306E+01
    4.9400000E-01    3.4718815E+01    1.8559228E+01
    4.9800000E-01    3.4820403E+01    1.8591706E+01
    5.0200000E-01    3.4921806E+01    1.8623745E+01
    5.0600000E-01    3.5023021E+01    1.8655351E+01
    5.1000000E-01    3.5124050E+01    1.8686528E+01
    5.1400000E-01    3.5224890E+01    1.8717284E+01
    5.1800000E-01    3.5325541E+01    1.8747622E+01
    5.2200000E-01    3.5426003E+01    1.8777548E+01
    5.2600000E-01    3.5526274E+01    1.8807067E+01
    5.3000000E-01    3.5626355E+01    1.8836184E+01
    5.3400000E-01    3.5726245E+01    1.8864905E+01
    5.3800000E-01    3.5825942E+01    1.8893233E+01
    5.4200000E-01    3.5925447E+01    1.8921174E+01
    5.4600000E-01    3.6024758E+01    1.8948734E+01
    5.5000000E-01    3.6123875E+01    1.8975916E+01
    5.5400000E-01    3.6222797E+01    1.9002725E+01
    5.5800000E-01    3.6321524E+01    1.9029167E+01
    5.6200000E-01    3.6420056E+01    1.9055245E+01
    5.6600000E-01    3.6518390E+01    1.9080964E+01
    5.7000000E-01    3.6616528E+01    1.9106330E+01
    5.7400000E-01    3.6714468E+01    1.9131346E+01
    5.7800000E-01    3.6812209E+01    1.9156017E+01
    5.8200000E-01    3.6909751E+01    1.9180346E+01
    5.8600000E-01    3.7007094E+01    1.9204340E+01
    5.9000000E-01    3.7104236E+01    1.9228001E+01
    5.9400000E-01    3.7201178E+01    1.9251335E+01
    5.9800000E-01    3.7297919E+01    1.9274344E+01
    6.0200000E-01    3.7394457E+01    1.9297034E+01
    6.0600000E-01    3.7490793E+01    1.9319409E+01
    6.1000000E-01    3.7586926E+01    1.9341472E+01
    6.1400000E-01    3.7682856E+01    1.9363228E+01
    6.1800000E-01    3.7778581E+01    1.9384680E+01
    6.2200000E-01    3.7874102E+01    1.9405832E+01
    6.2600000E-01    3.7969417E+01    1.9426689E+01
    6.3000000E-01    3.8064526E+01    1.9447254E+01
    6.3400000E-01    3.8159429E+01    1.9467531E+01
    6.3800000E-01    3.8254125E+01    1.9487524E+01
    6.4200000E-01    3.8348614E+01    1.9507236E+01
    6.4600000E-01    3.8442895E+01    1.9526671E+01
    6.5000000E-01    3.8536967E+01    1.9545832E+01
    6.5400000E-01    3.8630831E+01    1.9564724E+01
    6.5800000E-01    3.8724485E+01    1.9583349E+01
    6.6200000E-01    3.8817929E+01    1.9601712E+01
    6.6600000E-01    3.8911163E+01    1.9619815E+01
    6.7000000E-01    3.9004185E+01    1.9637662E+01
    6.7400000E-01    3.9096997E+01    1.9655256E+01
    6.7800000E-01    3.9189596E+01    1.9672601E+01
    6.8200000E-01    3.9281983E+01    1.9689700E+01
    6.8600000E-01    3.9374157E+01    1.9706556E+01
    6.9000000E-01    3.9466118E+01    1.9723173E+01
    6.9400000E-01    3.9557865E+01    1.9739553E+01
    6.9800000E-01    3.9649398E+01    1.9755699E+01
    7.0200000E-01    3.9740716E+01    1.9771616E+01
    7.0600000E-01    3.9831820E+01    1.9787305E+01
    7.1000000E-01    3.9922707E+01    1.9802770E+01
    7.1400000E-01    4.0013379E+01    1.9818014E+01
    7.1800000E-01    4.0103834E+01    1.9833040E+01
    7.2200000E-01    4.0194073E+01    1.9847850E+01
    7.2600000E-01    4.0284094E+01    1.9862448E+01
    7.3000000E-01    4.0373898E+01    1.9876837E+01
    7.3400000E-01    4.0463483E+01    1.9891018E+01
    7.3800000E-01    4.0552851E+01    1.9904996E+01
    7.4200000E-01    4.0641999E+01    1.9918772E+01
    7.4600000E-01    4.0730928E+01    1.9932349E+01
    7.5000000E-01    4.0819638E+01    1.9945731E+01
    7.5400000E-01    4.0908128E+01    1.9958919E+01
    7.5800000E-01    4.0996397E+01    1.9971917E+01
    7.6200000E-01    4.1084446E+01    1.9984727E+01
    7.6600000E-01    4.1172274E+01    1.9997350E+01
    7.7000000E-01    4.1259880E+01    2.0009791E+01
    7.7400000E-01    4.1347265E+01    2.0022052E+01
    7.7800000E-01    4.1434428E+01    2.0034134E+01
    7.8200000E-01    4.1521368E+01    2.0046040E+01
    7.8600000E-01    4.1608085E+01    2.0057773E+01
    7.9000000E-01    4.1694579E+01    2.0069335E+01
    7.9400000E-01    4.1780850E+01    2.0080729E+01
    7.9800000E-01    4.1866898E+01    2.0091956E+01
    8.0200000E-01    4.1952721E+01    2.0103019E+01
    8.0600000E-01    4.2038320E+01    2.0113920E+01
    8.1000000E-01    4.2123694E+01    2.0124662E+01
    8.1400000E-01    4.2208844E+01    2.0135246E+01
    8.1800000E-01    4.2293768E+01    2.0145675E+01
    8.2200000E-01    4.2378467E+01    2.0155951E+01
    8.2600000E-01    4.2462940E+01    2.0166076E+01
    8.3000000E-01    4.2547188E+01    2.0176052E+01
    8.3400000E-01    4.2631208E+01    2.0185881E+01
    8.3800000E-01    4.2715003E+01    2.0195565E+01
    8.4200000E-01    4.2798571E+01    2.0205107E+01
    8.4600000E-01    4.2881911E+01    2.0214507E+01
    8.5000000E-01    4.2965025E+01    2.0223769E+01
    8.5400000E-01    4.3047911E+01    2.0232893E+01
    8.5800000E-01    4.3130569E+01    2.0241883E+01
    8.6200000E-01    4.3212999E+01    2.0250739E+01
    8.6600000E-01    4.3295201E+01    2.0259464E+01
    8.7000000E-01    4.3377175E+01    2.0268059E+01
    8.7400000E-01    4.3458920E+01    2.0276527E+01
    8.7800000E-01    4.3540437E+01    2.0284868E+01
    8.8200000E-01    4.3621724E+01    2.0293086E+01
    8.8600000E-01    4.3702782E+01    2.0301181E+01
    8.9000000E-01    4.3783611E+01    2.0309155E+01
    8.9400000E-01    4.3864211E+01    2.0317011E+01
    8.9800000E-01    4.3944581E+01    2.0324749E+01
    9.0200000E-01    4.4024721E+01    2.0332371E+01
    9.0600000E-01    4.4104630E+01    2.0339879E+01
    9.1000000E-01    4.4184310E+01    2.0347275E+01
    9.1400000E-01    4.4263760E+01    2.0354560E+01
    9.1800000E-01    4.4342979E+01    2.0361736E+01
    9.2200000E-01    4.4421967E+01    2.0368803E+01
    9.2600000E-01    4.4500724E+01    2.0375765E+01
    9.3000000E-01    4.4579251E+01    2.0382622E+01
    9.3400000E-01    4.4657547E+01    2.0389375E+01
    9.3800000E-01    4.4735612E+01    2.0396027E+01
    9.4200000E-01    4.4813445E+01    2.0402579E+01
    9.4600000E-01    4.4891047E+01    2.0409031E+01
    9.5000000E-01    4.4968418E+01    2.0415386E+01
    9.5400000E-01    4.5045557E+01    2.0421645E+01
    9.5800000E-01    4.5122464E+01    2.0427810E+01
    9.6200000E-01    4.5199140E+01    2.0433880E+01
    9.6600000E-01    4.5275584E+01    2.0439859E+01
    9.7000000E-01    4.5351796E+01    2.0445747E+01
    9.7400000E-01    4.5427777E+01    2.0451546E+01
    9.7800000E-01    4.5503525E+01    2.0457257E+01
    9.8200000E-01    4.5579041E+01    2.0462880E+01
    9.8600000E-01    4.5654325E+01    2.0468418E+01
    9.9000000E-01    4.5729377E+01    2.0473872E+01
    9.9400000E-01    4.5804197E+01    2.0479242E+01
    9.9800000E-01    4.5878785E+01    2.0484531E+01
    1.0020000E+00    4.5953140E+01    2.0489738E+01
    1.0060000E+00    4.6027263E+01    2.0494866E+01
    1.0100000E+00    4.6101154E+01    2.0499916E+01
    1.0140000E+00    4.6174813E+01    2.0504888E+01
    1.0180000E+00    4.6248239E+01    2.0509784E+01
    1.0220000E+00    4.6321433E+01    2.0514605E+01
    1.0260000E+00    4.6394394E+01    2.0519352E+01
    1.0300000E+00    4.6467123E+01    2.0524026E+01
    1.0340000E+00    4.6539620E+01    2.0528628E+01
    1.0380000E+00    4.6611885E+01    2.0533160E+01
    1.0420000E+00    4.6683917E+01    2.0537621E+01
    1.0460000E+00    4.6755717E+01    2.0542014E+01
    1.0500000E+00    4.6827285E+01    2.0546339E+01
    1.0540000E+00    4.6898621E+01    2.0550597E+01
    1.0580000E+00    4.6969724E+01    2.0554789E+01
    1.0620000E+00    4.7040596E+01    2.0558917E+01
    1.0660000E+00    4.7111235E+01    2.0562981E+01
    1.0700000E+00    4.7181643E+01    2.0566981E+01
    1.0740000E+00    4.7251818E+01    2.0570920E+01
    1.0780000E+00    4.7321762E+01    2.0574798E+01
    1.0820000E+00    4.7391474E+01    2.0578615E+01
    1.0860000E+00    4.7460954E+01    2.0582373E+01
    1.0900000E+00    4.7530202E+01    2.0586073E+01
    1.0940000E+00    4.7599219E+01    2.0589715E+01
    1.0980000E+00    4.7668005E+01    2.0593300E+01
    1.1020000E+00    4.7736559E+01    2.0596829E+01
    1.1060000E+00    4.7804882E+01    2.0600304E+01
    1.1100000E+00    4.7872974E+01    2.0603724E+01
    1.1140000E+00    4.7940835E+01    2.0607091E+01
    1.1180000E+00    4.8008465E+01    2.0610405E+01
    1.1220000E+00    4.8075864E+01    2.0613667E+01
    1.1260000E+00    4.8143032E+01    2.0616878E+01
    1.1300000E+00    4.8209970E+01    2.0620039E+01
    1.1340000E+00    4.8276678E+01    2.0623150E+01
    1.1380000E+00    4.8343155E+01    2.0626212E+01
    1.1420000E+00    4.8409402E+01    2.0629227E+01
    1.1460000E+00    4.8475419E+01    2.0632194E+01
    1.1500000E+00    4.8541206E+01    2.0635114E+01
    1.1540000E+00    4.8606764E+01    2.0637988E+01
    1.1580000E+00    4.8672092E+01    2.0640817E+01
    1.1620000E+00    4.8737191E+01    2.0643601E+01
    1.1660000E+00    4.8802060E+01    2.0646342E+01
    1.1700000E+00    4.8866701E+01    2.0649039E+01
    1.1740000E+00    4.8931113E+01    2.0651693E+01
    1.1780000E+00    4.8995296E+01    2.0654306E+01
    1.1820000E+00    4.9059251E+01    2.0656877E+01
    1.1860000E+00    4.9122977E+01    2.0659407E+01
    1.1900000E+00    4.9186476E+01    2.0661898E+01
    1.1940000E+00    4.9249747E+01    2.0664348E+01
    1.1980000E+00    4.9312790E+01    2.0666760E+01
    1.2020000E+00    4.9375605E+01    2.0669134E+01
    1.2060000E+00    4.9438194E+01    2.0671470E+01
    1.2100000E+00    4.9500555E+01    2.0673768E+01
    1.2140000E+00    4.9562690E+01    2.0676031E+01
    1.2180000E+00    4.9624598E+01    2.0678257E+01
    1.2220000E+00    4.9686279E+01    2.0680447E+01
    1.2260000E+00    4.9747735E+01    2.0682603E+01
    1.2300000E+00    4.9808965E+01    2.0684724E+01
    1.2340000E+00    4.9869969E+01    2.0686811E+01
    1.2380000E+00    4.9930748E+01    2.0688865E+01
    1.2420000E+00    4.9991302E+01    2.0690886E+01
    1.2460000E+00    5.0051631E+01    2.0692875E+01
    1.2500000E+00    5.0111736E+01    2.0694831E+01
    1.2540000E+00    5.0171616E+01    2.0696757E+01
    1.2580000E+00    5.0231272E+01    2.0698651E+01
    1.2620000E+00    5.0290704E+01    2.0700515E+01
    1.2660000E+00    5.0349913E+01    2.0702349E+01
    1.2700000E+00    5.0408899E+01    2.0704154E+01
    1.2740000E+00    5.0467661E+01    2.0705929E+01
    1.2780000E+00    5.0526201E+01    2.0707676E+01
    1.2820000E+00    5.0584519E+01    2.0709395E+01
    1.2860000E+00    5.0642615E+01    2.0711086E+01
    1.2900000E+00    5.0700489E+01    2.0712750E+01
    1.2940000E+00    5.0758141E+01    2.0714387E+01
    1.2980000E+00    5.0815573E+01    2.0715997E+01
    1.3020000E+00    5.0872783E+01    2.0717581E+01
    1.3060000E+00    5.0929773E+01    2.0719140E+01
    1.3100000E+00    5.0986543E+01    2.0720673E+01
    1.3140000E+00    5.1043093E+01    2.0722182E+01
    1.3180000E+00    5.1099423E+01    2.0723666E+01
    1.3220000E+00    5.1155534E+01    2.0725126E+01
    1.3260000E+00    5.1211426E+01    2.0726562E+01
    1.3300000E+00    5.1267100E+01    2.0727975E+01
    1.3340000E+00    5.1322555E+01    2.0729365E+01
    1.3380000E+00    5.1377793E+01    2.0730732E+01
    1.3420000E+00    5.1432812E+01    2.0732077E+01
    1.3460000E+00    5.1487615E+01    2.0733400E+01
    1.3500000E+00    5.1542201E+01    2.0734702E+01
    1.3540000E+00    5.1596570E+01    2.0735982E+01
    1.3580000E+00    5.1650724E+01    2.0737241E+01
    1.3620000E+00    5.1704661E+01    2.0738480E+01
    1.3660000E+00    5.1758383E+01    2.0739698E+01
    1.3700000E+00    5.1811890E+01    2.0740897E+01
    1.3740000E+00    5.1865182E+01    2.0742076E+01
    1.3780000E+00    5.1918260E+01    2.0743235E+01
    1.3820000E+00    5.1971125E+01    2.0744376E+01
    1.3860000E+00    5.2023775E+01    2.0745497E+01
    1.3900000E+00    5.2076213E+01    2.0746601E+01
    1.3940000E+00    5.2128437E+01    2.0747686E+01
    1.3980000E+00    5.2180449E+01    2.0748753E+01
    1.4020000E+00    5.2232250E+01    2.0749803E+01
    1.4060000E+00    5.2283838E+01    2.0750835E+01
    1.4100000E+00    5.2335216E+01    2.0751851E+01
    1.4140000E+00    5.2386382E+01    2.0752849E+01
    1.4180000E+00    5.2437338E+01    2.0753831E+01
    1.4220000E+00    5.2488084E+01    2.0754797E+01
    1.4260000E+00    5.2538621E+01    2.0755747E+01
    1.4300000E+00    5.2588948E+01    2.0756681E+01
    1.4340000E+00    5.2639067E+01    2.0757600E+01
    1.4380000E+00    5.2688977E+01    2.0758504E+01
    1.4420000E+00    5.2738680E+01    2.0759392E+01
    1.4460000E+00    5.2788174E+01    2.0760266E+01
    1.4500000E+00    5.2837462E+01    2.0761125E+01
    1.4540000E+00    5.2886543E+01    2.0761970E+01
    1.4580000E+00    5.2935418E+01    2.0762801E+01
    1.4620000E+00    5.2984087E+01    2.0763618E+01
    1.4660000E+00    5.3032551E+01    2.0764421E+01
    1.4700000E+00    5.3080809E+01    2.0765211E+01
    1.4740000E+00    5.3128864E+01    2.0765988E+01
    1.4780000E+00    5.3176714E+01    2.0766752E+01
    1.4820000E+00    5.3224360E+01    2.0767503E+01
    1.4860000E+00    5.3271804E+01    2.0768242E+01
    1.4900000E+00    5.3319044E+01    2.0768968E+01
    1.4940000E+00    5.3366083E+01    2.0769682E+01
    1.4980000E+00    5.3412919E+01    2.0770384E+01
    1.5020000E+00    5.3459555E+01    2.0771075E+01
    1.5060000E+00    5.3505989E+01    2.0771753E+01
    1.5100000E+00    5.3552223E+01    2.0772421E+01
    1.5140000E+00    5.3598257E+01    2.0773077E+01
    1.5180000E+00    5.3644091E+01    2.0773722E+01
    1.5220000E+00    5.3689726E+01    2.0774356E+01
    1.5260000E+00    5.3735163E+01    2.0774980E+01
    1.5300000E+00    5.3780402E+01    2.0775593E+01
    1.5340000E+00    5.3825443E+01    2.0776196E+01
    1.5380000E+00    5.3870286E+01    2.0776788E+01
    1.5420000E+00    5.3914933E+01    2.0777371E+01
    1.5460000E+00    5.3959384E+01    2.0777943E+01
    1.5500000E+00    5.4003639E+01    2.0778506E+01
    1.5540000E+00    5.4047699E+01    2.0779060E+01
    1.5580000E+00    5.4091564E+01    2.0779604E+01
    1.5620000E+00    5.4135235E+01    2.0780139E+01
    1.5660000E+00    5.4178712E+01    2.0780664E+01
    1.5700000E+00    5.4221996E+01    2.0781181E+01
    1.5740000E+00    5.4265086E+01    2.0781689E+01
    1.5780000E+00    5.4307985E+01    2.0782189E+01
    1.5820000E+00    5.4350691E+01    2.0782680E+01
    1.5860000E+00    5.4393207E+01    2.0783162E+01
    1.5900000E+00    5.4435531E+01    2.0783637E+01
    1.5940000E+00    5.4477665E+01    2.0784103E+01
    1.5980000E+00    5.4519609E+01    2.0784561E+01
    1.6020000E+00    5.4561364E+01    2.0785012E+01
    1.6060000E+00    5.4602930E+01    2.0785455E+01
    1.6100000E+00    5.4644307E+01    2.0785890E+01
    1.6140000E+00    5.4685497E+01    2.0786317E+01
    1.6180000E+00    5.4726500E+01    2.0786738E+01
    1.6220000E+00    5.4767315E+01    2.0787151E+01
    1.6260000E+00    5.4807944E+01    2.0787557E+01
    1.6300000E+00    5.4848388E+01    2.0787956E+01
    1.6340000E+00    5.4888646E+01    2.0788349E+01
    1.6380000E+00    5.4928719E+01    2.0788734E+01
    1.6420000E+00    5.4968608E+01    2.0789113E+01
    1.6460000E+00    5.5008313E+01    2.0789485E+01
    1.6500000E+00    5.5047835E+01    2.0789851E+01
    1.6540000E+00    5.5087174E+01    2.0790211E+01
    1.6580000E+00    5.5126331E+01    2.0790564E+01
    1.6620000E+00    5.5165307E+01    2.0790912E+01
    1.6660000E+00    5.5204101E+01    2.0791253E+01
    1.6700000E+00    5.5242714E+01    2.0791588E+01
    1.6740000E+00    5.5281148E+01    2.0791918E+01
    1.6780000E+00    5.5319401E+01    2.0792242E+01
    1.6820000E+00    5.5357476E+01    2.0792560E+01
    1.6860000E+00    5.5395372E+01    2.0792873E+01
    1.6900000E+00    5.5433090E+01    2.0793180E+01
    1.6940000E+00    5.5470631E+01    2.0793482E+01
    1.6980000E+00    5.5507994E+01    2.0793779E+01
    1.7020000E+00    5.5545182E+01    2.0794070E+01
    1.7060000E+00    5.5582193E+01    2.0794357E+01
    1.7100000E+00    5.5619029E+01    2.0794638E+01
    1.7140000E+00    5.5655690E+01    2.0794914E+01
    1.7180000E+00    5.5692176E+01    2.0795186E+01
    1.7220000E+00    5.5728489E+01    2.0795453E+01
    1.7260000E+00    5.5764629E+01    2.0795715E+01
    1.7300000E+00    5.5800596E+01    2.0795973E+01
    1.7340000E+00    5.5836391E+01    2.0796226E+01
    1.7380000E+00    5.5872014E+01    2.0796475E+01
    1.7420000E+00    5.5907466E+01    2.0796719E+01
    1.7460000E+00    5.5942748E+01    2.0796959E+01
    1.7500000E+00    5.5977859E+01    2.0797195E+01
    1.7540000E+00    5.6012801E+01    2.0797426E+01
    1.7580000E+00    5.6047574E+01    2.0797654E+01
    1.7620000E+00    5.6082179E+01    2.0797877E+01
    1.7660000E+00    5.6116615E+01    2.0798097E+01
    1.7700000E+00    5.6150885E+01    2.0798313E+01
    1.7740000E+00    5.6184987E+01    2.0798524E+01
    1.7780000E+00    5.6218924E+01    2.0798732E+01
    1.7820000E+00    5.6252694E+01    2.0798937E+01
    1.7860000E+00    5.6286300E+01    2.0799138E+01
    1.7900000E+00    5.6319741E+01    2.0799335E+01
    1.7940000E+00    5.6353018E+01    2.0799528E+01
    1.7980000E+00    5.6386131E+01    2.0799719E+01
    1.8020000E+00    5.6419081E+01    2.0799906E+01
    1.8060000E+00    5.6451869E+01    2.0800089E+01
    1.8100000E+00    5.6484495E+01    2.0800269E+01
    1.8140000E+00    5.6516960E+01    2.0800446E+01
    1.8180000E+00    5.6549264E+01    2.0800620E+01
    1.8220000E+00    5.6581407E+01    2.0800791E+01
    1.8260000E+00    5.6613391E+01    2.0800958E+01
    1.8300000E+00    5.6645216E+01    2.0801123E+01
    1.8340000E+00    5.6676882E+01    2.0801285E+01
    1.8380000E+00    5.6708390E+01    2.0801444E+01
    1.8420000E+00    5.6739740E+01    2.0801599E+01
    1.8460000E+00    5.6770933E+01    2.0801753E+01
    1.8500000E+00    5.6801970E+01    2.0801903E+01
    1.8540000E+00    5.6832851E+01    2.0802050E+01
    1.8580000E+00    5.6863577E+01    2.0802195E+01
    1.8620000E+00    5.6894148E+01    2.0802338E+01
    1.8660000E+00    5.6924564E+01    2.0802477E+01
    1.8700000E+00    5.6954827E+01    2.0802615E+01
    1.8740000E+00    5.6984937E+01    2.0802749E+01
    1.8780000E+00    5.7014894E+01    2.0802882E+01
    1.8820000E+00    5.7044699E+01    2.0803011E+01
    1.8860000E+00    5.7074353E+01    2.0803139E+01
    1.8900000E+00    5.7103855E+01    2.0803264E+01
    1.8940000E+00    5.7133207E+01    2.0803387E+01
    1.8980000E+00    5.7162409E+01    2.0803508E+01
    1.9020000E+00    5.7191462E+01    2.0803626E+01
    1.9060000E+00    5.7220366E+01    2.0803742E+01
    1.9100000E+00    5.7249122E+01    2.0803856E+01
    1.9140000E+00    5.7277730E+01    2.0803968E+01
    1.9180000E+00    5.7306191E+01    2.0804078E+01
    1.9220000E+00    5.7334505E+01    2.0804186E+01
    1.9260000E+00    5.7362673E+01    2.0804292E+01
    1.9300000E+00    5.7390696E+01    2.0804396E+01
    1.9340000E+00    5.7418573E+01    2.0804498E+01
    1.9380000E+00    5.7446306E+01    2.0804598E+01
    1.9420000E+00    5.7473895E+01    2.0804696E+01
    1.9460000E+00    5.7501341E+01    2.0804793E+01
    1.9500000E+00    5.7528644E+01    2.0804887E+01
    1.9540000E+00    5.7555805E+01    2.0804980E+01
    1.9580000E+00    5.7582824E+01    2.0805071E+01
    1.9620000E+00    5.7609701E+01    2.0805161E+01
    1.9660000E+00    5.7636438E+01    2.0805249E+01
    1.9700000E+00    5.7663035E+01    2.0805335E+01
    1.9740000E+00    5.7689492E+01    2.0805419E+01
    1.9780000E+00    5.7715811E+01    2.0805502E+01
    1.9820000E+00    5.7741990E+01    2.0805584E+01
    1.9860000E+00    5.7768032E+01    2.0805663E+01
    1.9900000E+00    5.7793936E+01    2.0805742E+01
    1.9940000E+00    5.7819704E+01    2.0805819E+01
    1.9980000E+00    5.7845335E+01    2.0805894E+01
    2.0020000E+00    5.7870830E+01    2.0805968E+01
    2.0060000E+00    5.7896189E+01    2.0806040E+01
    2.0100000E+00    5.7921415E+01    2.0806112E+01
    2.0140000E+00    5.7946505E+01    2.0806181E+01
    2.0180000E+00    5.7971462E+01    2.0806250E+01
    2.0220000E+00    5.7996286E+01    2.0806317E+01
    2.0260000E+00    5.8020978E+01    2.0806383E+01
    2.0300000E+00    5.8045537E+01    2.0806448E+01
    2.0340000E+00    5.8069964E+01    2.0806511E+01
    2.0380000E+00    5.8094261E+01    2.0806573E+01
    2.0420000E+00    5.8118427E+01    2.0806634E+01
    2.0460000E+00    5.8142463E+01    2.0806694E+01
    2.0500000E+00    5.8166369E+01    2.0806752E+01
    2.0540000E+00    5.8190147E+01    2.0806810E+01
    2.0580000E+00    5.8213796E+01    2.0806866E+01
    2.0620000E+00    5.8237317E+01    2.0806922E+01
    2.0660000E+00    5.8260711E+01    2.0806976E+01
    2.0700000E+00    5.8283978E+01    2.0807029E+01
    2.0740000E+00    5.8307119E+01    2.0807081E+01
    2.0780000E+00    5.8330134E+01    2.0807132E+01
    2.0820000E+00    5.8353024E+01    2.0807182E+01
    2.0860000E+00    5.8375789E+01    2.0807231E+01
    2.0900000E+00    5.8398429E+01    2.0807279E+01
    2.0940000E+00    5.8420946E+01    2.0807327E+01
    2.0980000E+00    5.8443340E+01    2.0807373E+01
    2.1020000E+00    5.8465611E+01    2.0807418E+01
    2.1060000E+00    5.8487760E+01    2.0807462E+01
    2.1100000E+00    5.8509787E+01    2.0807506E+01
    2.1140000E+00    5.8531693E+01    2.0807549E+01
    2.1180000E+00    5.8553478E+01    2.0807590E+01
    2.1220000E+00    5.8575144E+01    2.0807631E+01
    2.1260000E+00    5.8596689E+01    2.0807672E+01
    2.1300000E+00    5.8618116E+01    2.0807711E+01
    2.1340000E+00    5.8639424E+01    2.0807749E+01
    2.1380000E+00    5.8660614E+01    2.0807787E+01
    2.1420000E+00    5.8681686E+01    2.0807824E+01
    2.1460000E+00    5.8702641E+01    2.0807860E+01
    2.1500000E+00    5.8723480E+01    2.0807896E+01
    2.1540000E+00    5.8744203E+01    2.0807931E+01
    2.1580000E+00    5.8764810E+01    2.0807965E+01
    2.1620000E+00    5.8785302E+01    2.0807998E+01
    2.1660000E+00    5.8805679E+01    2.0808031E+01
    2.1700000E+00    5.8825942E+01    2.0808063E+01
    2.1740000E+00    5.8846092E+01    2.0808094E+01
    2.1780000E+00    5.8866129E+01    2.0808125E+01
    2.1820000E+00    5.8886053E+01    2.0808155E+01
    2.1860000E+00    5.8905865E+01    2.0808184E+01
    2.1900000E+00    5.8925566E+01    2.0808213E+01
    2.1940000E+00    5.8945155E+01    2.0808241E+01
    2.1980000E+00    5.8964634E+01    2.0808269E+01
    2.2020000E+00    5.8984003E+01    2.0808296E+01
    2.2060000E+00    5.9003262E+01    2.0808323E+01
    2.2100000E+00    5.9022412E+01    2.0808348E+01
    2.2140000E+00    5.9041454E+01    2.0808374E+01
    2.2180000E+00    5.9060387E+01    2.0808399E+01
    2.2220000E+00    5.9079212E+01    2.0808423E+01
    2.2260000E+00    5.9097931E+01    2.0808447E+01
    2.2300000E+00    5.9116543E+01    2.0808470E+01
    2.2340000E+00    5.9135048E+01    2.0808493E+01
    2.2380000E+00    5.9153448E+01    2.0808515E+01
    2.2420000E+00    5.9171742E+01    2.0808537E+01
    2.2460000E+00    5.9189932E+01    2.0808558E+01
    2.2500000E+00    5.9208018E+01    2.0808579E+01
    2.2540000E+00    5.9225999E+01    2.0808599E+01
    2.2580000E+00    5.9243878E+01    2.0808619E+01
    2.2620000E+00    5.9261653E+01    2.0808638E+01
    2.2660000E+00    5.9279326E+01    2.0808657E+01
    2.2700000E+00    5.9296897E+01    2.0808676E+01
    2.2740000E+00    5.9314367E+01    2.0808694E+01
    2.2780000E+00    5.9331735E+01    2.0808712E+01
    2.2820000E+00    5.9349004E+01    2.0808729E+01
    2.2860000E+00    5.9366172E+01    2.0808746E+01
    2.2900000E+00    5.9383240E+01    2.0808763E+01
    2.2940000E+00    5.9400210E+01    2.0808779E+01
    2.2980000E+00    5.9417080E+01    2.0808795E+01
    2.3020000E+00    5.9433853E+01    2.0808810E+01
    2.3060000E+00    5.9450527E+01    2.0808826E+01
    2.3100000E+00    5.9467105E+01    2.0808840E+01
    2.3140000E+00    5.9483586E+01    2.0808855E+01
    2.3180000E+00    5.9499970E+01    2.0808869E+01
    2.3220000E+00    5.9516258E+01    2.0808883E+01
    2.3260000E+00    5.9532451E+01    2.0808896E+01
    2.3300000E+00    5.9548549E+01    2.0808909E+01
    2.3340000E+00    5.9564552E+01    2.0808922E+01
    2.3380000E+00    5.9580461E+01    2.0808934E+01
    2.3420000E+00    5.9596277E+01    2.0808946E+01
    2.3460000E+00    5.9611999E+01    2.0808958E+01
    2.3500000E+00    5.9627629E+01    2.0808970E+01
    2.3540000E+00    5.9643166E+01    2.0808981E+01
    2.3580000E+00    5.9658611E+01    2.0808992E+01
    2.3620000E+00    5.9673965E+01    2.0809003E+01
    2.3660000E+00    5.9689228E+01    2.0809013E+01
    2.3700000E+00    5.9704400E+01    2.0809024E+01
    2.3740000E+00    5.9719482E+01    2.0809034E+01
    2.3780000E+00    5.9734474E+01    2.0809043E+01
    2.3820000E+00    5.9749378E+01    2.0809053E+01
    2.3860000E+00    5.9764192E+01    2.0809062E+01
    2.3900000E+00    5.9778918E+01    2.0809071E+01
    2.3940000E+00    5.9793556E+01    2.0809080E+01
    2.3980000E+00    5.9808106E+01    2.0809088E+01
    2.4020000E+00    5.9822570E+01    2.0809096E+01
    2.4060000E+00    5.9836946E+01    2.0809104E+01
    2.4100000E+00    5.9851237E+01    2.0809112E+01
    2.4140000E+00    5.9865441E+01    2.0809120E+01
    2.4180000E+00    5.9879560E+01    2.0809127E+01
    2.4220000E+00    5.9893594E+01    2.0809135E+01
    2.4260000E+00    5.9907544E+01    2.0809142E+01
    2.4300000E+00    5.9921409E+01    2.0809148E+01
    2.4340000E+00    5.9935191E+01    2.0809155E+01
    2.4380000E+00    5.9948889E+01    2.0809161E+01
    2.4420000E+00    5.9962505E+01    2.0809168E+01
    2.4460000E+00    5.9976038E+01    2.0809174E+01
    2.4500000E+00    5.9989489E+01    2.0809180E+01
    2.4540000E+00    6.0002858E+01    2.0809185E+01
    2.4580000E+00    6.0016146E+01    2.0809191E+01
    2.4620000E+00    6.0029353E+01    2.0809196E+01
    2.4660000E+00    6.0042479E+01    2.0809201E+01
    2.4700000E+00    6.0055526E+01    2.0809206E+01
    2.4740000E+00    6.0068493E+01    2.0809211E+01
    2.4780000E+00    6.0081380E+01    2.0809216E+01
    2.4820000E+00    6.0094189E+01    2.0809221E+01
    2.4860000E+00    6.0106919E+01    2.0809225E+01
    2.4900000E+00    6.0119572E+01    2.0809229E+01
    2.4940000E+00    6.0132146E+01    2.0809234E+01
    2.4980000E+00    6.0144644E+01    2.0809238E+01
    2.5020000E+00    6.0157064E+01    2.0809241E+01
    2.5060000E+00    6.0169408E+01    2.0809245E+01
    2.5100000E+00    6.0181676E+01    2.0809249E+01
    2.5140000E+00    6.0193868E+01    2.0809252E+01
    2.5180000E+00    6.0205985E+01    2.0809256E+01
    2.5220000E+00    6.0218027E+01    2.0809259E+01
    2.5260000E+00    6.0229994E+01    2.0809262E+01
    2.5300000E+00    6.0241887E+01    2.0809265E+01
    2.5340000E+00    6.0253707E+01    2.0809268E+01
    2.5380000E+00    6.0265453E+01    2.0809271E+01
    2.5420000E+00    6.0277126E+01    2.0809273E+01
    2.5460000E+00    6.0288726E+01    2.0809276E+01
    2.5500000E+00    6.0300254E+01    2.0809278E+01
    2.5540000E+00    6.0311710E+01    2.0809281E+01
    2.5580000E+00    6.0323095E+01    2.0809283E+01
    2.5620000E+00    6.0334408E+01    2.0809285E+01
    2.5660000E+00    6.0345651E+01    2.0809287E+01
    2.5700000E+00    6.0356823E+01    2.0809289E+01
    2.5740000E+00    6.0367925E+01    2.0809291E+01
    2.5780000E+00    6.0378958E+01    2.0809292E+01
    2.5820000E+00    6.0389921E+01    2.0809294E+01
    2.5860000E+00    6.0400815E+01    2.0809296E+01
    2.5900000E+00    6.0411641E+01    2.0809297E+01
    2.5940000E+00    6.0422398E+01    2.0809299E+01
    2.5980000E+00    6.0433088E+01    2.0809300E+01
    2.6020000E+00    6.0443710E+01    2.0809301E+01
    2.6060000E+00    6.0454265E+01    2.0809302E+01
    2.6100000E+00    6.0464752E+01    2.0809303E+01
    2.6140000E+00    6.0475174E+01    2.0809304E+01
    2.6180000E+00    6.0485529E+01    2.0809305E+01
    2.6220000E+00    6.0495819E+01    2.0809306E+01
    2.6260000E+00    6.0506043E+01    2.0809307E+01
    2.6300000E+00    6.0516202E+01    2.0809308E+01
    2.6340000E+00    6.0526297E+01    2.0809309E+01
    2.6380000E+00    6.0536327E+01    2.0809309E+01
    2.6420000E+00    6.0546293E+01    2.0809310E+01
    2.6460000E+00    6.0556195E+01    2.0809310E+01
    2.6500000E+00    6.0566034E+01    2.0809311E+01
    2.6540000E+00    6.0575810E+01    2.0809311E+01
    2.6580000E+00    6.0585523E+01    2.0809311E+01
    2.6620000E+00    6.0595174E+01    2.0809311E+01
    2.6660000E+00    6.0604763E+01    2.0809312E+01
    2.6700000E+00    6.0614290E+01    2.0809312E+01
    2.6740000E+00    6.0623756E+01    2.0809312E+01
    2.6780000E+00    6.0633161E+01    2.0809312E+01
    2.6820000E+00    6.0642505E+01    2.0809312E+01
    2.6860000E+00    6.0651789E+01    2.0809312E+01
    2.6900000E+00    6.0661013E+01    2.0809312E+01
    2.6940000E+00    6.0670177E+01    2.0809312E+01
    2.6980000E+00    6.0679281E+01    2.0809311E+01
    2.7020000E+00    6.0688327E+01    2.0809311E+01
    2.7060000E+00    6.0697314E+01    2.0809311E+01
    2.7100000E+00    6.0706242E+01    2.0809311E+01
    2.7140000E+00    6.0715112E+01    2.0809310E+01
    2.7180000E+00    6.0723925E+01    2.0809310E+01
    2.7220000E+00    6.0732680E+01    2.0809309E+01
    2.7260000E+00    6.0741378E+01    2.0809309E+01
    2.7300000E+00    6.0750019E+01    2.0809308E+01
    2.7340000E+00    6.0758603E+01    2.0809308E+01
    2.7380000E+00    6.0767131E+01    2.0809307E+01
    2.7420000E+00    6.0775603E+01    2.0809306E+01
    2.7460000E+00    6.0784020E+01    2.0809306E+01
    2.7500000E+00    6.0792381E+01    2.0809305E+01
    2.7540000E+00    6.0800688E+01    2.0809304E+01
    2.7580000E+00    6.0808939E+01    2.0809304E+01
    2.7620000E+00    6.0817136E+01    2.0809303E+01
    2.7660000E+00    6.0825279E+01    2.0809302E+01
    2.7700000E+00    6.0833369E+01    2.0809301E+01
    2.7740000E+00    6.0841404E+01    2.0809300E+01
    2.7780000E+00    6.0849387E+01    2.0809299E+01
    2.7820000E+00    6.0857316E+01    2.0809299E+01
    2.7860000E+00    6.0865193E+01    2.0809298E+01
    2.7900000E+00    6.0873018E+01    2.0809297E+01
    2.7940000E+00    6.0880790E+01    2.0809296E+01
    2.7980000E+00    6.0888511E+01    2.0809295E+01
    2.8020000E+00    6.0896180E+01    2.0809294E+01
    2.8060000E+00    6.0903798E+01    2.0809292E+01
    2.8100000E+00    6.0911365E+01    2.0809291E+01
    2.8140000E+00    6.0918881E+01    2.0809290E+01
    2.8180000E+00    6.0926347E+01    2.0809289E+01
    2.8220000E+00    6.0933763E+01    2.0809288E+01
    2.8260000E+00    6.0941130E+01    2.0809287E+01
    2.8300000E+00    6.0948446E+01    2.0809286E+01
    2.8340000E+00    6.0955714E+01    2.0809284E+01
    2.8380000E+00    6.0962932E+01    2.0809283E+01
    2.8420000E+00    6.0970102E+01    2.0809282E+01
    2.8460000E+00    6.0977223E+01    2.0809281E+01
    2.8500000E+00    6.0984297E+01    2.0809280E+01
    2.8540000E+00    6.0991322E+01    2.0809278E+01
    2.8580000E+00    6.0998300E+01    2.0809277E+01
    2.8620000E+00    6.1005230E+01    2.0809276E+01
    2.8660000E+00    6.1012113E+01    2.0809274E+01
    2.8700000E+00    6.1018950E+01    2.0809273E+01
    2.8740000E+00    6.1025740E+01    2.0809272E+01
    2.8780000E+00    6.1032483E+01    2.0809270E+01
    2.8820000E+00    6.1039181E+01    2.0809269E+01
    2.8860000E+00    6.1045833E+01    2.0809268E+01
    2.8900000E+00    6.1052439E+01    2.0809266E+01
    2.8940000E+00    6.1059000E+01    2.0809265E+01
    2.8980000E+00    6.1065516E+01    2.0809264E+01
    2.9020000E+00    6.1071987E+01    2.0809262E+01
    2.9060000E+00    6.1078414E+01    2.0809261E+01
    2.9100000E+00    6.1084797E+01    2.0809259E+01
    2.9140000E+00    6.1091135E+01    2.0809258E+01
    2.9180000E+00    6.1097430E+01    2.0809256E+01
    2.9220000E+00    6.1103681E+01    2.0809255E+01
    2.9260000E+00    6.1109889E+01    2.0809254E+01
    2.9300000E+00    6.1116054E+01    2.0809252E+01
    2.9340000E+00    6.1122177E+01    2.0809251E+01
    2.9380000E+00    6.1128256E+01    2.0809249E+01
    2.9420000E+00    6.1134294E+01    2.0809248E+01
    2.9460000E+00    6.1140289E+01    2.0809246E+01
    2.9500000E+00    6.1146243E+01    2.0809245E+01
    2.9540000E+00    6.1152155E+01    2.0809243E+01
    2.9580000E+00    6.1158026E+01    2.0809242E+01
    2.9620000E+00    6.1163855E+01    2.0809240E+01
    2.9660000E+00    6.1169644E+01    2.0809239E+01
    2.9700000E+00    6.1175392E+01    2.0809237E+01
    2.9740000E+00    6.1181100E+01    2.0809236E+01
    2.9780000E+00    6.1186768E+01    2.0809234E+01
    2.9820000E+00    6.1192395E+01    2.0809233E+01
    2.9860000E+00    6.1197983E+01    2.0809231E+01
    2.9900000E+00    6.1203532E+01    2.0809230E+01
    2.9940000E+00    6.1209041E+01    2.0809228E+01
    2.9980000E+00    6.1214511E+01    2.0809227E+01
    3.0020000E+00    6.1219942E+01    2.0809225E+01
    3.0060000E+00    6.1225335E+01    2.0809224E+01
    3.0100000E+00    6.1230689E+01    2.0809222E+01
    3.0140000E+00    6.1236005E+01    2.0809221E+01
    3.0180000E+00    6.1241284E+01    2.0809219E+01
    3.0220000E+00    6.1246524E+01    2.0809218E+01
    3.0260000E+00    6.1251727E+01    2.0809216E+01
    3.0300000E+00    6.1256893E+01    2.0809215E+01
    3.0340000E+00    6.1262022E+01    2.0809213E+01
    3.0380000E+00    6.1267113E+01    2.0809212E+01
    3.0420000E+00    6.1272169E+01    2.0809210E+01
    3.0460000E+00    6.1277187E+01    2.0809209E+01
    3.0500000E+00    6.1282170E+01    2.0809207E+01
    3.0540000E+00    6.1287116E+01    2.0809206E+01
    3.0580000E+00    6.1292027E+01    2.0809204E+01
    3.0620000E+00    6.1296902E+01    2.0809203E+01
    3.0660000E+00    6.1301741E+01    2.0809201E+01
    3.0700000E+00    6.1306546E+01    2.0809200E+01
    3.0740000E+00    6.1311315E+01    2.0809198E+01
    3.0780000E+00    6.1316049E+01    2.0809197E+01
    3.0820000E+00    6.1320749E+01    2.0809195E+01
    3.0860000E+00    6.1325415E+01    2.0809194E+01
    3.0900000E+00    6.1330046E+01    2.0809192E+01
    3.0940000E+00    6.1334643E+01    2.0809191E+01
    3.0980000E+00    6.1339207E+01    2.0809189E+01
    3.1020000E+00    6.1343736E+01    2.0809188E+01
    3.1060000E+00    6.1348233E+01    2.0809186E+01
    3.1100000E+00    6.1352696E+01    2.0809185E+01
    3.1140000E+00    6.1357126E+01    2.0809183E+01
    3.1180000E+00    6.1361523E+01    2.0809182E+01
    3.1220000E+00    6.1365887E+01    2.0809180E+01
    3.1260000E+00    6.1370219E+01    2.0809179E+01
    3.1300000E+00    6.1374519E+01    2.0809178E+01
    3.1340000E+00    6.1378786E+01    2.0809176E+01
    3.1380000E+00    6.1383022E+01    2.0809175E+01
    3.1420000E+00    6.1387226E+01    2.0809173E+01
    3.1460000E+00    6.1391398E+01    2.0809172E+01
    3.1500000E+00    6.1395538E+01    2.0809170E+01
    3.1540000E+00    6.1399648E+01    2.0809169E+01
    3.1580000E+00    6.1403726E+01    2.0809168E+01
    3.1620000E+00    6.1407774E+01    2.0809166E+01
    3.1660000E+00    6.1411791E+01    2.0809165E+01
    3.1700000E+00    6.1415777E+01    2.0809163E+01
    3.1740000E+00    6.1419733E+01    2.0809162E+01
    3.1780000E+00    6.1423659E+01    2.0809161E+01
    3.1820000E+00    6.1427555E+01    2.0809159E+01
    3.1860000E+00    6.1431421E+01    2.0809158E+01
    3.1900000E+00    6.1435257E+01    2.0809156E+01
    3.1940000E+00    6.1439064E+01    2.0809155E+01
    3.1980000E+00    6.1442842E+01    2.0809154E+01
    3.2020000E+00    6.1446590E+01    2.0809152E+01
    3.2060000E+00    6.1450309E+01    2.0809151E+01
    3.2100000E+00    6.1454000E+01    2.0809150E+01
    3.2140000E+00    6.1457661E+01    2.0809148E+01
    3.2180000E+00    6.1461295E+01    2.0809147E+01
    3.2220000E+00    6.1464900E+01    2.0809146E+01
    3.2260000E+00    6.1468476E+01    2.0809144E+01
    3.2300000E+00    6.1472025E+01    2.0809143E+01
    3.2340000E+00    6.1475546E+01    2.0809142E+01
    3.2380000E+00    6.1479039E+01    2.0809141E+01
    3.2420000E+00    6.1482504E+01    2.0809139E+01
    3.2460000E+00    6.1485943E+01    2.0809138E+01
    3.2500000E+00    6.1489353E+01    2.0809137E+01
    3.2540000E+00    6.1492737E+01    2.0809135E+01
    3.2580000E+00    6.1496094E+01    2.0809134E+01
    3.2620000E+00    6.1499424E+01    2.0809133E+01
    3.2660000E+00    6.1502727E+01    2.0809132E+01
    3.2700000E+00    6.1506004E+01    2.0809130E+01
    3.2740000E+00    6.1509254E+01    2.0809129E+01
    3.2780000E+00    6.1512479E+01    2.0809128E+01
    3.2820000E+00    6.1515677E+01    2.0809127E+01
    3.2860000E+00    6.1518849E+01    2.0809126E+01
    3.2900000E+00    6.1521995E+01    2.0809124E+01
    3.2940000E+00    6.1525116E+01    2.0809123E+01
    3.2980000E+00    6.1528211E+01    2.0809122E+01
    3.3020000E+00    6.1531281E+01    2.0809121E+01
    3.3060000E+00    6.1534326E+01    2.0809120E+01
    3.3100000E+00    6.1537346E+01    2.0809118E+01
    3.3140000E+00    6.1540340E+01    2.0809117E+01
    3.3180000E+00    6.1543310E+01    2.0809116E+01
    3.3220000E+00    6.1546255E+01    2.0809115E+01
    3.3260000E+00    6.1549176E+01    2.0809114E+01
    3.3300000E+00    6.1552072E+01    2.0809113E+01
    3.3340000E+00    6.1554944E+01    2.0809112E+01
    3.3380000E+00    6.1557792E+01    2.0809110E+01
    3.3420000E+00    6.1560616E+01    2.0809109E+01
    3.3460000E+00    6.1563416E+01    2.0809108E+01
    3.3500000E+00    6.1566192E+01    2.0809107E+01
    3.3540000E+00    6.1568945E+01    2.0809106E+01
    3.3580000E+00    6.1571674E+01    2.0809105E+01
    3.3620000E+00    6.1574379E+01    2.0809104E+01
    3.3660000E+00    6.1577062E+01    2.0809103E+01
    3.3700000E+00    6.1579721E+01    2.0809102E+01
    3.3740000E+00    6.1582358E+01    2.0809101E+01
    3.3780000E+00    6.1584971E+01    2.0809100E+01
    3.3820000E+00    6.1587562E+01    2.0809099E+01
    3.3860000E+00    6.1590130E+01    2.0809098E+01
    3.3900000E+00    6.1592675E+01    2.0809096E+01
    3.3940000E+00    6.1595199E+01    2.0809095E+01
    3.3980000E+00    6.1597699E+01    2.0809094E+01
    3.4020000E+00    6.1600178E+01    2.0809093E+01
    3.4060000E+00    6.1602635E+01    2.0809092E+01
    3.4100000E+00    6.1605070E+01    2.0809091E+01
    3.4140000E+00    6.1607482E+01    2.0809090E+01
    3.4180000E+00    6.1609874E+01    2.0809089E+01
    3.4220000E+00    6.1612243E+01    2.0809089E+01
    3.4260000E+00    6.1614591E+01    2.0809088E+01
    3.4300000E+00    6.1616918E+01    2.0809087E+01
    3.4340000E+00    6.1619224E+01    2.0809086E+01
    3.4380000E+00    6.1621508E+01    2.0809085E+01
    3.4420000E+00    6.1623771E+01    2.0809084E+01
    3.4460000E+00    6.1626014E+01    2.0809083E+01
    3.4500000E+00    6.1628235E+01    2.0809082E+01
    3.4540000E+00    6.1630436E+01    2.0809081E+01
    3.4580000E+00    6.1632616E+01    2.0809080E+01
    3.4620000E+00    6.1634776E+01    2.0809079E+01
    3.4660000E+00    6.1636915E+01    2.0809078E+01
    3.4700000E+00    6.1639034E+01    2.0809077E+01
    3.4740000E+00    6.1641133E+01    2.0809077E+01
    3.4780000E+00    6.1643212E+01    2.0809076E+01
    3.4820000E+00    6.1645270E+01    2.0809075E+01
    3.4860000E+00    6.1647309E+01    2.0809074E+01
    3.4900000E+00    6.1649328E+01    2.0809073E+01
    3.4940000E+00    6.1651327E+01    2.0809072E+01
    3.4980000E+00    6.1653306E+01    2.0809071E+01
    3.5020000E+00    6.1655266E+01    2.0809071E+01
    3.5060000E+00    6.1657207E+01    2.0809070E+01
    3.5100000E+00    6.1659128E+01    2.0809069E+01
    3.5140000E+00    6.1661030E+01    2.0809068E+01
    3.5180000E+00    6.1662913E+01    2.0809067E+01
    3.5220000E+00    6.1664776E+01    2.0809067E+01
    3.5260000E+00    6.1666621E+01    2.0809066E+01
    3.5300000E+00    6.1668447E+01    2.0809065E+01
    3.5340000E+00    6.1670254E+01    2.0809064E+01
    3.5380000E+00    6.1672042E+01    2.0809064E+01
    3.5420000E+00    6.1673812E+01    2.0809063E+01
    3.5460000E+00    6.1675563E+01    2.0809062E+01
    3.5500000E+00    6.1677296E+01    2.0809061E+01
    3.5540000E+00    6.1679010E+01    2.0809061E+01
    3.5580000E+00    6.1680706E+01    2.0809060E+01
    3.5620000E+00    6.1682383E+01    2.0809059E+01
    3.5660000E+00    6.1684043E+01    2.0809058E+01
    3.5700000E+00    6.1685685E+01    2.0809058E+01
    3.5740000E+00    6.1687308E+01    2.0809057E+01
    3.5780000E+00    6.1688914E+01    2.0809056E+01
    3.5820000E+00    6.1690502E+01    2.0809056E+01
    3.5860000E+00    6.1692072E+01    2.0809055E+01
    3.5900000E+00    6.1693624E+01    2.0809054E+01
    3.5940000E+00    6.1695159E+01    2.0809054E+01
    3.5980000E+00    6.1696677E+01    2.0809053E+01
    3.6020000E+00    6.1698177E+01    2.0809052E+01
    3.6060000E+00    6.1699659E+01    2.0809052E+01
    3.6100000E+00    6.1701124E+01    2.0809051E+01
    3.6140000E+00    6.1702572E+01    2.0809050E+01
    3.6180000E+00    6.1704003E+01    2.0809050E+01
    3.6220000E+00    6.1705417E+01    2.0809049E+01
    3.6260000E+00    6.1706814E+01    2.0809049E+01
    3.6300000E+00    6.1708194E+01    2.0809048E+01
    3.6340000E+00    6.1709557E+01    2.0809047E+01
    3.6380000E+00    6.1710903E+01    2.0809047E+01
    3.6420000E+00    6.1712233E+01    2.0809046E+01
    3.6460000E+00    6.1713545E+01    2.0809046E+01
    3.6500000E+00    6.1714841E+01    2.0809045E+01
    3.6540000E+00    6.1716121E+01    2.0809045E+01
    3.6580000E+00    6.1717384E+01    2.0809044E+01
    3.6620000E+00    6.1718631E+01    2.0809043E+01
    3.6660000E+00    6.1719861E+01    2.0809043E+01
    3.6700000E+00    6.1721075E+01    2.0809042E+01
    3.6740000E+00    6.1722273E+01    2.0809042E+01
    3.6780000E+00    6.1723455E+01    2.0809041E+01
    3.6820000E+00    6.1724620E+01    2.0809041E+01
    3.6860000E+00    6.1725770E+01    2.0809040E+01
    3.6900000E+00    6.1726903E+01    2.0809040E+01
    3.6940000E+00    6.1728021E+01    2.0809039E+01
    3.6980000E+00    6.1729123E+01    2.0809039E+01
    3.7020000E+00    6.1730208E+01    2.0809038E+01
    3.7060000E+00    6.1731278E+01    2.0809038E+01
    3.7100000E+00    6.1732333E+01    2.0809037E+01
    3.7140000E+00    6.1733371E+01    2.0809037E+01
    3.7180000E+00    6.1734394E+01    2.0809037E+01
    3.7220000E+00    6.1735401E+01    2.0809036E+01
    3.7260000E+00    6.1736393E+01    2.0809036E+01
    3.7300000E+00    6.1737370E+01    2.0809035E+01
    3.7340000E+00    6.1738331E+01    2.0809035E+01
    3.7380000E+00    6.1739276E+01    2.0809034E+01
    3.7420000E+00    6.1740206E+01    2.0809034E+01
    3.7460000E+00    6.1741121E+01    2.0809034E+01
    3.7500000E+00    6.1742021E+01    2.0809033E+01
    3.7540000E+00    6.1742906E+01    2.0809033E+01
    3.7580000E+00    6.1743775E+01    2.0809032E+01
    3.7620000E+00    6.1744629E+01    2.0809032E+01
    3.7660000E+00    6.1745468E+01    2.0809032E+01
    3.7700000E+00    6.1746293E+01    2.0809031E+01
    3.7740000E+00    6.1747102E+01    2.0809031E+01
    3.7780000E+00    6.1747896E+01    2.0809031E+01
    3.7820000E+00    6.1748675E+01    2.0809030E+01
    3.7860000E+00    6.1749440E+01    2.0809030E+01
    3.7900000E+00    6.1750189E+01    2.0809030E+01
    3.7940000E+00    6.1750924E+01    2.0809029E+01
    3.7980000E+00    6.1751644E+01    2.0809029E+01
    3.8020000E+00    6.1752350E+01    2.0809029E+01
    3.8060000E+00    6.1753040E+01    2.0809028E+01
    3.8100000E+00    6.1753716E+01    2.0809028E+01
    3.8140000E+00    6.1754378E+01    2.0809028E+01
    3.8180000E+00    6.1755025E+01    2.0809027E+01
    3.8220000E+00    6.1755657E+01    2.0809027E+01
    3.8260000E+00    6.1756275E+01    2.0809027E+01
    3.8300000E+00    6.1756878E+01    2.0809027E+01
    3.8340000E+00    6.1757467E+01    2.0809026E+01
    3.8380000E+00    6.1758042E+01    2.0809026E+01
    3.8420000E+00    6.1758602E+01    2.0809026E+01
    3.8460000E+00    6.1759147E+01    2.0809026E+01
    3.8500000E+00    6.1759679E+01    2.0809025E+01
    3.8540000E+00    6.1760196E+01    2.0809025E+01
    3.8580000E+00    6.1760699E+01    2.0809025E+01
    3.8620000E+00    6.1761187E+01    2.0809025E+01
    3.8660000E+00    6.1761662E+01    2.0809024E+01
    3.8700000E+00    6.1762122E+01    2.0809024E+01
    3.8740000E+00    6.1762568E+01    2.0809024E+01
    3.8780000E+00    6.1762999E+01    2.0809024E+01
    3.8820000E+00    6.1763417E+01    2.0809024E+01
    3.8860000E+00    6.1763820E+01    2.0809023E+01
    3.8900000E+00    6.1764210E+01    2.0809023E+01
    3.8940000E+00    6.1764585E+01    2.0809023E+01
    3.8980000E+00    6.1764946E+01    2.0809023E+01
    3.9020000E+00    6.1765293E+01    2.0809023E+01
    3.9060000E+00    6.1765627E+01    2.0809023E+01
    3.9100000E+00    6.1765946E+01    2.0809022E+01
    3.9140000E+00    6.1766251E+01    2.0809022E+01
    3.9180000E+00    6.1766542E+01    2.0809022E+01
    3.9220000E+00    6.1766819E+01    2.0809022E+01
    3.9260000E+00    6.1767083E+01    2.0809022E+01
    3.9300000E+00    6.1767332E+01    2.0809022E+01
    3.9340000E+00    6.1767567E+01    2.0809022E+01
    3.9380000E+00    6.1767789E+01    2.0809022E+01
    3.9420000E+00    6.1767997E+01    2.0809022E+01
    3.9460000E+00    6.1768190E+01    2.0809021E+01
    3.9500000E+00    6.1768370E+01    2.0809021E+01
    3.9540000E+00    6.1768536E+01    2.0809021E+01
    3.9580000E+00    6.1768688E+01    2.0809021E+01
    3.9620000E+00    6.1768826E+01    2.0809021E+01
    3.9660000E+00    6.1768951E+01    2.0809021E+01
    3.9700000E+00    6.1769061E+01    2.0809021E+01
    3.9740000E+00    6.1769158E+01    2.0809021E+01
    3.9780000E+00    6.1769241E+01    2.0809021E+01
    3.9820000E+00    6.1769310E+01    2.0809021E+01
    3.9860000E+00    6.1769365E+01    2.0809021E+01
    3.9900000E+00    6.1769407E+01    2.0809021E+01
    3.9940000E+00    6.1769435E+01    2.0809021E+01
    3.9980000E+00    6.1769448E+01    2.0809021E+01
