# Time          1.0000E+01
# Units: Bars
    Distance        CO2(g)          
    2.0000000E-03    9.0616221E-02
    6.0000000E-03    9.2254333E-02
    1.0000000E-02    9.3861632E-02
    1.4000000E-02    9.5438368E-02
    1.8000000E-02    9.6984789E-02
    2.2000000E-02    9.8501144E-02
    2.6000000E-02    9.9987681E-02
    3.0000000E-02    1.0144465E-01
    3.4000000E-02    1.0287229E-01
    3.8000000E-02    1.0427085E-01
    4.2000000E-02    1.0564059E-01
    4.6000000E-02    1.0698174E-01
    5.0000000E-02    1.0829454E-01
    5.4000000E-02    1.0957926E-01
    5.8000000E-02    1.1083612E-01
    6.2000000E-02    1.1206538E-01
    6.6000000E-02    1.1326727E-01
    7.0000000E-02    1.1444205E-01
    7.4000000E-02    1.1558994E-01
    7.8000000E-02    1.1671120E-01
    8.2000000E-02    1.1780606E-01
    8.6000000E-02    1.1887477E-01
    9.0000000E-02    1.1991757E-01
    9.4000000E-02    1.2093469E-01
    9.8000000E-02    1.2192637E-01
    1.0200000E-01    1.2289286E-01
    1.0600000E-01    1.2383439E-01
    1.1000000E-01    1.2475119E-01
    1.1400000E-01    1.2564351E-01
    1.1800000E-01    1.2651158E-01
    1.2200000E-01    1.2735563E-01
    1.2600000E-01    1.2817590E-01
    1.3000000E-01    1.2897263E-01
    1.3400000E-01    1.2974604E-01
    1.3800000E-01    1.3049637E-01
    1.4200000E-01    1.3122385E-01
    1.4600000E-01    1.3192871E-01
    1.5000000E-01    1.3261118E-01
    1.5400000E-01    1.3327149E-01
    1.5800000E-01    1.3390987E-01
    1.6200000E-01    1.3452655E-01
    1.6600000E-01    1.3512175E-01
    1.7000000E-01    1.3569570E-01
    1.7400000E-01    1.3624863E-01
    1.7800000E-01    1.3678076E-01
    1.8200000E-01    1.3729232E-01
    1.8600000E-01    1.3778353E-01
    1.9000000E-01    1.3825460E-01
    1.9400000E-01    1.3870577E-01
    1.9800000E-01    1.3913725E-01
    2.0200000E-01    1.3954927E-01
    2.0600000E-01    1.3994203E-01
    2.1000000E-01    1.4031577E-01
    2.1400000E-01    1.4067069E-01
    2.1800000E-01    1.4100702E-01
    2.2200000E-01    1.4132497E-01
    2.2600000E-01    1.4162475E-01
    2.3000000E-01    1.4190657E-01
    2.3400000E-01    1.4217066E-01
    2.3800000E-01    1.4241722E-01
    2.4200000E-01    1.4264646E-01
    2.4600000E-01    1.4285859E-01
    2.5000000E-01    1.4305382E-01
    2.5400000E-01    1.4323237E-01
    2.5800000E-01    1.4339442E-01
    2.6200000E-01    1.4354020E-01
    2.6600000E-01    1.4366991E-01
    2.7000000E-01    1.4378375E-01
    2.7400000E-01    1.4388192E-01
    2.7800000E-01    1.4396463E-01
    2.8200000E-01    1.4403208E-01
    2.8600000E-01    1.4408446E-01
    2.9000000E-01    1.4412198E-01
    2.9400000E-01    1.4414484E-01
    2.9800000E-01    1.4415322E-01
    3.0200000E-01    1.4414733E-01
    3.0600000E-01    1.4412736E-01
    3.1000000E-01    1.4409351E-01
    3.1400000E-01    1.4404597E-01
    3.1800000E-01    1.4398492E-01
    3.2200000E-01    1.4391057E-01
    3.2600000E-01    1.4382310E-01
    3.3000000E-01    1.4372269E-01
    3.3400000E-01    1.4360954E-01
    3.3800000E-01    1.4348383E-01
    3.4200000E-01    1.4334575E-01
    3.4600000E-01    1.4319548E-01
    3.5000000E-01    1.4303320E-01
    3.5400000E-01    1.4285910E-01
    3.5800000E-01    1.4267335E-01
    3.6200000E-01    1.4247614E-01
    3.6600000E-01    1.4226764E-01
    3.7000000E-01    1.4204803E-01
    3.7400000E-01    1.4181750E-01
    3.7800000E-01    1.4157620E-01
    3.8200000E-01    1.4132432E-01
    3.8600000E-01    1.4106203E-01
    3.9000000E-01    1.4078950E-01
    3.9400000E-01    1.4050689E-01
    3.9800000E-01    1.4021439E-01
    4.0200000E-01    1.3991216E-01
    4.0600000E-01    1.3960036E-01
    4.1000000E-01    1.3927917E-01
    4.1400000E-01    1.3894873E-01
    4.1800000E-01    1.3860923E-01
    4.2200000E-01    1.3826082E-01
    4.2600000E-01    1.3790366E-01
    4.3000000E-01    1.3753791E-01
    4.3400000E-01    1.3716373E-01
    4.3800000E-01    1.3678128E-01
    4.4200000E-01    1.3639072E-01
    4.4600000E-01    1.3599219E-01
    4.5000000E-01    1.3558586E-01
    4.5400000E-01    1.3517187E-01
    4.5800000E-01    1.3475038E-01
    4.6200000E-01    1.3432154E-01
    4.6600000E-01    1.3388549E-01
    4.7000000E-01    1.3344239E-01
    4.7400000E-01    1.3299238E-01
    4.7800000E-01    1.3253561E-01
    4.8200000E-01    1.3207222E-01
    4.8600000E-01    1.3160236E-01
    4.9000000E-01    1.3112616E-01
    4.9400000E-01    1.3064377E-01
    4.9800000E-01    1.3015532E-01
    5.0200000E-01    1.2966096E-01
    5.0600000E-01    1.2916083E-01
    5.1000000E-01    1.2865505E-01
    5.1400000E-01    1.2814376E-01
    5.1800000E-01    1.2762711E-01
    5.2200000E-01    1.2710521E-01
    5.2600000E-01    1.2657820E-01
    5.3000000E-01    1.2604621E-01
    5.3400000E-01    1.2550937E-01
    5.3800000E-01    1.2496780E-01
    5.4200000E-01    1.2442164E-01
    5.4600000E-01    1.2387100E-01
    5.5000000E-01    1.2331602E-01
    5.5400000E-01    1.2275681E-01
    5.5800000E-01    1.2219350E-01
    5.6200000E-01    1.2162620E-01
    5.6600000E-01    1.2105504E-01
    5.7000000E-01    1.2048013E-01
    5.7400000E-01    1.1990159E-01
    5.7800000E-01    1.1931953E-01
    5.8200000E-01    1.1873408E-01
    5.8600000E-01    1.1814534E-01
    5.9000000E-01    1.1755342E-01
    5.9400000E-01    1.1695844E-01
    5.9800000E-01    1.1636051E-01
    6.0200000E-01    1.1575973E-01
    6.0600000E-01    1.1515621E-01
    6.1000000E-01    1.1455006E-01
    6.1400000E-01    1.1394138E-01
    6.1800000E-01    1.1333028E-01
    6.2200000E-01    1.1271686E-01
    6.2600000E-01    1.1210121E-01
    6.3000000E-01    1.1148345E-01
    6.3400000E-01    1.1086367E-01
    6.3800000E-01    1.1024197E-01
    6.4200000E-01    1.0961844E-01
    6.4600000E-01    1.0899319E-01
    6.5000000E-01    1.0836630E-01
    6.5400000E-01    1.0773787E-01
    6.5800000E-01    1.0710799E-01
    6.6200000E-01    1.0647675E-01
    6.6600000E-01    1.0584425E-01
    6.7000000E-01    1.0521057E-01
    6.7400000E-01    1.0457580E-01
    6.7800000E-01    1.0394002E-01
    6.8200000E-01    1.0330333E-01
    6.8600000E-01    1.0266580E-01
    6.9000000E-01    1.0202753E-01
    6.9400000E-01    1.0138859E-01
    6.9800000E-01    1.0074906E-01
    7.0200000E-01    1.0010903E-01
    7.0600000E-01    9.9468572E-02
    7.1000000E-01    9.8827765E-02
    7.1400000E-01    9.8186687E-02
    7.1800000E-01    9.7545414E-02
    7.2200000E-01    9.6904021E-02
    7.2600000E-01    9.6262581E-02
    7.3000000E-01    9.5621168E-02
    7.3400000E-01    9.4979853E-02
    7.3800000E-01    9.4338707E-02
    7.4200000E-01    9.3697799E-02
    7.4600000E-01    9.3057198E-02
    7.5000000E-01    9.2416972E-02
    7.5400000E-01    9.1777188E-02
    7.5800000E-01    9.1137910E-02
    7.6200000E-01    9.0499204E-02
    7.6600000E-01    8.9861134E-02
    7.7000000E-01    8.9223761E-02
    7.7400000E-01    8.8587147E-02
    7.7800000E-01    8.7951354E-02
    7.8200000E-01    8.7316440E-02
    7.8600000E-01    8.6682465E-02
    7.9000000E-01    8.6049485E-02
    7.9400000E-01    8.5417559E-02
    7.9800000E-01    8.4786741E-02
    8.0200000E-01    8.4157087E-02
    8.0600000E-01    8.3528650E-02
    8.1000000E-01    8.2901484E-02
    8.1400000E-01    8.2275640E-02
    8.1800000E-01    8.1651169E-02
    8.2200000E-01    8.1028122E-02
    8.2600000E-01    8.0406549E-02
    8.3000000E-01    7.9786497E-02
    8.3400000E-01    7.9168013E-02
    8.3800000E-01    7.8551146E-02
    8.4200000E-01    7.7935939E-02
    8.4600000E-01    7.7322439E-02
    8.5000000E-01    7.6710689E-02
    8.5400000E-01    7.6100732E-02
    8.5800000E-01    7.5492610E-02
    8.6200000E-01    7.4886365E-02
    8.6600000E-01    7.4282037E-02
    8.7000000E-01    7.3679667E-02
    8.7400000E-01    7.3079292E-02
    8.7800000E-01    7.2480952E-02
    8.8200000E-01    7.1884682E-02
    8.8600000E-01    7.1290520E-02
    8.9000000E-01    7.0698502E-02
    8.9400000E-01    7.0108661E-02
    8.9800000E-01    6.9521033E-02
    9.0200000E-01    6.8935649E-02
    9.0600000E-01    6.8352544E-02
    9.1000000E-01    6.7771747E-02
    9.1400000E-01    6.7193291E-02
    9.1800000E-01    6.6617206E-02
    9.2200000E-01    6.6043520E-02
    9.2600000E-01    6.5472263E-02
    9.3000000E-01    6.4903463E-02
    9.3400000E-01    6.4337146E-02
    9.3800000E-01    6.3773339E-02
    9.4200000E-01    6.3212068E-02
    9.4600000E-01    6.2653357E-02
    9.5000000E-01    6.2097233E-02
    9.5400000E-01    6.1543716E-02
    9.5800000E-01    6.0992832E-02
    9.6200000E-01    6.0444602E-02
    9.6600000E-01    5.9899048E-02
    9.7000000E-01    5.9356190E-02
    9.7400000E-01    5.8816049E-02
    9.7800000E-01    5.8278644E-02
    9.8200000E-01    5.7743995E-02
    9.8600000E-01    5.7212120E-02
    9.9000000E-01    5.6683036E-02
    9.9400000E-01    5.6156761E-02
    9.9800000E-01    5.5633311E-02
    1.0020000E+00    5.5112701E-02
    1.0060000E+00    5.4594947E-02
    1.0100000E+00    5.4080064E-02
    1.0140000E+00    5.3568066E-02
    1.0180000E+00    5.3058966E-02
    1.0220000E+00    5.2552776E-02
    1.0260000E+00    5.2049510E-02
    1.0300000E+00    5.1549179E-02
    1.0340000E+00    5.1051794E-02
    1.0380000E+00    5.0557366E-02
    1.0420000E+00    5.0065904E-02
    1.0460000E+00    4.9577419E-02
    1.0500000E+00    4.9091919E-02
    1.0540000E+00    4.8609413E-02
    1.0580000E+00    4.8129908E-02
    1.0620000E+00    4.7653413E-02
    1.0660000E+00    4.7179934E-02
    1.0700000E+00    4.6709477E-02
    1.0740000E+00    4.6242049E-02
    1.0780000E+00    4.5777655E-02
    1.0820000E+00    4.5316300E-02
    1.0860000E+00    4.4857988E-02
    1.0900000E+00    4.4402724E-02
    1.0940000E+00    4.3950511E-02
    1.0980000E+00    4.3501353E-02
    1.1020000E+00    4.3055251E-02
    1.1060000E+00    4.2612208E-02
    1.1100000E+00    4.2172226E-02
    1.1140000E+00    4.1735307E-02
    1.1180000E+00    4.1301451E-02
    1.1220000E+00    4.0870659E-02
    1.1260000E+00    4.0442931E-02
    1.1300000E+00    4.0018266E-02
    1.1340000E+00    3.9596665E-02
    1.1380000E+00    3.9178126E-02
    1.1420000E+00    3.8762648E-02
    1.1460000E+00    3.8350228E-02
    1.1500000E+00    3.7940866E-02
    1.1540000E+00    3.7534557E-02
    1.1580000E+00    3.7131300E-02
    1.1620000E+00    3.6731090E-02
    1.1660000E+00    3.6333925E-02
    1.1700000E+00    3.5939801E-02
    1.1740000E+00    3.5548712E-02
    1.1780000E+00    3.5160656E-02
    1.1820000E+00    3.4775626E-02
    1.1860000E+00    3.4393617E-02
    1.1900000E+00    3.4014625E-02
    1.1940000E+00    3.3638642E-02
    1.1980000E+00    3.3265663E-02
    1.2020000E+00    3.2895682E-02
    1.2060000E+00    3.2528691E-02
    1.2100000E+00    3.2164683E-02
    1.2140000E+00    3.1803653E-02
    1.2180000E+00    3.1445590E-02
    1.2220000E+00    3.1090489E-02
    1.2260000E+00    3.0738340E-02
    1.2300000E+00    3.0389136E-02
    1.2340000E+00    3.0042868E-02
    1.2380000E+00    2.9699526E-02
    1.2420000E+00    2.9359102E-02
    1.2460000E+00    2.9021587E-02
    1.2500000E+00    2.8686970E-02
    1.2540000E+00    2.8355243E-02
    1.2580000E+00    2.8026394E-02
    1.2620000E+00    2.7700415E-02
    1.2660000E+00    2.7377293E-02
    1.2700000E+00    2.7057019E-02
    1.2740000E+00    2.6739582E-02
    1.2780000E+00    2.6424971E-02
    1.2820000E+00    2.6113175E-02
    1.2860000E+00    2.5804181E-02
    1.2900000E+00    2.5497979E-02
    1.2940000E+00    2.5194556E-02
    1.2980000E+00    2.4893901E-02
    1.3020000E+00    2.4596002E-02
    1.3060000E+00    2.4300846E-02
    1.3100000E+00    2.4008421E-02
    1.3140000E+00    2.3718714E-02
    1.3180000E+00    2.3431712E-02
    1.3220000E+00    2.3147403E-02
    1.3260000E+00    2.2865774E-02
    1.3300000E+00    2.2586811E-02
    1.3340000E+00    2.2310500E-02
    1.3380000E+00    2.2036830E-02
    1.3420000E+00    2.1765785E-02
    1.3460000E+00    2.1497352E-02
    1.3500000E+00    2.1231518E-02
    1.3540000E+00    2.0968268E-02
    1.3580000E+00    2.0707589E-02
    1.3620000E+00    2.0449466E-02
    1.3660000E+00    2.0193886E-02
    1.3700000E+00    1.9940833E-02
    1.3740000E+00    1.9690293E-02
    1.3780000E+00    1.9442252E-02
    1.3820000E+00    1.9196695E-02
    1.3860000E+00    1.8953608E-02
    1.3900000E+00    1.8712976E-02
    1.3940000E+00    1.8474783E-02
    1.3980000E+00    1.8239016E-02
    1.4020000E+00    1.8005658E-02
    1.4060000E+00    1.7774695E-02
    1.4100000E+00    1.7546112E-02
    1.4140000E+00    1.7319894E-02
    1.4180000E+00    1.7096025E-02
    1.4220000E+00    1.6874490E-02
    1.4260000E+00    1.6655274E-02
    1.4300000E+00    1.6438361E-02
    1.4340000E+00    1.6223737E-02
    1.4380000E+00    1.6011385E-02
    1.4420000E+00    1.5801290E-02
    1.4460000E+00    1.5593436E-02
    1.4500000E+00    1.5387809E-02
    1.4540000E+00    1.5184391E-02
    1.4580000E+00    1.4983169E-02
    1.4620000E+00    1.4784125E-02
    1.4660000E+00    1.4587245E-02
    1.4700000E+00    1.4392513E-02
    1.4740000E+00    1.4199913E-02
    1.4780000E+00    1.4009429E-02
    1.4820000E+00    1.3821046E-02
    1.4860000E+00    1.3634748E-02
    1.4900000E+00    1.3450520E-02
    1.4940000E+00    1.3268344E-02
    1.4980000E+00    1.3088207E-02
    1.5020000E+00    1.2910092E-02
    1.5060000E+00    1.2733983E-02
    1.5100000E+00    1.2559864E-02
    1.5140000E+00    1.2387721E-02
    1.5180000E+00    1.2217537E-02
    1.5220000E+00    1.2049297E-02
    1.5260000E+00    1.1882985E-02
    1.5300000E+00    1.1718585E-02
    1.5340000E+00    1.1556082E-02
    1.5380000E+00    1.1395460E-02
    1.5420000E+00    1.1236703E-02
    1.5460000E+00    1.1079797E-02
    1.5500000E+00    1.0924725E-02
    1.5540000E+00    1.0771473E-02
    1.5580000E+00    1.0620024E-02
    1.5620000E+00    1.0470363E-02
    1.5660000E+00    1.0322475E-02
    1.5700000E+00    1.0176345E-02
    1.5740000E+00    1.0031957E-02
    1.5780000E+00    9.8892956E-03
    1.5820000E+00    9.7483463E-03
    1.5860000E+00    9.6090935E-03
    1.5900000E+00    9.4715222E-03
    1.5940000E+00    9.3356173E-03
    1.5980000E+00    9.2013638E-03
    1.6020000E+00    9.0687466E-03
    1.6060000E+00    8.9377509E-03
    1.6100000E+00    8.8083618E-03
    1.6140000E+00    8.6805644E-03
    1.6180000E+00    8.5543441E-03
    1.6220000E+00    8.4296860E-03
    1.6260000E+00    8.3065756E-03
    1.6300000E+00    8.1849982E-03
    1.6340000E+00    8.0649393E-03
    1.6380000E+00    7.9463845E-03
    1.6420000E+00    7.8293194E-03
    1.6460000E+00    7.7137295E-03
    1.6500000E+00    7.5996006E-03
    1.6540000E+00    7.4869186E-03
    1.6580000E+00    7.3756693E-03
    1.6620000E+00    7.2658385E-03
    1.6660000E+00    7.1574123E-03
    1.6700000E+00    7.0503768E-03
    1.6740000E+00    6.9447180E-03
    1.6780000E+00    6.8404222E-03
    1.6820000E+00    6.7374756E-03
    1.6860000E+00    6.6358647E-03
    1.6900000E+00    6.5355758E-03
    1.6940000E+00    6.4365954E-03
    1.6980000E+00    6.3389101E-03
    1.7020000E+00    6.2425065E-03
    1.7060000E+00    6.1473715E-03
    1.7100000E+00    6.0534916E-03
    1.7140000E+00    5.9608539E-03
    1.7180000E+00    5.8694454E-03
    1.7220000E+00    5.7792529E-03
    1.7260000E+00    5.6902638E-03
    1.7300000E+00    5.6024650E-03
    1.7340000E+00    5.5158441E-03
    1.7380000E+00    5.4303882E-03
    1.7420000E+00    5.3460848E-03
    1.7460000E+00    5.2629215E-03
    1.7500000E+00    5.1808859E-03
    1.7540000E+00    5.0999655E-03
    1.7580000E+00    5.0201484E-03
    1.7620000E+00    4.9414222E-03
    1.7660000E+00    4.8637748E-03
    1.7700000E+00    4.7871945E-03
    1.7740000E+00    4.7116691E-03
    1.7780000E+00    4.6371870E-03
    1.7820000E+00    4.5637364E-03
    1.7860000E+00    4.4913057E-03
    1.7900000E+00    4.4198832E-03
    1.7940000E+00    4.3494577E-03
    1.7980000E+00    4.2800175E-03
    1.8020000E+00    4.2115516E-03
    1.8060000E+00    4.1440486E-03
    1.8100000E+00    4.0774974E-03
    1.8140000E+00    4.0118870E-03
    1.8180000E+00    3.9472064E-03
    1.8220000E+00    3.8834448E-03
    1.8260000E+00    3.8205914E-03
    1.8300000E+00    3.7586355E-03
    1.8340000E+00    3.6975665E-03
    1.8380000E+00    3.6373739E-03
    1.8420000E+00    3.5780472E-03
    1.8460000E+00    3.5195760E-03
    1.8500000E+00    3.4619503E-03
    1.8540000E+00    3.4051596E-03
    1.8580000E+00    3.3491940E-03
    1.8620000E+00    3.2940435E-03
    1.8660000E+00    3.2396982E-03
    1.8700000E+00    3.1861481E-03
    1.8740000E+00    3.1333836E-03
    1.8780000E+00    3.0813950E-03
    1.8820000E+00    3.0301728E-03
    1.8860000E+00    2.9797073E-03
    1.8900000E+00    2.9299894E-03
    1.8940000E+00    2.8810095E-03
    1.8980000E+00    2.8327586E-03
    1.9020000E+00    2.7852273E-03
    1.9060000E+00    2.7384068E-03
    1.9100000E+00    2.6922879E-03
    1.9140000E+00    2.6468618E-03
    1.9180000E+00    2.6021197E-03
    1.9220000E+00    2.5580528E-03
    1.9260000E+00    2.5146526E-03
    1.9300000E+00    2.4719103E-03
    1.9340000E+00    2.4298177E-03
    1.9380000E+00    2.3883661E-03
    1.9420000E+00    2.3475474E-03
    1.9460000E+00    2.3073533E-03
    1.9500000E+00    2.2677757E-03
    1.9540000E+00    2.2288064E-03
    1.9580000E+00    2.1904374E-03
    1.9620000E+00    2.1526609E-03
    1.9660000E+00    2.1154691E-03
    1.9700000E+00    2.0788541E-03
    1.9740000E+00    2.0428083E-03
    1.9780000E+00    2.0073241E-03
    1.9820000E+00    1.9723939E-03
    1.9860000E+00    1.9380104E-03
    1.9900000E+00    1.9041661E-03
    1.9940000E+00    1.8708539E-03
    1.9980000E+00    1.8380664E-03
    2.0020000E+00    1.8057965E-03
    2.0060000E+00    1.7740372E-03
    2.0100000E+00    1.7427815E-03
    2.0140000E+00    1.7120225E-03
    2.0180000E+00    1.6817533E-03
    2.0220000E+00    1.6519673E-03
    2.0260000E+00    1.6226577E-03
    2.0300000E+00    1.5938178E-03
    2.0340000E+00    1.5654412E-03
    2.0380000E+00    1.5375215E-03
    2.0420000E+00    1.5100521E-03
    2.0460000E+00    1.4830268E-03
    2.0500000E+00    1.4564393E-03
    2.0540000E+00    1.4302835E-03
    2.0580000E+00    1.4045532E-03
    2.0620000E+00    1.3792424E-03
    2.0660000E+00    1.3543451E-03
    2.0700000E+00    1.3298555E-03
    2.0740000E+00    1.3057676E-03
    2.0780000E+00    1.2820757E-03
    2.0820000E+00    1.2587741E-03
    2.0860000E+00    1.2358572E-03
    2.0900000E+00    1.2133194E-03
    2.0940000E+00    1.1911552E-03
    2.0980000E+00    1.1693592E-03
    2.1020000E+00    1.1479259E-03
    2.1060000E+00    1.1268502E-03
    2.1100000E+00    1.1061266E-03
    2.1140000E+00    1.0857501E-03
    2.1180000E+00    1.0657156E-03
    2.1220000E+00    1.0460179E-03
    2.1260000E+00    1.0266521E-03
    2.1300000E+00    1.0076132E-03
    2.1340000E+00    9.8889644E-04
    2.1380000E+00    9.7049690E-04
    2.1420000E+00    9.5240986E-04
    2.1460000E+00    9.3463063E-04
    2.1500000E+00    9.1715456E-04
    2.1540000E+00    8.9997707E-04
    2.1580000E+00    8.8309366E-04
    2.1620000E+00    8.6649984E-04
    2.1660000E+00    8.5019122E-04
    2.1700000E+00    8.3416345E-04
    2.1740000E+00    8.1841222E-04
    2.1780000E+00    8.0293330E-04
    2.1820000E+00    7.8772250E-04
    2.1860000E+00    7.7277568E-04
    2.1900000E+00    7.5808878E-04
    2.1940000E+00    7.4365775E-04
    2.1980000E+00    7.2947864E-04
    2.2020000E+00    7.1554752E-04
    2.2060000E+00    7.0186052E-04
    2.2100000E+00    6.8841381E-04
    2.2140000E+00    6.7520365E-04
    2.2180000E+00    6.6222629E-04
    2.2220000E+00    6.4947809E-04
    2.2260000E+00    6.3695541E-04
    2.2300000E+00    6.2465468E-04
    2.2340000E+00    6.1257240E-04
    2.2380000E+00    6.0070507E-04
    2.2420000E+00    5.8904928E-04
    2.2460000E+00    5.7760163E-04
    2.2500000E+00    5.6635881E-04
    2.2540000E+00    5.5531750E-04
    2.2580000E+00    5.4447449E-04
    2.2620000E+00    5.3382655E-04
    2.2660000E+00    5.2337055E-04
    2.2700000E+00    5.1310336E-04
    2.2740000E+00    5.0302192E-04
    2.2780000E+00    4.9312321E-04
    2.2820000E+00    4.8340424E-04
    2.2860000E+00    4.7386207E-04
    2.2900000E+00    4.6449380E-04
    2.2940000E+00    4.5529658E-04
    2.2980000E+00    4.4626759E-04
    2.3020000E+00    4.3740404E-04
    2.3060000E+00    4.2870321E-04
    2.3100000E+00    4.2016239E-04
    2.3140000E+00    4.1177893E-04
    2.3180000E+00    4.0355020E-04
    2.3220000E+00    3.9547361E-04
    2.3260000E+00    3.8754663E-04
    2.3300000E+00    3.7976675E-04
    2.3340000E+00    3.7213149E-04
    2.3380000E+00    3.6463841E-04
    2.3420000E+00    3.5728513E-04
    2.3460000E+00    3.5006926E-04
    2.3500000E+00    3.4298848E-04
    2.3540000E+00    3.3604050E-04
    2.3580000E+00    3.2922306E-04
    2.3620000E+00    3.2253392E-04
    2.3660000E+00    3.1597090E-04
    2.3700000E+00    3.0953183E-04
    2.3740000E+00    3.0321458E-04
    2.3780000E+00    2.9701705E-04
    2.3820000E+00    2.9093719E-04
    2.3860000E+00    2.8497296E-04
    2.3900000E+00    2.7912234E-04
    2.3940000E+00    2.7338338E-04
    2.3980000E+00    2.6775413E-04
    2.4020000E+00    2.6223268E-04
    2.4060000E+00    2.5681714E-04
    2.4100000E+00    2.5150566E-04
    2.4140000E+00    2.4629642E-04
    2.4180000E+00    2.4118761E-04
    2.4220000E+00    2.3617747E-04
    2.4260000E+00    2.3126426E-04
    2.4300000E+00    2.2644627E-04
    2.4340000E+00    2.2172179E-04
    2.4380000E+00    2.1708919E-04
    2.4420000E+00    2.1254681E-04
    2.4460000E+00    2.0809305E-04
    2.4500000E+00    2.0372633E-04
    2.4540000E+00    1.9944509E-04
    2.4580000E+00    1.9524780E-04
    2.4620000E+00    1.9113294E-04
    2.4660000E+00    1.8709904E-04
    2.4700000E+00    1.8314463E-04
    2.4740000E+00    1.7926827E-04
    2.4780000E+00    1.7546855E-04
    2.4820000E+00    1.7174407E-04
    2.4860000E+00    1.6809348E-04
    2.4900000E+00    1.6451542E-04
    2.4940000E+00    1.6100856E-04
    2.4980000E+00    1.5757162E-04
    2.5020000E+00    1.5420329E-04
    2.5060000E+00    1.5090233E-04
    2.5100000E+00    1.4766748E-04
    2.5140000E+00    1.4449755E-04
    2.5180000E+00    1.4139131E-04
    2.5220000E+00    1.3834760E-04
    2.5260000E+00    1.3536526E-04
    2.5300000E+00    1.3244313E-04
    2.5340000E+00    1.2958012E-04
    2.5380000E+00    1.2677510E-04
    2.5420000E+00    1.2402699E-04
    2.5460000E+00    1.2133474E-04
    2.5500000E+00    1.1869729E-04
    2.5540000E+00    1.1611361E-04
    2.5580000E+00    1.1358269E-04
    2.5620000E+00    1.1110354E-04
    2.5660000E+00    1.0867517E-04
    2.5700000E+00    1.0629662E-04
    2.5740000E+00    1.0396696E-04
    2.5780000E+00    1.0168524E-04
    2.5820000E+00    9.9450553E-05
    2.5860000E+00    9.7262008E-05
    2.5900000E+00    9.5118718E-05
    2.5940000E+00    9.3019819E-05
    2.5980000E+00    9.0964457E-05
    2.6020000E+00    8.8951796E-05
    2.6060000E+00    8.6981013E-05
    2.6100000E+00    8.5051301E-05
    2.6140000E+00    8.3161866E-05
    2.6180000E+00    8.1311929E-05
    2.6220000E+00    7.9500722E-05
    2.6260000E+00    7.7727493E-05
    2.6300000E+00    7.5991503E-05
    2.6340000E+00    7.4292026E-05
    2.6380000E+00    7.2628348E-05
    2.6420000E+00    7.0999769E-05
    2.6460000E+00    6.9405601E-05
    2.6500000E+00    6.7845166E-05
    2.6540000E+00    6.6317803E-05
    2.6580000E+00    6.4822858E-05
    2.6620000E+00    6.3359693E-05
    2.6660000E+00    6.1927677E-05
    2.6700000E+00    6.0526193E-05
    2.6740000E+00    5.9154637E-05
    2.6780000E+00    5.7812412E-05
    2.6820000E+00    5.6498934E-05
    2.6860000E+00    5.5213630E-05
    2.6900000E+00    5.3955936E-05
    2.6940000E+00    5.2725299E-05
    2.6980000E+00    5.1521177E-05
    2.7020000E+00    5.0343037E-05
    2.7060000E+00    4.9190355E-05
    2.7100000E+00    4.8062620E-05
    2.7140000E+00    4.6959326E-05
    2.7180000E+00    4.5879979E-05
    2.7220000E+00    4.4824093E-05
    2.7260000E+00    4.3791194E-05
    2.7300000E+00    4.2780812E-05
    2.7340000E+00    4.1792490E-05
    2.7380000E+00    4.0825777E-05
    2.7420000E+00    3.9880231E-05
    2.7460000E+00    3.8955420E-05
    2.7500000E+00    3.8050917E-05
    2.7540000E+00    3.7166306E-05
    2.7580000E+00    3.6301178E-05
    2.7620000E+00    3.5455130E-05
    2.7660000E+00    3.4627770E-05
    2.7700000E+00    3.3818709E-05
    2.7740000E+00    3.3027570E-05
    2.7780000E+00    3.2253981E-05
    2.7820000E+00    3.1497576E-05
    2.7860000E+00    3.0757998E-05
    2.7900000E+00    3.0034897E-05
    2.7940000E+00    2.9327927E-05
    2.7980000E+00    2.8636752E-05
    2.8020000E+00    2.7961041E-05
    2.8060000E+00    2.7300468E-05
    2.8100000E+00    2.6654716E-05
    2.8140000E+00    2.6023474E-05
    2.8180000E+00    2.5406433E-05
    2.8220000E+00    2.4803296E-05
    2.8260000E+00    2.4213767E-05
    2.8300000E+00    2.3637558E-05
    2.8340000E+00    2.3074386E-05
    2.8380000E+00    2.2523975E-05
    2.8420000E+00    2.1986052E-05
    2.8460000E+00    2.1460351E-05
    2.8500000E+00    2.0946611E-05
    2.8540000E+00    2.0444577E-05
    2.8580000E+00    1.9953996E-05
    2.8620000E+00    1.9474624E-05
    2.8660000E+00    1.9006219E-05
    2.8700000E+00    1.8548546E-05
    2.8740000E+00    1.8101372E-05
    2.8780000E+00    1.7664472E-05
    2.8820000E+00    1.7237622E-05
    2.8860000E+00    1.6820605E-05
    2.8900000E+00    1.6413208E-05
    2.8940000E+00    1.6015222E-05
    2.8980000E+00    1.5626441E-05
    2.9020000E+00    1.5246665E-05
    2.9060000E+00    1.4875698E-05
    2.9100000E+00    1.4513346E-05
    2.9140000E+00    1.4159421E-05
    2.9180000E+00    1.3813739E-05
    2.9220000E+00    1.3476117E-05
    2.9260000E+00    1.3146379E-05
    2.9300000E+00    1.2824352E-05
    2.9340000E+00    1.2509864E-05
    2.9380000E+00    1.2202749E-05
    2.9420000E+00    1.1902844E-05
    2.9460000E+00    1.1609989E-05
    2.9500000E+00    1.1324027E-05
    2.9540000E+00    1.1044806E-05
    2.9580000E+00    1.0772175E-05
    2.9620000E+00    1.0505986E-05
    2.9660000E+00    1.0246097E-05
    2.9700000E+00    9.9923665E-06
    2.9740000E+00    9.7446558E-06
    2.9780000E+00    9.5028303E-06
    2.9820000E+00    9.2667576E-06
    2.9860000E+00    9.0363083E-06
    2.9900000E+00    8.8113556E-06
    2.9940000E+00    8.5917755E-06
    2.9980000E+00    8.3774465E-06
    3.0020000E+00    8.1682497E-06
    3.0060000E+00    7.9640688E-06
    3.0100000E+00    7.7647898E-06
    3.0140000E+00    7.5703014E-06
    3.0180000E+00    7.3804943E-06
    3.0220000E+00    7.1952619E-06
    3.0260000E+00    7.0144996E-06
    3.0300000E+00    6.8381053E-06
    3.0340000E+00    6.6659788E-06
    3.0380000E+00    6.4980222E-06
    3.0420000E+00    6.3341399E-06
    3.0460000E+00    6.1742379E-06
    3.0500000E+00    6.0182247E-06
    3.0540000E+00    5.8660106E-06
    3.0580000E+00    5.7175077E-06
    3.0620000E+00    5.5726301E-06
    3.0660000E+00    5.4312940E-06
    3.0700000E+00    5.2934170E-06
    3.0740000E+00    5.1589188E-06
    3.0780000E+00    5.0277209E-06
    3.0820000E+00    4.8997462E-06
    3.0860000E+00    4.7749196E-06
    3.0900000E+00    4.6531675E-06
    3.0940000E+00    4.5344180E-06
    3.0980000E+00    4.4186007E-06
    3.1020000E+00    4.3056467E-06
    3.1060000E+00    4.1954889E-06
    3.1100000E+00    4.0880613E-06
    3.1140000E+00    3.9832997E-06
    3.1180000E+00    3.8811411E-06
    3.1220000E+00    3.7815240E-06
    3.1260000E+00    3.6843883E-06
    3.1300000E+00    3.5896752E-06
    3.1340000E+00    3.4973272E-06
    3.1380000E+00    3.4072880E-06
    3.1420000E+00    3.3195028E-06
    3.1460000E+00    3.2339178E-06
    3.1500000E+00    3.1504805E-06
    3.1540000E+00    3.0691396E-06
    3.1580000E+00    2.9898450E-06
    3.1620000E+00    2.9125476E-06
    3.1660000E+00    2.8371995E-06
    3.1700000E+00    2.7637538E-06
    3.1740000E+00    2.6921649E-06
    3.1780000E+00    2.6223879E-06
    3.1820000E+00    2.5543792E-06
    3.1860000E+00    2.4880961E-06
    3.1900000E+00    2.4234967E-06
    3.1940000E+00    2.3605404E-06
    3.1980000E+00    2.2991872E-06
    3.2020000E+00    2.2393983E-06
    3.2060000E+00    2.1811356E-06
    3.2100000E+00    2.1243619E-06
    3.2140000E+00    2.0690409E-06
    3.2180000E+00    2.0151372E-06
    3.2220000E+00    1.9626161E-06
    3.2260000E+00    1.9114437E-06
    3.2300000E+00    1.8615871E-06
    3.2340000E+00    1.8130138E-06
    3.2380000E+00    1.7656924E-06
    3.2420000E+00    1.7195921E-06
    3.2460000E+00    1.6746827E-06
    3.2500000E+00    1.6309348E-06
    3.2540000E+00    1.5883199E-06
    3.2580000E+00    1.5468097E-06
    3.2620000E+00    1.5063771E-06
    3.2660000E+00    1.4669951E-06
    3.2700000E+00    1.4286378E-06
    3.2740000E+00    1.3912797E-06
    3.2780000E+00    1.3548959E-06
    3.2820000E+00    1.3194620E-06
    3.2860000E+00    1.2849544E-06
    3.2900000E+00    1.2513499E-06
    3.2940000E+00    1.2186259E-06
    3.2980000E+00    1.1867604E-06
    3.3020000E+00    1.1557318E-06
    3.3060000E+00    1.1255190E-06
    3.3100000E+00    1.0961015E-06
    3.3140000E+00    1.0674594E-06
    3.3180000E+00    1.0395730E-06
    3.3220000E+00    1.0124232E-06
    3.3260000E+00    9.8599151E-07
    3.3300000E+00    9.6025964E-07
    3.3340000E+00    9.3520987E-07
    3.3380000E+00    9.1082490E-07
    3.3420000E+00    8.8708781E-07
    3.3460000E+00    8.6398213E-07
    3.3500000E+00    8.4149177E-07
    3.3540000E+00    8.1960103E-07
    3.3580000E+00    7.9829458E-07
    3.3620000E+00    7.7755750E-07
    3.3660000E+00    7.5737519E-07
    3.3700000E+00    7.3773343E-07
    3.3740000E+00    7.1861835E-07
    3.3780000E+00    7.0001641E-07
    3.3820000E+00    6.8191440E-07
    3.3860000E+00    6.6429944E-07
    3.3900000E+00    6.4715896E-07
    3.3940000E+00    6.3048071E-07
    3.3980000E+00    6.1425274E-07
    3.4020000E+00    5.9846338E-07
    3.4060000E+00    5.8310126E-07
    3.4100000E+00    5.6815530E-07
    3.4140000E+00    5.5361468E-07
    3.4180000E+00    5.3946885E-07
    3.4220000E+00    5.2570752E-07
    3.4260000E+00    5.1232068E-07
    3.4300000E+00    4.9929853E-07
    3.4340000E+00    4.8663154E-07
    3.4380000E+00    4.7431042E-07
    3.4420000E+00    4.6232610E-07
    3.4460000E+00    4.5066974E-07
    3.4500000E+00    4.3933273E-07
    3.4540000E+00    4.2830667E-07
    3.4580000E+00    4.1758338E-07
    3.4620000E+00    4.0715485E-07
    3.4660000E+00    3.9701333E-07
    3.4700000E+00    3.8715122E-07
    3.4740000E+00    3.7756113E-07
    3.4780000E+00    3.6823586E-07
    3.4820000E+00    3.5916839E-07
    3.4860000E+00    3.5035186E-07
    3.4900000E+00    3.4177961E-07
    3.4940000E+00    3.3344515E-07
    3.4980000E+00    3.2534213E-07
    3.5020000E+00    3.1746438E-07
    3.5060000E+00    3.0980589E-07
    3.5100000E+00    3.0236080E-07
    3.5140000E+00    2.9512340E-07
    3.5180000E+00    2.8808812E-07
    3.5220000E+00    2.8124954E-07
    3.5260000E+00    2.7460239E-07
    3.5300000E+00    2.6814151E-07
    3.5340000E+00    2.6186190E-07
    3.5380000E+00    2.5575866E-07
    3.5420000E+00    2.4982706E-07
    3.5460000E+00    2.4406245E-07
    3.5500000E+00    2.3846032E-07
    3.5540000E+00    2.3301627E-07
    3.5580000E+00    2.2772603E-07
    3.5620000E+00    2.2258543E-07
    3.5660000E+00    2.1759040E-07
    3.5700000E+00    2.1273700E-07
    3.5740000E+00    2.0802136E-07
    3.5780000E+00    2.0343975E-07
    3.5820000E+00    1.9898851E-07
    3.5860000E+00    1.9466409E-07
    3.5900000E+00    1.9046302E-07
    3.5940000E+00    1.8638194E-07
    3.5980000E+00    1.8241756E-07
    3.6020000E+00    1.7856669E-07
    3.6060000E+00    1.7482623E-07
    3.6100000E+00    1.7119314E-07
    3.6140000E+00    1.6766448E-07
    3.6180000E+00    1.6423738E-07
    3.6220000E+00    1.6090905E-07
    3.6260000E+00    1.5767677E-07
    3.6300000E+00    1.5453790E-07
    3.6340000E+00    1.5148987E-07
    3.6380000E+00    1.4853017E-07
    3.6420000E+00    1.4565637E-07
    3.6460000E+00    1.4286610E-07
    3.6500000E+00    1.4015704E-07
    3.6540000E+00    1.3752695E-07
    3.6580000E+00    1.3497366E-07
    3.6620000E+00    1.3249503E-07
    3.6660000E+00    1.3008900E-07
    3.6700000E+00    1.2775357E-07
    3.6740000E+00    1.2548676E-07
    3.6780000E+00    1.2328669E-07
    3.6820000E+00    1.2115151E-07
    3.6860000E+00    1.1907940E-07
    3.6900000E+00    1.1706864E-07
    3.6940000E+00    1.1511751E-07
    3.6980000E+00    1.1322436E-07
    3.7020000E+00    1.1138758E-07
    3.7060000E+00    1.0960562E-07
    3.7100000E+00    1.0787694E-07
    3.7140000E+00    1.0620008E-07
    3.7180000E+00    1.0457360E-07
    3.7220000E+00    1.0299611E-07
    3.7260000E+00    1.0146624E-07
    3.7300000E+00    9.9982678E-08
    3.7340000E+00    9.8544149E-08
    3.7380000E+00    9.7149408E-08
    3.7420000E+00    9.5797246E-08
    3.7460000E+00    9.4486489E-08
    3.7500000E+00    9.3215998E-08
    3.7540000E+00    9.1984667E-08
    3.7580000E+00    9.0791420E-08
    3.7620000E+00    8.9635215E-08
    3.7660000E+00    8.8515039E-08
    3.7700000E+00    8.7429909E-08
    3.7740000E+00    8.6378870E-08
    3.7780000E+00    8.5360999E-08
    3.7820000E+00    8.4375395E-08
    3.7860000E+00    8.3421190E-08
    3.7900000E+00    8.2497536E-08
    3.7940000E+00    8.1603617E-08
    3.7980000E+00    8.0738636E-08
    3.8020000E+00    7.9901825E-08
    3.8060000E+00    7.9092438E-08
    3.8100000E+00    7.8309752E-08
    3.8140000E+00    7.7553068E-08
    3.8180000E+00    7.6821706E-08
    3.8220000E+00    7.6115012E-08
    3.8260000E+00    7.5432350E-08
    3.8300000E+00    7.4773106E-08
    3.8340000E+00    7.4136685E-08
    3.8380000E+00    7.3522514E-08
    3.8420000E+00    7.2930037E-08
    3.8460000E+00    7.2358717E-08
    3.8500000E+00    7.1808037E-08
    3.8540000E+00    7.1277496E-08
    3.8580000E+00    7.0766613E-08
    3.8620000E+00    7.0274922E-08
    3.8660000E+00    6.9801975E-08
    3.8700000E+00    6.9347340E-08
    3.8740000E+00    6.8910603E-08
    3.8780000E+00    6.8491362E-08
    3.8820000E+00    6.8089235E-08
    3.8860000E+00    6.7703852E-08
    3.8900000E+00    6.7334860E-08
    3.8940000E+00    6.6981919E-08
    3.8980000E+00    6.6644705E-08
    3.9020000E+00    6.6322907E-08
    3.9060000E+00    6.6016227E-08
    3.9100000E+00    6.5724384E-08
    3.9140000E+00    6.5447108E-08
    3.9180000E+00    6.5184142E-08
    3.9220000E+00    6.4935242E-08
    3.9260000E+00    6.4700179E-08
    3.9300000E+00    6.4478734E-08
    3.9340000E+00    6.4270703E-08
    3.9380000E+00    6.4075891E-08
    3.9420000E+00    6.3894118E-08
    3.9460000E+00    6.3725215E-08
    3.9500000E+00    6.3569025E-08
    3.9540000E+00    6.3425403E-08
    3.9580000E+00    6.3294215E-08
    3.9620000E+00    6.3175339E-08
    3.9660000E+00    6.3068663E-08
    3.9700000E+00    6.2974090E-08
    3.9740000E+00    6.2891530E-08
    3.9780000E+00    6.2820906E-08
    3.9820000E+00    6.2762153E-08
    3.9860000E+00    6.2715217E-08
    3.9900000E+00    6.2680052E-08
    3.9940000E+00    6.2656628E-08
    3.9980000E+00    6.2644921E-08
