# Time          5.0000E+01
# Units: Mol/kgw
    Distance        SO4--            SO164--         
    2.0000000E-03    2.7960675E-02    2.6958299E-02
    6.0000000E-03    2.7873582E-02    2.6875092E-02
    1.0000000E-02    2.7786699E-02    2.6792081E-02
    1.4000000E-02    2.7700023E-02    2.6709266E-02
    1.8000000E-02    2.7613556E-02    2.6626645E-02
    2.2000000E-02    2.7527296E-02    2.6544218E-02
    2.6000000E-02    2.7441244E-02    2.6461985E-02
    3.0000000E-02    2.7355398E-02    2.6379946E-02
    3.4000000E-02    2.7269758E-02    2.6298100E-02
    3.8000000E-02    2.7184325E-02    2.6216447E-02
    4.2000000E-02    2.7099096E-02    2.6134986E-02
    4.6000000E-02    2.7014073E-02    2.6053718E-02
    5.0000000E-02    2.6929255E-02    2.5972641E-02
    5.4000000E-02    2.6844640E-02    2.5891755E-02
    5.8000000E-02    2.6760230E-02    2.5811061E-02
    6.2000000E-02    2.6676022E-02    2.5730557E-02
    6.6000000E-02    2.6592018E-02    2.5650243E-02
    7.0000000E-02    2.6508216E-02    2.5570119E-02
    7.4000000E-02    2.6424617E-02    2.5490184E-02
    7.8000000E-02    2.6341219E-02    2.5410439E-02
    8.2000000E-02    2.6258022E-02    2.5330882E-02
    8.6000000E-02    2.6175027E-02    2.5251514E-02
    9.0000000E-02    2.6092232E-02    2.5172333E-02
    9.4000000E-02    2.6009637E-02    2.5093340E-02
    9.8000000E-02    2.5927242E-02    2.5014535E-02
    1.0200000E-01    2.5845046E-02    2.4935916E-02
    1.0600000E-01    2.5763049E-02    2.4857484E-02
    1.1000000E-01    2.5681250E-02    2.4779238E-02
    1.1400000E-01    2.5599650E-02    2.4701179E-02
    1.1800000E-01    2.5518247E-02    2.4623304E-02
    1.2200000E-01    2.5437042E-02    2.4545615E-02
    1.2600000E-01    2.5356033E-02    2.4468110E-02
    1.3000000E-01    2.5275222E-02    2.4390790E-02
    1.3400000E-01    2.5194606E-02    2.4313654E-02
    1.3800000E-01    2.5114186E-02    2.4236702E-02
    1.4200000E-01    2.5033962E-02    2.4159933E-02
    1.4600000E-01    2.4953932E-02    2.4083347E-02
    1.5000000E-01    2.4874097E-02    2.4006944E-02
    1.5400000E-01    2.4794457E-02    2.3930723E-02
    1.5800000E-01    2.4715010E-02    2.3854684E-02
    1.6200000E-01    2.4635757E-02    2.3778827E-02
    1.6600000E-01    2.4556697E-02    2.3703151E-02
    1.7000000E-01    2.4477829E-02    2.3627656E-02
    1.7400000E-01    2.4399154E-02    2.3552342E-02
    1.7800000E-01    2.4320671E-02    2.3477208E-02
    1.8200000E-01    2.4242380E-02    2.3402254E-02
    1.8600000E-01    2.4164280E-02    2.3327480E-02
    1.9000000E-01    2.4086370E-02    2.3252885E-02
    1.9400000E-01    2.4008652E-02    2.3178469E-02
    1.9800000E-01    2.3931123E-02    2.3104232E-02
    2.0200000E-01    2.3853784E-02    2.3030173E-02
    2.0600000E-01    2.3776634E-02    2.2956292E-02
    2.1000000E-01    2.3699674E-02    2.2882588E-02
    2.1400000E-01    2.3622902E-02    2.2809062E-02
    2.1800000E-01    2.3546319E-02    2.2735713E-02
    2.2200000E-01    2.3469923E-02    2.2662541E-02
    2.2600000E-01    2.3393715E-02    2.2589545E-02
    2.3000000E-01    2.3317694E-02    2.2516725E-02
    2.3400000E-01    2.3241860E-02    2.2444081E-02
    2.3800000E-01    2.3166213E-02    2.2371612E-02
    2.4200000E-01    2.3090752E-02    2.2299318E-02
    2.4600000E-01    2.3015476E-02    2.2227199E-02
    2.5000000E-01    2.2940386E-02    2.2155255E-02
    2.5400000E-01    2.2865482E-02    2.2083484E-02
    2.5800000E-01    2.2790762E-02    2.2011888E-02
    2.6200000E-01    2.2716226E-02    2.1940465E-02
    2.6600000E-01    2.2641874E-02    2.1869215E-02
    2.7000000E-01    2.2567706E-02    2.1798138E-02
    2.7400000E-01    2.2493722E-02    2.1727233E-02
    2.7800000E-01    2.2419920E-02    2.1656501E-02
    2.8200000E-01    2.2346301E-02    2.1585940E-02
    2.8600000E-01    2.2272865E-02    2.1515552E-02
    2.9000000E-01    2.2199610E-02    2.1445334E-02
    2.9400000E-01    2.2126537E-02    2.1375288E-02
    2.9800000E-01    2.2053646E-02    2.1305412E-02
    3.0200000E-01    2.1980935E-02    2.1235707E-02
    3.0600000E-01    2.1908405E-02    2.1166172E-02
    3.1000000E-01    2.1836055E-02    2.1096806E-02
    3.1400000E-01    2.1763886E-02    2.1027610E-02
    3.1800000E-01    2.1691896E-02    2.0958584E-02
    3.2200000E-01    2.1620085E-02    2.0889726E-02
    3.2600000E-01    2.1548453E-02    2.0821037E-02
    3.3000000E-01    2.1477000E-02    2.0752516E-02
    3.3400000E-01    2.1405725E-02    2.0684163E-02
    3.3800000E-01    2.1334628E-02    2.0615977E-02
    3.4200000E-01    2.1263709E-02    2.0547960E-02
    3.4600000E-01    2.1192967E-02    2.0480109E-02
    3.5000000E-01    2.1122402E-02    2.0412425E-02
    3.5400000E-01    2.1052013E-02    2.0344907E-02
    3.5800000E-01    2.0981801E-02    2.0277556E-02
    3.6200000E-01    2.0911765E-02    2.0210371E-02
    3.6600000E-01    2.0841905E-02    2.0143351E-02
    3.7000000E-01    2.0772220E-02    2.0076497E-02
    3.7400000E-01    2.0702710E-02    2.0009808E-02
    3.7800000E-01    2.0633375E-02    1.9943284E-02
    3.8200000E-01    2.0564214E-02    1.9876924E-02
    3.8600000E-01    2.0495227E-02    1.9810728E-02
    3.9000000E-01    2.0426414E-02    1.9744696E-02
    3.9400000E-01    2.0357775E-02    1.9678828E-02
    3.9800000E-01    2.0289309E-02    1.9613123E-02
    4.0200000E-01    2.0221015E-02    1.9547581E-02
    4.0600000E-01    2.0152894E-02    1.9482202E-02
    4.1000000E-01    2.0084945E-02    1.9416986E-02
    4.1400000E-01    2.0017169E-02    1.9351932E-02
    4.1800000E-01    1.9949563E-02    1.9287039E-02
    4.2200000E-01    1.9882129E-02    1.9222309E-02
    4.2600000E-01    1.9814866E-02    1.9157740E-02
    4.3000000E-01    1.9747774E-02    1.9093331E-02
    4.3400000E-01    1.9680852E-02    1.9029084E-02
    4.3800000E-01    1.9614100E-02    1.8964997E-02
    4.4200000E-01    1.9547517E-02    1.8901071E-02
    4.4600000E-01    1.9481104E-02    1.8837304E-02
    4.5000000E-01    1.9414861E-02    1.8773698E-02
    4.5400000E-01    1.9348786E-02    1.8710250E-02
    4.5800000E-01    1.9282879E-02    1.8646962E-02
    4.6200000E-01    1.9217141E-02    1.8583833E-02
    4.6600000E-01    1.9151571E-02    1.8520862E-02
    4.7000000E-01    1.9086168E-02    1.8458050E-02
    4.7400000E-01    1.9020933E-02    1.8395396E-02
    4.7800000E-01    1.8955864E-02    1.8332899E-02
    4.8200000E-01    1.8890963E-02    1.8270561E-02
    4.8600000E-01    1.8826227E-02    1.8208379E-02
    4.9000000E-01    1.8761658E-02    1.8146355E-02
    4.9400000E-01    1.8697255E-02    1.8084487E-02
    4.9800000E-01    1.8633017E-02    1.8022776E-02
    5.0200000E-01    1.8568945E-02    1.7961221E-02
    5.0600000E-01    1.8505037E-02    1.7899822E-02
    5.1000000E-01    1.8441294E-02    1.7838578E-02
    5.1400000E-01    1.8377716E-02    1.7777490E-02
    5.1800000E-01    1.8314301E-02    1.7716558E-02
    5.2200000E-01    1.8251050E-02    1.7655780E-02
    5.2600000E-01    1.8187963E-02    1.7595157E-02
    5.3000000E-01    1.8125039E-02    1.7534688E-02
    5.3400000E-01    1.8062278E-02    1.7474373E-02
    5.3800000E-01    1.7999680E-02    1.7414212E-02
    5.4200000E-01    1.7937243E-02    1.7354205E-02
    5.4600000E-01    1.7874969E-02    1.7294351E-02
    5.5000000E-01    1.7812857E-02    1.7234650E-02
    5.5400000E-01    1.7750906E-02    1.7175102E-02
    5.5800000E-01    1.7689116E-02    1.7115707E-02
    5.6200000E-01    1.7627488E-02    1.7056464E-02
    5.6600000E-01    1.7566019E-02    1.6997373E-02
    5.7000000E-01    1.7504712E-02    1.6938433E-02
    5.7400000E-01    1.7443564E-02    1.6879646E-02
    5.7800000E-01    1.7382576E-02    1.6821009E-02
    5.8200000E-01    1.7321748E-02    1.6762524E-02
    5.8600000E-01    1.7261078E-02    1.6704189E-02
    5.9000000E-01    1.7200568E-02    1.6646005E-02
    5.9400000E-01    1.7140216E-02    1.6587972E-02
    5.9800000E-01    1.7080023E-02    1.6530088E-02
    6.0200000E-01    1.7019988E-02    1.6472354E-02
    6.0600000E-01    1.6960111E-02    1.6414769E-02
    6.1000000E-01    1.6900391E-02    1.6357334E-02
    6.1400000E-01    1.6840829E-02    1.6300048E-02
    6.1800000E-01    1.6781423E-02    1.6242911E-02
    6.2200000E-01    1.6722175E-02    1.6185922E-02
    6.2600000E-01    1.6663082E-02    1.6129082E-02
    6.3000000E-01    1.6604146E-02    1.6072389E-02
    6.3400000E-01    1.6545366E-02    1.6015845E-02
    6.3800000E-01    1.6486742E-02    1.5959448E-02
    6.4200000E-01    1.6428273E-02    1.5903198E-02
    6.4600000E-01    1.6369958E-02    1.5847095E-02
    6.5000000E-01    1.6311799E-02    1.5791139E-02
    6.5400000E-01    1.6253795E-02    1.5735330E-02
    6.5800000E-01    1.6195944E-02    1.5679667E-02
    6.6200000E-01    1.6138248E-02    1.5624150E-02
    6.6600000E-01    1.6080705E-02    1.5568779E-02
    6.7000000E-01    1.6023316E-02    1.5513553E-02
    6.7400000E-01    1.5966080E-02    1.5458473E-02
    6.7800000E-01    1.5908998E-02    1.5403538E-02
    6.8200000E-01    1.5852067E-02    1.5348748E-02
    6.8600000E-01    1.5795289E-02    1.5294102E-02
    6.9000000E-01    1.5738664E-02    1.5239601E-02
    6.9400000E-01    1.5682190E-02    1.5185244E-02
    6.9800000E-01    1.5625868E-02    1.5131031E-02
    7.0200000E-01    1.5569697E-02    1.5076961E-02
    7.0600000E-01    1.5513677E-02    1.5023035E-02
    7.1000000E-01    1.5457809E-02    1.4969253E-02
    7.1400000E-01    1.5402090E-02    1.4915613E-02
    7.1800000E-01    1.5346522E-02    1.4862116E-02
    7.2200000E-01    1.5291105E-02    1.4808761E-02
    7.2600000E-01    1.5235836E-02    1.4755548E-02
    7.3000000E-01    1.5180718E-02    1.4702478E-02
    7.3400000E-01    1.5125749E-02    1.4649549E-02
    7.3800000E-01    1.5070928E-02    1.4596762E-02
    7.4200000E-01    1.5016257E-02    1.4544117E-02
    7.4600000E-01    1.4961734E-02    1.4491612E-02
    7.5000000E-01    1.4907359E-02    1.4439248E-02
    7.5400000E-01    1.4853132E-02    1.4387025E-02
    7.5800000E-01    1.4799053E-02    1.4334942E-02
    7.6200000E-01    1.4745122E-02    1.4282999E-02
    7.6600000E-01    1.4691337E-02    1.4231196E-02
    7.7000000E-01    1.4637700E-02    1.4179533E-02
    7.7400000E-01    1.4584209E-02    1.4128009E-02
    7.7800000E-01    1.4530865E-02    1.4076625E-02
    7.8200000E-01    1.4477667E-02    1.4025379E-02
    7.8600000E-01    1.4424614E-02    1.3974272E-02
    7.9000000E-01    1.4371708E-02    1.3923304E-02
    7.9400000E-01    1.4318947E-02    1.3872474E-02
    7.9800000E-01    1.4266331E-02    1.3821782E-02
    8.0200000E-01    1.4213860E-02    1.3771227E-02
    8.0600000E-01    1.4161534E-02    1.3720811E-02
    8.1000000E-01    1.4109352E-02    1.3670532E-02
    8.1400000E-01    1.4057314E-02    1.3620389E-02
    8.1800000E-01    1.4005420E-02    1.3570384E-02
    8.2200000E-01    1.3953670E-02    1.3520516E-02
    8.2600000E-01    1.3902064E-02    1.3470784E-02
    8.3000000E-01    1.3850600E-02    1.3421188E-02
    8.3400000E-01    1.3799279E-02    1.3371728E-02
    8.3800000E-01    1.3748102E-02    1.3322404E-02
    8.4200000E-01    1.3697066E-02    1.3273215E-02
    8.4600000E-01    1.3646173E-02    1.3224162E-02
    8.5000000E-01    1.3595421E-02    1.3175244E-02
    8.5400000E-01    1.3544812E-02    1.3126460E-02
    8.5800000E-01    1.3494343E-02    1.3077812E-02
    8.6200000E-01    1.3444016E-02    1.3029297E-02
    8.6600000E-01    1.3393830E-02    1.2980917E-02
    8.7000000E-01    1.3343784E-02    1.2932671E-02
    8.7400000E-01    1.3293879E-02    1.2884559E-02
    8.7800000E-01    1.3244114E-02    1.2836580E-02
    8.8200000E-01    1.3194490E-02    1.2788734E-02
    8.8600000E-01    1.3145004E-02    1.2741022E-02
    8.9000000E-01    1.3095659E-02    1.2693442E-02
    8.9400000E-01    1.3046452E-02    1.2645995E-02
    8.9800000E-01    1.2997385E-02    1.2598680E-02
    9.0200000E-01    1.2948456E-02    1.2551498E-02
    9.0600000E-01    1.2899665E-02    1.2504447E-02
    9.1000000E-01    1.2851013E-02    1.2457528E-02
    9.1400000E-01    1.2802499E-02    1.2410741E-02
    9.1800000E-01    1.2754123E-02    1.2364085E-02
    9.2200000E-01    1.2705884E-02    1.2317560E-02
    9.2600000E-01    1.2657782E-02    1.2271166E-02
    9.3000000E-01    1.2609818E-02    1.2224902E-02
    9.3400000E-01    1.2561990E-02    1.2178769E-02
    9.3800000E-01    1.2514299E-02    1.2132766E-02
    9.4200000E-01    1.2466744E-02    1.2086893E-02
    9.4600000E-01    1.2419325E-02    1.2041150E-02
    9.5000000E-01    1.2372042E-02    1.1995536E-02
    9.5400000E-01    1.2324895E-02    1.1950051E-02
    9.5800000E-01    1.2277883E-02    1.1904696E-02
    9.6200000E-01    1.2231006E-02    1.1859469E-02
    9.6600000E-01    1.2184264E-02    1.1814372E-02
    9.7000000E-01    1.2137656E-02    1.1769402E-02
    9.7400000E-01    1.2091183E-02    1.1724561E-02
    9.7800000E-01    1.2044845E-02    1.1679847E-02
    9.8200000E-01    1.1998640E-02    1.1635262E-02
    9.8600000E-01    1.1952568E-02    1.1590804E-02
    9.9000000E-01    1.1906630E-02    1.1546473E-02
    9.9400000E-01    1.1860826E-02    1.1502269E-02
    9.9800000E-01    1.1815154E-02    1.1458193E-02
    1.0020000E+00    1.1769615E-02    1.1414243E-02
    1.0060000E+00    1.1724208E-02    1.1370419E-02
    1.0100000E+00    1.1678934E-02    1.1326722E-02
    1.0140000E+00    1.1633792E-02    1.1283150E-02
    1.0180000E+00    1.1588781E-02    1.1239705E-02
    1.0220000E+00    1.1543902E-02    1.1196385E-02
    1.0260000E+00    1.1499155E-02    1.1153190E-02
    1.0300000E+00    1.1454538E-02    1.1110120E-02
    1.0340000E+00    1.1410053E-02    1.1067176E-02
    1.0380000E+00    1.1365697E-02    1.1024356E-02
    1.0420000E+00    1.1321473E-02    1.0981661E-02
    1.0460000E+00    1.1277378E-02    1.0939090E-02
    1.0500000E+00    1.1233413E-02    1.0896643E-02
    1.0540000E+00    1.1189578E-02    1.0854320E-02
    1.0580000E+00    1.1145873E-02    1.0812120E-02
    1.0620000E+00    1.1102296E-02    1.0770044E-02
    1.0660000E+00    1.1058849E-02    1.0728091E-02
    1.0700000E+00    1.1015530E-02    1.0686261E-02
    1.0740000E+00    1.0972340E-02    1.0644554E-02
    1.0780000E+00    1.0929278E-02    1.0602970E-02
    1.0820000E+00    1.0886344E-02    1.0561508E-02
    1.0860000E+00    1.0843537E-02    1.0520168E-02
    1.0900000E+00    1.0800859E-02    1.0478949E-02
    1.0940000E+00    1.0758307E-02    1.0437853E-02
    1.0980000E+00    1.0715883E-02    1.0396878E-02
    1.1020000E+00    1.0673586E-02    1.0356024E-02
    1.1060000E+00    1.0631415E-02    1.0315292E-02
    1.1100000E+00    1.0589371E-02    1.0274680E-02
    1.1140000E+00    1.0547453E-02    1.0234189E-02
    1.1180000E+00    1.0505660E-02    1.0193818E-02
    1.1220000E+00    1.0463994E-02    1.0153568E-02
    1.1260000E+00    1.0422453E-02    1.0113437E-02
    1.1300000E+00    1.0381037E-02    1.0073427E-02
    1.1340000E+00    1.0339746E-02    1.0033535E-02
    1.1380000E+00    1.0298580E-02    9.9937636E-03
    1.1420000E+00    1.0257539E-02    9.9541110E-03
    1.1460000E+00    1.0216622E-02    9.9145773E-03
    1.1500000E+00    1.0175828E-02    9.8751623E-03
    1.1540000E+00    1.0135159E-02    9.8358658E-03
    1.1580000E+00    1.0094614E-02    9.7966875E-03
    1.1620000E+00    1.0054192E-02    9.7576274E-03
    1.1660000E+00    1.0013893E-02    9.7186852E-03
    1.1700000E+00    9.9737165E-03    9.6798605E-03
    1.1740000E+00    9.9336631E-03    9.6411534E-03
    1.1780000E+00    9.8937323E-03    9.6025634E-03
    1.1820000E+00    9.8539237E-03    9.5640905E-03
    1.1860000E+00    9.8142371E-03    9.5257344E-03
    1.1900000E+00    9.7746723E-03    9.4874949E-03
    1.1940000E+00    9.7352291E-03    9.4493717E-03
    1.1980000E+00    9.6959072E-03    9.4113648E-03
    1.2020000E+00    9.6567064E-03    9.3734738E-03
    1.2060000E+00    9.6176266E-03    9.3356985E-03
    1.2100000E+00    9.5786673E-03    9.2980388E-03
    1.2140000E+00    9.5398285E-03    9.2604944E-03
    1.2180000E+00    9.5011099E-03    9.2230651E-03
    1.2220000E+00    9.4625113E-03    9.1857507E-03
    1.2260000E+00    9.4240324E-03    9.1485510E-03
    1.2300000E+00    9.3856730E-03    9.1114658E-03
    1.2340000E+00    9.3474329E-03    9.0744949E-03
    1.2380000E+00    9.3093119E-03    9.0376380E-03
    1.2420000E+00    9.2713097E-03    9.0008950E-03
    1.2460000E+00    9.2334261E-03    8.9642656E-03
    1.2500000E+00    9.1956609E-03    8.9277496E-03
    1.2540000E+00    9.1580139E-03    8.8913469E-03
    1.2580000E+00    9.1204847E-03    8.8550571E-03
    1.2620000E+00    9.0830733E-03    8.8188802E-03
    1.2660000E+00    9.0457794E-03    8.7828158E-03
    1.2700000E+00    9.0086026E-03    8.7468638E-03
    1.2740000E+00    8.9715430E-03    8.7110240E-03
    1.2780000E+00    8.9346001E-03    8.6752961E-03
    1.2820000E+00    8.8977738E-03    8.6396800E-03
    1.2860000E+00    8.8610638E-03    8.6041754E-03
    1.2900000E+00    8.8244699E-03    8.5687821E-03
    1.2940000E+00    8.7879920E-03    8.5335000E-03
    1.2980000E+00    8.7516297E-03    8.4983287E-03
    1.3020000E+00    8.7153828E-03    8.4632682E-03
    1.3060000E+00    8.6792511E-03    8.4283181E-03
    1.3100000E+00    8.6432345E-03    8.3934783E-03
    1.3140000E+00    8.6073326E-03    8.3587486E-03
    1.3180000E+00    8.5715453E-03    8.3241287E-03
    1.3220000E+00    8.5358722E-03    8.2896185E-03
    1.3260000E+00    8.5003133E-03    8.2552177E-03
    1.3300000E+00    8.4648682E-03    8.2209262E-03
    1.3340000E+00    8.4295368E-03    8.1867436E-03
    1.3380000E+00    8.3943187E-03    8.1526699E-03
    1.3420000E+00    8.3592139E-03    8.1187048E-03
    1.3460000E+00    8.3242220E-03    8.0848480E-03
    1.3500000E+00    8.2893429E-03    8.0510995E-03
    1.3540000E+00    8.2545763E-03    8.0174589E-03
    1.3580000E+00    8.2199220E-03    7.9839261E-03
    1.3620000E+00    8.1853798E-03    7.9505008E-03
    1.3660000E+00    8.1509494E-03    7.9171829E-03
    1.3700000E+00    8.1166306E-03    7.8839721E-03
    1.3740000E+00    8.0824232E-03    7.8508682E-03
    1.3780000E+00    8.0483270E-03    7.8178711E-03
    1.3820000E+00    8.0143418E-03    7.7849804E-03
    1.3860000E+00    7.9804673E-03    7.7521961E-03
    1.3900000E+00    7.9467033E-03    7.7195179E-03
    1.3940000E+00    7.9130496E-03    7.6869455E-03
    1.3980000E+00    7.8795059E-03    7.6544788E-03
    1.4020000E+00    7.8460720E-03    7.6221176E-03
    1.4060000E+00    7.8127478E-03    7.5898617E-03
    1.4100000E+00    7.7795330E-03    7.5577108E-03
    1.4140000E+00    7.7464273E-03    7.5256647E-03
    1.4180000E+00    7.7134306E-03    7.4937233E-03
    1.4220000E+00    7.6805426E-03    7.4618862E-03
    1.4260000E+00    7.6477631E-03    7.4301535E-03
    1.4300000E+00    7.6150918E-03    7.3985247E-03
    1.4340000E+00    7.5825287E-03    7.3669997E-03
    1.4380000E+00    7.5500733E-03    7.3355783E-03
    1.4420000E+00    7.5177256E-03    7.3042603E-03
    1.4460000E+00    7.4854852E-03    7.2730454E-03
    1.4500000E+00    7.4533520E-03    7.2419336E-03
    1.4540000E+00    7.4213258E-03    7.2109245E-03
    1.4580000E+00    7.3894062E-03    7.1800179E-03
    1.4620000E+00    7.3575932E-03    7.1492137E-03
    1.4660000E+00    7.3258865E-03    7.1185116E-03
    1.4700000E+00    7.2942858E-03    7.0879115E-03
    1.4740000E+00    7.2627909E-03    7.0574130E-03
    1.4780000E+00    7.2314016E-03    7.0270161E-03
    1.4820000E+00    7.2001177E-03    6.9967205E-03
    1.4860000E+00    7.1689390E-03    6.9665260E-03
    1.4900000E+00    7.1378653E-03    6.9364323E-03
    1.4940000E+00    7.1068962E-03    6.9064394E-03
    1.4980000E+00    7.0760317E-03    6.8765469E-03
    1.5020000E+00    7.0452715E-03    6.8467547E-03
    1.5060000E+00    7.0146153E-03    6.8170625E-03
    1.5100000E+00    6.9840629E-03    6.7874702E-03
    1.5140000E+00    6.9536142E-03    6.7579776E-03
    1.5180000E+00    6.9232689E-03    6.7285844E-03
    1.5220000E+00    6.8930267E-03    6.6992904E-03
    1.5260000E+00    6.8628875E-03    6.6700954E-03
    1.5300000E+00    6.8328511E-03    6.6409992E-03
    1.5340000E+00    6.8029171E-03    6.6120017E-03
    1.5380000E+00    6.7730855E-03    6.5831025E-03
    1.5420000E+00    6.7433559E-03    6.5543016E-03
    1.5460000E+00    6.7137282E-03    6.5255986E-03
    1.5500000E+00    6.6842021E-03    6.4969934E-03
    1.5540000E+00    6.6547775E-03    6.4684858E-03
    1.5580000E+00    6.6254540E-03    6.4400755E-03
    1.5620000E+00    6.5962315E-03    6.4117624E-03
    1.5660000E+00    6.5671098E-03    6.3835463E-03
    1.5700000E+00    6.5380886E-03    6.3554269E-03
    1.5740000E+00    6.5091677E-03    6.3274040E-03
    1.5780000E+00    6.4803469E-03    6.2994775E-03
    1.5820000E+00    6.4516260E-03    6.2716471E-03
    1.5860000E+00    6.4230047E-03    6.2439126E-03
    1.5900000E+00    6.3944829E-03    6.2162738E-03
    1.5940000E+00    6.3660603E-03    6.1887305E-03
    1.5980000E+00    6.3377367E-03    6.1612825E-03
    1.6020000E+00    6.3095119E-03    6.1339296E-03
    1.6060000E+00    6.2813856E-03    6.1066716E-03
    1.6100000E+00    6.2533577E-03    6.0795083E-03
    1.6140000E+00    6.2254279E-03    6.0524395E-03
    1.6180000E+00    6.1975960E-03    6.0254649E-03
    1.6220000E+00    6.1698618E-03    5.9985844E-03
    1.6260000E+00    6.1422251E-03    5.9717977E-03
    1.6300000E+00    6.1146856E-03    5.9451047E-03
    1.6340000E+00    6.0872431E-03    5.9185051E-03
    1.6380000E+00    6.0598975E-03    5.8919987E-03
    1.6420000E+00    6.0326484E-03    5.8655854E-03
    1.6460000E+00    6.0054957E-03    5.8392649E-03
    1.6500000E+00    5.9784392E-03    5.8130371E-03
    1.6540000E+00    5.9514786E-03    5.7869016E-03
    1.6580000E+00    5.9246138E-03    5.7608583E-03
    1.6620000E+00    5.8978444E-03    5.7349071E-03
    1.6660000E+00    5.8711703E-03    5.7090476E-03
    1.6700000E+00    5.8445913E-03    5.6832798E-03
    1.6740000E+00    5.8181072E-03    5.6576033E-03
    1.6780000E+00    5.7917176E-03    5.6320180E-03
    1.6820000E+00    5.7654225E-03    5.6065236E-03
    1.6860000E+00    5.7392216E-03    5.5811201E-03
    1.6900000E+00    5.7131147E-03    5.5558071E-03
    1.6940000E+00    5.6871015E-03    5.5305844E-03
    1.6980000E+00    5.6611819E-03    5.5054519E-03
    1.7020000E+00    5.6353556E-03    5.4804094E-03
    1.7060000E+00    5.6096225E-03    5.4554566E-03
    1.7100000E+00    5.5839822E-03    5.4305933E-03
    1.7140000E+00    5.5584346E-03    5.4058194E-03
    1.7180000E+00    5.5329794E-03    5.3811346E-03
    1.7220000E+00    5.5076166E-03    5.3565387E-03
    1.7260000E+00    5.4823457E-03    5.3320316E-03
    1.7300000E+00    5.4571667E-03    5.3076129E-03
    1.7340000E+00    5.4320792E-03    5.2832826E-03
    1.7380000E+00    5.4070831E-03    5.2590403E-03
    1.7420000E+00    5.3821783E-03    5.2348860E-03
    1.7460000E+00    5.3573643E-03    5.2108194E-03
    1.7500000E+00    5.3326411E-03    5.1868402E-03
    1.7540000E+00    5.3080084E-03    5.1629484E-03
    1.7580000E+00    5.2834660E-03    5.1391436E-03
    1.7620000E+00    5.2590137E-03    5.1154257E-03
    1.7660000E+00    5.2346513E-03    5.0917945E-03
    1.7700000E+00    5.2103785E-03    5.0682497E-03
    1.7740000E+00    5.1861952E-03    5.0447913E-03
    1.7780000E+00    5.1621011E-03    5.0214189E-03
    1.7820000E+00    5.1380960E-03    4.9981323E-03
    1.7860000E+00    5.1141797E-03    4.9749314E-03
    1.7900000E+00    5.0903520E-03    4.9518160E-03
    1.7940000E+00    5.0666127E-03    4.9287858E-03
    1.7980000E+00    5.0429615E-03    4.9058406E-03
    1.8020000E+00    5.0193983E-03    4.8829803E-03
    1.8060000E+00    4.9959228E-03    4.8602047E-03
    1.8100000E+00    4.9725348E-03    4.8375134E-03
    1.8140000E+00    4.9492341E-03    4.8149065E-03
    1.8180000E+00    4.9260204E-03    4.7923835E-03
    1.8220000E+00    4.9028937E-03    4.7699444E-03
    1.8260000E+00    4.8798536E-03    4.7475889E-03
    1.8300000E+00    4.8569000E-03    4.7253168E-03
    1.8340000E+00    4.8340325E-03    4.7031279E-03
    1.8380000E+00    4.8112511E-03    4.6810221E-03
    1.8420000E+00    4.7885556E-03    4.6589990E-03
    1.8460000E+00    4.7659456E-03    4.6370586E-03
    1.8500000E+00    4.7434209E-03    4.6152006E-03
    1.8540000E+00    4.7209815E-03    4.5934248E-03
    1.8580000E+00    4.6986270E-03    4.5717311E-03
    1.8620000E+00    4.6763572E-03    4.5501191E-03
    1.8660000E+00    4.6541720E-03    4.5285887E-03
    1.8700000E+00    4.6320711E-03    4.5071397E-03
    1.8740000E+00    4.6100542E-03    4.4857720E-03
    1.8780000E+00    4.5881213E-03    4.4644852E-03
    1.8820000E+00    4.5662721E-03    4.4432792E-03
    1.8860000E+00    4.5445063E-03    4.4221539E-03
    1.8900000E+00    4.5228238E-03    4.4011089E-03
    1.8940000E+00    4.5012243E-03    4.3801441E-03
    1.8980000E+00    4.4797077E-03    4.3592593E-03
    1.9020000E+00    4.4582737E-03    4.3384543E-03
    1.9060000E+00    4.4369221E-03    4.3177289E-03
    1.9100000E+00    4.4156527E-03    4.2970829E-03
    1.9140000E+00    4.3944653E-03    4.2765161E-03
    1.9180000E+00    4.3733597E-03    4.2560282E-03
    1.9220000E+00    4.3523356E-03    4.2356192E-03
    1.9260000E+00    4.3313929E-03    4.2152887E-03
    1.9300000E+00    4.3105314E-03    4.1950367E-03
    1.9340000E+00    4.2897508E-03    4.1748628E-03
    1.9380000E+00    4.2690509E-03    4.1547669E-03
    1.9420000E+00    4.2484316E-03    4.1347488E-03
    1.9460000E+00    4.2278925E-03    4.1148083E-03
    1.9500000E+00    4.2074336E-03    4.0949452E-03
    1.9540000E+00    4.1870545E-03    4.0751593E-03
    1.9580000E+00    4.1667552E-03    4.0554504E-03
    1.9620000E+00    4.1465353E-03    4.0358183E-03
    1.9660000E+00    4.1263947E-03    4.0162628E-03
    1.9700000E+00    4.1063331E-03    3.9967836E-03
    1.9740000E+00    4.0863504E-03    3.9773807E-03
    1.9780000E+00    4.0664463E-03    3.9580538E-03
    1.9820000E+00    4.0466207E-03    3.9388027E-03
    1.9860000E+00    4.0268733E-03    3.9196271E-03
    1.9900000E+00    4.0072039E-03    3.9005270E-03
    1.9940000E+00    3.9876123E-03    3.8815021E-03
    1.9980000E+00    3.9680984E-03    3.8625522E-03
    2.0020000E+00    3.9486618E-03    3.8436771E-03
    2.0060000E+00    3.9293024E-03    3.8248767E-03
    2.0100000E+00    3.9100200E-03    3.8061506E-03
    2.0140000E+00    3.8908143E-03    3.7874988E-03
    2.0180000E+00    3.8716853E-03    3.7689210E-03
    2.0220000E+00    3.8526326E-03    3.7504170E-03
    2.0260000E+00    3.8336560E-03    3.7319867E-03
    2.0300000E+00    3.8147554E-03    3.7136298E-03
    2.0340000E+00    3.7959306E-03    3.6953461E-03
    2.0380000E+00    3.7771812E-03    3.6771354E-03
    2.0420000E+00    3.7585073E-03    3.6589977E-03
    2.0460000E+00    3.7399084E-03    3.6409325E-03
    2.0500000E+00    3.7213845E-03    3.6229398E-03
    2.0540000E+00    3.7029353E-03    3.6050194E-03
    2.0580000E+00    3.6845606E-03    3.5871710E-03
    2.0620000E+00    3.6662602E-03    3.5693945E-03
    2.0660000E+00    3.6480339E-03    3.5516897E-03
    2.0700000E+00    3.6298815E-03    3.5340563E-03
    2.0740000E+00    3.6118028E-03    3.5164943E-03
    2.0780000E+00    3.5937976E-03    3.4990033E-03
    2.0820000E+00    3.5758657E-03    3.4815832E-03
    2.0860000E+00    3.5580069E-03    3.4642338E-03
    2.0900000E+00    3.5402210E-03    3.4469549E-03
    2.0940000E+00    3.5225077E-03    3.4297463E-03
    2.0980000E+00    3.5048669E-03    3.4126078E-03
    2.1020000E+00    3.4872984E-03    3.3955393E-03
    2.1060000E+00    3.4698020E-03    3.3785405E-03
    2.1100000E+00    3.4523774E-03    3.3616112E-03
    2.1140000E+00    3.4350245E-03    3.3447513E-03
    2.1180000E+00    3.4177431E-03    3.3279605E-03
    2.1220000E+00    3.4005329E-03    3.3112387E-03
    2.1260000E+00    3.3833938E-03    3.2945856E-03
    2.1300000E+00    3.3663256E-03    3.2780011E-03
    2.1340000E+00    3.3493280E-03    3.2614850E-03
    2.1380000E+00    3.3324009E-03    3.2450371E-03
    2.1420000E+00    3.3155441E-03    3.2286571E-03
    2.1460000E+00    3.2987573E-03    3.2123450E-03
    2.1500000E+00    3.2820403E-03    3.1961005E-03
    2.1540000E+00    3.2653931E-03    3.1799234E-03
    2.1580000E+00    3.2488152E-03    3.1638135E-03
    2.1620000E+00    3.2323067E-03    3.1477707E-03
    2.1660000E+00    3.2158672E-03    3.1317948E-03
    2.1700000E+00    3.1994966E-03    3.1158854E-03
    2.1740000E+00    3.1831946E-03    3.1000426E-03
    2.1780000E+00    3.1669611E-03    3.0842660E-03
    2.1820000E+00    3.1507959E-03    3.0685556E-03
    2.1860000E+00    3.1346988E-03    3.0529110E-03
    2.1900000E+00    3.1186695E-03    3.0373321E-03
    2.1940000E+00    3.1027079E-03    3.0218188E-03
    2.1980000E+00    3.0868138E-03    3.0063708E-03
    2.2020000E+00    3.0709869E-03    2.9909879E-03
    2.2060000E+00    3.0552271E-03    2.9756700E-03
    2.2100000E+00    3.0395343E-03    2.9604168E-03
    2.2140000E+00    3.0239081E-03    2.9452283E-03
    2.2180000E+00    3.0083484E-03    2.9301041E-03
    2.2220000E+00    2.9928550E-03    2.9150441E-03
    2.2260000E+00    2.9774277E-03    2.9000481E-03
    2.2300000E+00    2.9620663E-03    2.8851160E-03
    2.2340000E+00    2.9467707E-03    2.8702475E-03
    2.2380000E+00    2.9315405E-03    2.8554424E-03
    2.2420000E+00    2.9163757E-03    2.8407007E-03
    2.2460000E+00    2.9012760E-03    2.8260220E-03
    2.2500000E+00    2.8862412E-03    2.8114062E-03
    2.2540000E+00    2.8712712E-03    2.7968531E-03
    2.2580000E+00    2.8563657E-03    2.7823625E-03
    2.2620000E+00    2.8415246E-03    2.7679343E-03
    2.2660000E+00    2.8267476E-03    2.7535682E-03
    2.2700000E+00    2.8120346E-03    2.7392641E-03
    2.2740000E+00    2.7973854E-03    2.7250217E-03
    2.2780000E+00    2.7827998E-03    2.7108410E-03
    2.2820000E+00    2.7682775E-03    2.6967217E-03
    2.2860000E+00    2.7538185E-03    2.6826636E-03
    2.2900000E+00    2.7394225E-03    2.6686665E-03
    2.2940000E+00    2.7250892E-03    2.6547303E-03
    2.2980000E+00    2.7108186E-03    2.6408548E-03
    2.3020000E+00    2.6966105E-03    2.6270398E-03
    2.3060000E+00    2.6824646E-03    2.6132851E-03
    2.3100000E+00    2.6683807E-03    2.5995905E-03
    2.3140000E+00    2.6543587E-03    2.5859559E-03
    2.3180000E+00    2.6403984E-03    2.5723810E-03
    2.3220000E+00    2.6264995E-03    2.5588658E-03
    2.3260000E+00    2.6126620E-03    2.5454099E-03
    2.3300000E+00    2.5988855E-03    2.5320133E-03
    2.3340000E+00    2.5851700E-03    2.5186756E-03
    2.3380000E+00    2.5715152E-03    2.5053969E-03
    2.3420000E+00    2.5579210E-03    2.4921768E-03
    2.3460000E+00    2.5443871E-03    2.4790152E-03
    2.3500000E+00    2.5309134E-03    2.4659120E-03
    2.3540000E+00    2.5174996E-03    2.4528669E-03
    2.3580000E+00    2.5041457E-03    2.4398797E-03
    2.3620000E+00    2.4908513E-03    2.4269503E-03
    2.3660000E+00    2.4776164E-03    2.4140785E-03
    2.3700000E+00    2.4644407E-03    2.4012642E-03
    2.3740000E+00    2.4513240E-03    2.3885071E-03
    2.3780000E+00    2.4382663E-03    2.3758070E-03
    2.3820000E+00    2.4252672E-03    2.3631639E-03
    2.3860000E+00    2.4123266E-03    2.3505774E-03
    2.3900000E+00    2.3994443E-03    2.3380475E-03
    2.3940000E+00    2.3866201E-03    2.3255739E-03
    2.3980000E+00    2.3738539E-03    2.3131566E-03
    2.4020000E+00    2.3611454E-03    2.3007952E-03
    2.4060000E+00    2.3484945E-03    2.2884896E-03
    2.4100000E+00    2.3359010E-03    2.2762397E-03
    2.4140000E+00    2.3233647E-03    2.2640453E-03
    2.4180000E+00    2.3108854E-03    2.2519062E-03
    2.4220000E+00    2.2984630E-03    2.2398222E-03
    2.4260000E+00    2.2860972E-03    2.2277931E-03
    2.4300000E+00    2.2737879E-03    2.2158188E-03
    2.4340000E+00    2.2615349E-03    2.2038991E-03
    2.4380000E+00    2.2493380E-03    2.1920339E-03
    2.4420000E+00    2.2371971E-03    2.1802229E-03
    2.4460000E+00    2.2251119E-03    2.1684660E-03
    2.4500000E+00    2.2130824E-03    2.1567629E-03
    2.4540000E+00    2.2011082E-03    2.1451137E-03
    2.4580000E+00    2.1891892E-03    2.1335179E-03
    2.4620000E+00    2.1773253E-03    2.1219756E-03
    2.4660000E+00    2.1655162E-03    2.1104865E-03
    2.4700000E+00    2.1537618E-03    2.0990504E-03
    2.4740000E+00    2.1420619E-03    2.0876672E-03
    2.4780000E+00    2.1304164E-03    2.0763368E-03
    2.4820000E+00    2.1188250E-03    2.0650588E-03
    2.4860000E+00    2.1072875E-03    2.0538332E-03
    2.4900000E+00    2.0958039E-03    2.0426598E-03
    2.4940000E+00    2.0843739E-03    2.0315384E-03
    2.4980000E+00    2.0729974E-03    2.0204689E-03
    2.5020000E+00    2.0616741E-03    2.0094511E-03
    2.5060000E+00    2.0504039E-03    1.9984848E-03
    2.5100000E+00    2.0391866E-03    1.9875698E-03
    2.5140000E+00    2.0280221E-03    1.9767060E-03
    2.5180000E+00    2.0169101E-03    1.9658932E-03
    2.5220000E+00    2.0058506E-03    1.9551313E-03
    2.5260000E+00    1.9948432E-03    1.9444200E-03
    2.5300000E+00    1.9838879E-03    1.9337593E-03
    2.5340000E+00    1.9729845E-03    1.9231489E-03
    2.5380000E+00    1.9621328E-03    1.9125887E-03
    2.5420000E+00    1.9513327E-03    1.9020785E-03
    2.5460000E+00    1.9405839E-03    1.8916181E-03
    2.5500000E+00    1.9298863E-03    1.8812074E-03
    2.5540000E+00    1.9192397E-03    1.8708462E-03
    2.5580000E+00    1.9086439E-03    1.8605344E-03
    2.5620000E+00    1.8980988E-03    1.8502718E-03
    2.5660000E+00    1.8876043E-03    1.8400582E-03
    2.5700000E+00    1.8771600E-03    1.8298934E-03
    2.5740000E+00    1.8667660E-03    1.8197774E-03
    2.5780000E+00    1.8564219E-03    1.8097098E-03
    2.5820000E+00    1.8461277E-03    1.7996907E-03
    2.5860000E+00    1.8358831E-03    1.7897198E-03
    2.5900000E+00    1.8256881E-03    1.7797969E-03
    2.5940000E+00    1.8155423E-03    1.7699219E-03
    2.5980000E+00    1.8054457E-03    1.7600946E-03
    2.6020000E+00    1.7953981E-03    1.7503149E-03
    2.6060000E+00    1.7853994E-03    1.7405826E-03
    2.6100000E+00    1.7754493E-03    1.7308975E-03
    2.6140000E+00    1.7655477E-03    1.7212595E-03
    2.6180000E+00    1.7556944E-03    1.7116684E-03
    2.6220000E+00    1.7458893E-03    1.7021241E-03
    2.6260000E+00    1.7361321E-03    1.6926264E-03
    2.6300000E+00    1.7264229E-03    1.6831752E-03
    2.6340000E+00    1.7167613E-03    1.6737702E-03
    2.6380000E+00    1.7071472E-03    1.6644114E-03
    2.6420000E+00    1.6975804E-03    1.6550985E-03
    2.6460000E+00    1.6880608E-03    1.6458315E-03
    2.6500000E+00    1.6785883E-03    1.6366101E-03
    2.6540000E+00    1.6691626E-03    1.6274343E-03
    2.6580000E+00    1.6597836E-03    1.6183037E-03
    2.6620000E+00    1.6504511E-03    1.6092184E-03
    2.6660000E+00    1.6411650E-03    1.6001781E-03
    2.6700000E+00    1.6319251E-03    1.5911827E-03
    2.6740000E+00    1.6227313E-03    1.5822320E-03
    2.6780000E+00    1.6135834E-03    1.5733259E-03
    2.6820000E+00    1.6044812E-03    1.5644642E-03
    2.6860000E+00    1.5954246E-03    1.5556468E-03
    2.6900000E+00    1.5864134E-03    1.5468735E-03
    2.6940000E+00    1.5774474E-03    1.5381442E-03
    2.6980000E+00    1.5685266E-03    1.5294586E-03
    2.7020000E+00    1.5596507E-03    1.5208167E-03
    2.7060000E+00    1.5508195E-03    1.5122184E-03
    2.7100000E+00    1.5420331E-03    1.5036634E-03
    2.7140000E+00    1.5332911E-03    1.4951515E-03
    2.7180000E+00    1.5245934E-03    1.4866828E-03
    2.7220000E+00    1.5159398E-03    1.4782569E-03
    2.7260000E+00    1.5073303E-03    1.4698738E-03
    2.7300000E+00    1.4987646E-03    1.4615333E-03
    2.7340000E+00    1.4902427E-03    1.4532353E-03
    2.7380000E+00    1.4817643E-03    1.4449795E-03
    2.7420000E+00    1.4733292E-03    1.4367659E-03
    2.7460000E+00    1.4649374E-03    1.4285944E-03
    2.7500000E+00    1.4565887E-03    1.4204647E-03
    2.7540000E+00    1.4482829E-03    1.4123767E-03
    2.7580000E+00    1.4400200E-03    1.4043303E-03
    2.7620000E+00    1.4317996E-03    1.3963253E-03
    2.7660000E+00    1.4236217E-03    1.3883616E-03
    2.7700000E+00    1.4154862E-03    1.3804390E-03
    2.7740000E+00    1.4073928E-03    1.3725574E-03
    2.7780000E+00    1.3993415E-03    1.3647166E-03
    2.7820000E+00    1.3913320E-03    1.3569166E-03
    2.7860000E+00    1.3833643E-03    1.3491571E-03
    2.7900000E+00    1.3754381E-03    1.3414380E-03
    2.7940000E+00    1.3675534E-03    1.3337591E-03
    2.7980000E+00    1.3597100E-03    1.3261205E-03
    2.8020000E+00    1.3519077E-03    1.3185217E-03
    2.8060000E+00    1.3441464E-03    1.3109629E-03
    2.8100000E+00    1.3364260E-03    1.3034437E-03
    2.8140000E+00    1.3287462E-03    1.2959641E-03
    2.8180000E+00    1.3211070E-03    1.2885239E-03
    2.8220000E+00    1.3135082E-03    1.2811230E-03
    2.8260000E+00    1.3059497E-03    1.2737612E-03
    2.8300000E+00    1.2984313E-03    1.2664384E-03
    2.8340000E+00    1.2909529E-03    1.2591545E-03
    2.8380000E+00    1.2835143E-03    1.2519093E-03
    2.8420000E+00    1.2761154E-03    1.2447027E-03
    2.8460000E+00    1.2687561E-03    1.2375345E-03
    2.8500000E+00    1.2614361E-03    1.2304046E-03
    2.8540000E+00    1.2541555E-03    1.2233129E-03
    2.8580000E+00    1.2469139E-03    1.2162593E-03
    2.8620000E+00    1.2397113E-03    1.2092435E-03
    2.8660000E+00    1.2325476E-03    1.2022655E-03
    2.8700000E+00    1.2254225E-03    1.1953251E-03
    2.8740000E+00    1.2183361E-03    1.1884222E-03
    2.8780000E+00    1.2112880E-03    1.1815567E-03
    2.8820000E+00    1.2042783E-03    1.1747284E-03
    2.8860000E+00    1.1973066E-03    1.1679372E-03
    2.8900000E+00    1.1903730E-03    1.1611829E-03
    2.8940000E+00    1.1834773E-03    1.1544654E-03
    2.8980000E+00    1.1766193E-03    1.1477847E-03
    2.9020000E+00    1.1697988E-03    1.1411405E-03
    2.9060000E+00    1.1630159E-03    1.1345327E-03
    2.9100000E+00    1.1562702E-03    1.1279612E-03
    2.9140000E+00    1.1495618E-03    1.1214259E-03
    2.9180000E+00    1.1428904E-03    1.1149266E-03
    2.9220000E+00    1.1362559E-03    1.1084633E-03
    2.9260000E+00    1.1296583E-03    1.1020357E-03
    2.9300000E+00    1.1230972E-03    1.0956437E-03
    2.9340000E+00    1.1165727E-03    1.0892872E-03
    2.9380000E+00    1.1100846E-03    1.0829662E-03
    2.9420000E+00    1.1036327E-03    1.0766804E-03
    2.9460000E+00    1.0972169E-03    1.0704297E-03
    2.9500000E+00    1.0908372E-03    1.0642141E-03
    2.9540000E+00    1.0844933E-03    1.0580333E-03
    2.9580000E+00    1.0781851E-03    1.0518872E-03
    2.9620000E+00    1.0719126E-03    1.0457758E-03
    2.9660000E+00    1.0656755E-03    1.0396989E-03
    2.9700000E+00    1.0594737E-03    1.0336564E-03
    2.9740000E+00    1.0533072E-03    1.0276481E-03
    2.9780000E+00    1.0471757E-03    1.0216740E-03
    2.9820000E+00    1.0410792E-03    1.0157338E-03
    2.9860000E+00    1.0350175E-03    1.0098276E-03
    2.9900000E+00    1.0289905E-03    1.0039551E-03
    2.9940000E+00    1.0229982E-03    9.9811621E-04
    2.9980000E+00    1.0170402E-03    9.9231086E-04
    3.0020000E+00    1.0111166E-03    9.8653890E-04
    3.0060000E+00    1.0052272E-03    9.8080021E-04
    3.0100000E+00    9.9937185E-04    9.7509467E-04
    3.0140000E+00    9.9355046E-04    9.6942217E-04
    3.0180000E+00    9.8776291E-04    9.6378258E-04
    3.0220000E+00    9.8200906E-04    9.5817578E-04
    3.0260000E+00    9.7628879E-04    9.5260166E-04
    3.0300000E+00    9.7060198E-04    9.4706009E-04
    3.0340000E+00    9.6494851E-04    9.4155095E-04
    3.0380000E+00    9.5932826E-04    9.3607414E-04
    3.0420000E+00    9.5374110E-04    9.3062954E-04
    3.0460000E+00    9.4818692E-04    9.2521701E-04
    3.0500000E+00    9.4266560E-04    9.1983646E-04
    3.0540000E+00    9.3717701E-04    9.1448777E-04
    3.0580000E+00    9.3172104E-04    9.0917081E-04
    3.0620000E+00    9.2629758E-04    9.0388548E-04
    3.0660000E+00    9.2090649E-04    8.9863166E-04
    3.0700000E+00    9.1554767E-04    8.9340924E-04
    3.0740000E+00    9.1022099E-04    8.8821810E-04
    3.0780000E+00    9.0492634E-04    8.8305813E-04
    3.0820000E+00    8.9966361E-04    8.7792922E-04
    3.0860000E+00    8.9443268E-04    8.7283126E-04
    3.0900000E+00    8.8923343E-04    8.6776413E-04
    3.0940000E+00    8.8406574E-04    8.6272772E-04
    3.0980000E+00    8.7892952E-04    8.5772193E-04
    3.1020000E+00    8.7382463E-04    8.5274664E-04
    3.1060000E+00    8.6875097E-04    8.4780174E-04
    3.1100000E+00    8.6370842E-04    8.4288712E-04
    3.1140000E+00    8.5869687E-04    8.3800268E-04
    3.1180000E+00    8.5371622E-04    8.3314830E-04
    3.1220000E+00    8.4876634E-04    8.2832388E-04
    3.1260000E+00    8.4384713E-04    8.2352931E-04
    3.1300000E+00    8.3895847E-04    8.1876449E-04
    3.1340000E+00    8.3410026E-04    8.1402930E-04
    3.1380000E+00    8.2927239E-04    8.0932364E-04
    3.1420000E+00    8.2447475E-04    8.0464741E-04
    3.1460000E+00    8.1970722E-04    8.0000050E-04
    3.1500000E+00    8.1496971E-04    7.9538280E-04
    3.1540000E+00    8.1026210E-04    7.9079421E-04
    3.1580000E+00    8.0558429E-04    7.8623463E-04
    3.1620000E+00    8.0093617E-04    7.8170395E-04
    3.1660000E+00    7.9631762E-04    7.7720207E-04
    3.1700000E+00    7.9172856E-04    7.7272889E-04
    3.1740000E+00    7.8716887E-04    7.6828431E-04
    3.1780000E+00    7.8263845E-04    7.6386821E-04
    3.1820000E+00    7.7813719E-04    7.5948052E-04
    3.1860000E+00    7.7366499E-04    7.5512111E-04
    3.1900000E+00    7.6922174E-04    7.5078990E-04
    3.1940000E+00    7.6480735E-04    7.4648678E-04
    3.1980000E+00    7.6042171E-04    7.4221165E-04
    3.2020000E+00    7.5606472E-04    7.3796442E-04
    3.2060000E+00    7.5173628E-04    7.3374499E-04
    3.2100000E+00    7.4743628E-04    7.2955325E-04
    3.2140000E+00    7.4316463E-04    7.2538911E-04
    3.2180000E+00    7.3892123E-04    7.2125248E-04
    3.2220000E+00    7.3470597E-04    7.1714326E-04
    3.2260000E+00    7.3051876E-04    7.1306135E-04
    3.2300000E+00    7.2635950E-04    7.0900665E-04
    3.2340000E+00    7.2222809E-04    7.0497908E-04
    3.2380000E+00    7.1812443E-04    7.0097853E-04
    3.2420000E+00    7.1404843E-04    6.9700492E-04
    3.2460000E+00    7.0999999E-04    6.9305814E-04
    3.2500000E+00    7.0597902E-04    6.8913812E-04
    3.2540000E+00    7.0198541E-04    6.8524474E-04
    3.2580000E+00    6.9801908E-04    6.8137793E-04
    3.2620000E+00    6.9407992E-04    6.7753758E-04
    3.2660000E+00    6.9016785E-04    6.7372362E-04
    3.2700000E+00    6.8628277E-04    6.6993594E-04
    3.2740000E+00    6.8242459E-04    6.6617446E-04
    3.2780000E+00    6.7859322E-04    6.6243909E-04
    3.2820000E+00    6.7478855E-04    6.5872973E-04
    3.2860000E+00    6.7101051E-04    6.5504630E-04
    3.2900000E+00    6.6725900E-04    6.5138872E-04
    3.2940000E+00    6.6353393E-04    6.4775689E-04
    3.2980000E+00    6.5983521E-04    6.4415072E-04
    3.3020000E+00    6.5616275E-04    6.4057013E-04
    3.3060000E+00    6.5251645E-04    6.3701503E-04
    3.3100000E+00    6.4889624E-04    6.3348534E-04
    3.3140000E+00    6.4530203E-04    6.2998097E-04
    3.3180000E+00    6.4173372E-04    6.2650184E-04
    3.3220000E+00    6.3819123E-04    6.2304785E-04
    3.3260000E+00    6.3467447E-04    6.1961894E-04
    3.3300000E+00    6.3118336E-04    6.1621500E-04
    3.3340000E+00    6.2771780E-04    6.1283597E-04
    3.3380000E+00    6.2427772E-04    6.0948175E-04
    3.3420000E+00    6.2086304E-04    6.0615227E-04
    3.3460000E+00    6.1747365E-04    6.0284744E-04
    3.3500000E+00    6.1410949E-04    5.9956718E-04
    3.3540000E+00    6.1077047E-04    5.9631142E-04
    3.3580000E+00    6.0745651E-04    5.9308007E-04
    3.3620000E+00    6.0416752E-04    5.8987304E-04
    3.3660000E+00    6.0090342E-04    5.8669027E-04
    3.3700000E+00    5.9766413E-04    5.8353168E-04
    3.3740000E+00    5.9444957E-04    5.8039717E-04
    3.3780000E+00    5.9125966E-04    5.7728669E-04
    3.3820000E+00    5.8809432E-04    5.7420014E-04
    3.3860000E+00    5.8495348E-04    5.7113746E-04
    3.3900000E+00    5.8183704E-04    5.6809856E-04
    3.3940000E+00    5.7874494E-04    5.6508338E-04
    3.3980000E+00    5.7567710E-04    5.6209183E-04
    3.4020000E+00    5.7263343E-04    5.5912384E-04
    3.4060000E+00    5.6961387E-04    5.5617933E-04
    3.4100000E+00    5.6661833E-04    5.5325824E-04
    3.4140000E+00    5.6364674E-04    5.5036048E-04
    3.4180000E+00    5.6069903E-04    5.4748599E-04
    3.4220000E+00    5.5777512E-04    5.4463470E-04
    3.4260000E+00    5.5487493E-04    5.4180652E-04
    3.4300000E+00    5.5199839E-04    5.3900139E-04
    3.4340000E+00    5.4914544E-04    5.3621924E-04
    3.4380000E+00    5.4631599E-04    5.3346000E-04
    3.4420000E+00    5.4350997E-04    5.3072360E-04
    3.4460000E+00    5.4072732E-04    5.2800996E-04
    3.4500000E+00    5.3796796E-04    5.2531902E-04
    3.4540000E+00    5.3523181E-04    5.2265071E-04
    3.4580000E+00    5.3251882E-04    5.2000497E-04
    3.4620000E+00    5.2982891E-04    5.1738172E-04
    3.4660000E+00    5.2716201E-04    5.1478089E-04
    3.4700000E+00    5.2451805E-04    5.1220243E-04
    3.4740000E+00    5.2189697E-04    5.0964626E-04
    3.4780000E+00    5.1929869E-04    5.0711232E-04
    3.4820000E+00    5.1672315E-04    5.0460054E-04
    3.4860000E+00    5.1417029E-04    5.0211086E-04
    3.4900000E+00    5.1164003E-04    4.9964322E-04
    3.4940000E+00    5.0913231E-04    4.9719754E-04
    3.4980000E+00    5.0664707E-04    4.9477378E-04
    3.5020000E+00    5.0418424E-04    4.9237186E-04
    3.5060000E+00    5.0174376E-04    4.8999172E-04
    3.5100000E+00    4.9932556E-04    4.8763330E-04
    3.5140000E+00    4.9692958E-04    4.8529654E-04
    3.5180000E+00    4.9455575E-04    4.8298138E-04
    3.5220000E+00    4.9220403E-04    4.8068776E-04
    3.5260000E+00    4.8987433E-04    4.7841562E-04
    3.5300000E+00    4.8756661E-04    4.7616489E-04
    3.5340000E+00    4.8528080E-04    4.7393553E-04
    3.5380000E+00    4.8301685E-04    4.7172747E-04
    3.5420000E+00    4.8077468E-04    4.6954065E-04
    3.5460000E+00    4.7855425E-04    4.6737502E-04
    3.5500000E+00    4.7635550E-04    4.6523052E-04
    3.5540000E+00    4.7417836E-04    4.6310710E-04
    3.5580000E+00    4.7202278E-04    4.6100469E-04
    3.5620000E+00    4.6988870E-04    4.5892325E-04
    3.5660000E+00    4.6777607E-04    4.5686271E-04
    3.5700000E+00    4.6568483E-04    4.5482303E-04
    3.5740000E+00    4.6361492E-04    4.5280414E-04
    3.5780000E+00    4.6156629E-04    4.5080601E-04
    3.5820000E+00    4.5953889E-04    4.4882856E-04
    3.5860000E+00    4.5753265E-04    4.4687176E-04
    3.5900000E+00    4.5554754E-04    4.4493555E-04
    3.5940000E+00    4.5358349E-04    4.4301987E-04
    3.5980000E+00    4.5164045E-04    4.4112468E-04
    3.6020000E+00    4.4971837E-04    4.3924993E-04
    3.6060000E+00    4.4781720E-04    4.3739556E-04
    3.6100000E+00    4.4593689E-04    4.3556153E-04
    3.6140000E+00    4.4407738E-04    4.3374779E-04
    3.6180000E+00    4.4223864E-04    4.3195429E-04
    3.6220000E+00    4.4042060E-04    4.3018098E-04
    3.6260000E+00    4.3862322E-04    4.2842781E-04
    3.6300000E+00    4.3684645E-04    4.2669475E-04
    3.6340000E+00    4.3509024E-04    4.2498173E-04
    3.6380000E+00    4.3335455E-04    4.2328872E-04
    3.6420000E+00    4.3163933E-04    4.2161566E-04
    3.6460000E+00    4.2994453E-04    4.1996253E-04
    3.6500000E+00    4.2827011E-04    4.1832926E-04
    3.6540000E+00    4.2661602E-04    4.1671582E-04
    3.6580000E+00    4.2498222E-04    4.1512216E-04
    3.6620000E+00    4.2336866E-04    4.1354824E-04
    3.6660000E+00    4.2177530E-04    4.1199402E-04
    3.6700000E+00    4.2020209E-04    4.1045945E-04
    3.6740000E+00    4.1864900E-04    4.0894450E-04
    3.6780000E+00    4.1711598E-04    4.0744913E-04
    3.6820000E+00    4.1560299E-04    4.0597328E-04
    3.6860000E+00    4.1410998E-04    4.0451693E-04
    3.6900000E+00    4.1263693E-04    4.0308003E-04
    3.6940000E+00    4.1118378E-04    4.0166254E-04
    3.6980000E+00    4.0975050E-04    4.0026443E-04
    3.7020000E+00    4.0833704E-04    3.9888566E-04
    3.7060000E+00    4.0694338E-04    3.9752619E-04
    3.7100000E+00    4.0556947E-04    3.9618598E-04
    3.7140000E+00    4.0421527E-04    3.9486500E-04
    3.7180000E+00    4.0288076E-04    3.9356321E-04
    3.7220000E+00    4.0156588E-04    3.9228057E-04
    3.7260000E+00    4.0027060E-04    3.9101706E-04
    3.7300000E+00    3.9899490E-04    3.8977263E-04
    3.7340000E+00    3.9773873E-04    3.8854725E-04
    3.7380000E+00    3.9650206E-04    3.8734089E-04
    3.7420000E+00    3.9528485E-04    3.8615352E-04
    3.7460000E+00    3.9408708E-04    3.8498510E-04
    3.7500000E+00    3.9290871E-04    3.8383560E-04
    3.7540000E+00    3.9174971E-04    3.8270500E-04
    3.7580000E+00    3.9061004E-04    3.8159325E-04
    3.7620000E+00    3.8948967E-04    3.8050033E-04
    3.7660000E+00    3.8838858E-04    3.7942620E-04
    3.7700000E+00    3.8730673E-04    3.7837085E-04
    3.7740000E+00    3.8624409E-04    3.7733424E-04
    3.7780000E+00    3.8520064E-04    3.7631633E-04
    3.7820000E+00    3.8417634E-04    3.7531711E-04
    3.7860000E+00    3.8317117E-04    3.7433655E-04
    3.7900000E+00    3.8218509E-04    3.7337462E-04
    3.7940000E+00    3.8121809E-04    3.7243129E-04
    3.7980000E+00    3.8027013E-04    3.7150653E-04
    3.8020000E+00    3.7934120E-04    3.7060033E-04
    3.8060000E+00    3.7843125E-04    3.6971265E-04
    3.8100000E+00    3.7754027E-04    3.6884347E-04
    3.8140000E+00    3.7666824E-04    3.6799278E-04
    3.8180000E+00    3.7581512E-04    3.6716053E-04
    3.8220000E+00    3.7498090E-04    3.6634672E-04
    3.8260000E+00    3.7416555E-04    3.6555132E-04
    3.8300000E+00    3.7336905E-04    3.6477430E-04
    3.8340000E+00    3.7259138E-04    3.6401565E-04
    3.8380000E+00    3.7183251E-04    3.6327535E-04
    3.8420000E+00    3.7109243E-04    3.6255337E-04
    3.8460000E+00    3.7037112E-04    3.6184969E-04
    3.8500000E+00    3.6966854E-04    3.6116430E-04
    3.8540000E+00    3.6898470E-04    3.6049717E-04
    3.8580000E+00    3.6831956E-04    3.5984829E-04
    3.8620000E+00    3.6767310E-04    3.5921764E-04
    3.8660000E+00    3.6704532E-04    3.5860521E-04
    3.8700000E+00    3.6643618E-04    3.5801096E-04
    3.8740000E+00    3.6584569E-04    3.5743490E-04
    3.8780000E+00    3.6527381E-04    3.5687700E-04
    3.8820000E+00    3.6472053E-04    3.5633725E-04
    3.8860000E+00    3.6418584E-04    3.5581563E-04
    3.8900000E+00    3.6366973E-04    3.5531213E-04
    3.8940000E+00    3.6317217E-04    3.5482673E-04
    3.8980000E+00    3.6269316E-04    3.5435942E-04
    3.9020000E+00    3.6223268E-04    3.5391019E-04
    3.9060000E+00    3.6179071E-04    3.5347903E-04
    3.9100000E+00    3.6136726E-04    3.5306592E-04
    3.9140000E+00    3.6096230E-04    3.5267085E-04
    3.9180000E+00    3.6057582E-04    3.5229382E-04
    3.9220000E+00    3.6020781E-04    3.5193480E-04
    3.9260000E+00    3.5985827E-04    3.5159380E-04
    3.9300000E+00    3.5952718E-04    3.5127080E-04
    3.9340000E+00    3.5921453E-04    3.5096579E-04
    3.9380000E+00    3.5892032E-04    3.5067877E-04
    3.9420000E+00    3.5864453E-04    3.5040972E-04
    3.9460000E+00    3.5838717E-04    3.5015864E-04
    3.9500000E+00    3.5814822E-04    3.4992552E-04
    3.9540000E+00    3.5792767E-04    3.4971036E-04
    3.9580000E+00    3.5772552E-04    3.4951315E-04
    3.9620000E+00    3.5754177E-04    3.4933389E-04
    3.9660000E+00    3.5737640E-04    3.4917256E-04
    3.9700000E+00    3.5722942E-04    3.4902918E-04
    3.9740000E+00    3.5710083E-04    3.4890372E-04
    3.9780000E+00    3.5699060E-04    3.4879619E-04
    3.9820000E+00    3.5689876E-04    3.4870659E-04
    3.9860000E+00    3.5682528E-04    3.4863491E-04
    3.9900000E+00    3.5677018E-04    3.4858115E-04
    3.9940000E+00    3.5673344E-04    3.4854531E-04
    3.9980000E+00    3.5671508E-04    3.4852739E-04
