# Time          1.0000E+01
# Units: Mol/kgw
    Distance        SO4--            SO164--         
    2.0000000E-03    2.7932817E-02    2.6931252E-02
    6.0000000E-03    2.7790009E-02    2.6793954E-02
    1.0000000E-02    2.7647414E-02    2.6656856E-02
    1.4000000E-02    2.7505035E-02    2.6519960E-02
    1.8000000E-02    2.7362875E-02    2.6383268E-02
    2.2000000E-02    2.7220936E-02    2.6246785E-02
    2.6000000E-02    2.7079222E-02    2.6110512E-02
    3.0000000E-02    2.6937734E-02    2.5974452E-02
    3.4000000E-02    2.6796476E-02    2.5838609E-02
    3.8000000E-02    2.6655450E-02    2.5702983E-02
    4.2000000E-02    2.6514660E-02    2.5567579E-02
    4.6000000E-02    2.6374107E-02    2.5432399E-02
    5.0000000E-02    2.6233796E-02    2.5297446E-02
    5.4000000E-02    2.6093727E-02    2.5162722E-02
    5.8000000E-02    2.5953906E-02    2.5028231E-02
    6.2000000E-02    2.5814333E-02    2.4893974E-02
    6.6000000E-02    2.5675011E-02    2.4759954E-02
    7.0000000E-02    2.5535945E-02    2.4626175E-02
    7.4000000E-02    2.5397135E-02    2.4492639E-02
    7.8000000E-02    2.5258585E-02    2.4359348E-02
    8.2000000E-02    2.5120299E-02    2.4226305E-02
    8.6000000E-02    2.4982277E-02    2.4093514E-02
    9.0000000E-02    2.4844524E-02    2.3960975E-02
    9.4000000E-02    2.4707041E-02    2.3828694E-02
    9.8000000E-02    2.4569832E-02    2.3696671E-02
    1.0200000E-01    2.4432900E-02    2.3564909E-02
    1.0600000E-01    2.4296246E-02    2.3433412E-02
    1.1000000E-01    2.4159874E-02    2.3302181E-02
    1.1400000E-01    2.4023786E-02    2.3171220E-02
    1.1800000E-01    2.3887985E-02    2.3040531E-02
    1.2200000E-01    2.3752474E-02    2.2910116E-02
    1.2600000E-01    2.3617255E-02    2.2779979E-02
    1.3000000E-01    2.3482331E-02    2.2650121E-02
    1.3400000E-01    2.3347704E-02    2.2520546E-02
    1.3800000E-01    2.3213378E-02    2.2391256E-02
    1.4200000E-01    2.3079354E-02    2.2262253E-02
    1.4600000E-01    2.2945636E-02    2.2133541E-02
    1.5000000E-01    2.2812226E-02    2.2005121E-02
    1.5400000E-01    2.2679126E-02    2.1876996E-02
    1.5800000E-01    2.2546340E-02    2.1749169E-02
    1.6200000E-01    2.2413869E-02    2.1621642E-02
    1.6600000E-01    2.2281717E-02    2.1494418E-02
    1.7000000E-01    2.2149885E-02    2.1367498E-02
    1.7400000E-01    2.2018376E-02    2.1240887E-02
    1.7800000E-01    2.1887194E-02    2.1114585E-02
    1.8200000E-01    2.1756339E-02    2.0988596E-02
    1.8600000E-01    2.1625815E-02    2.0862922E-02
    1.9000000E-01    2.1495625E-02    2.0737565E-02
    1.9400000E-01    2.1365770E-02    2.0612528E-02
    1.9800000E-01    2.1236254E-02    2.0487814E-02
    2.0200000E-01    2.1107077E-02    2.0363423E-02
    2.0600000E-01    2.0978244E-02    2.0239360E-02
    2.1000000E-01    2.0849756E-02    2.0115626E-02
    2.1400000E-01    2.0721616E-02    1.9992223E-02
    2.1800000E-01    2.0593826E-02    1.9869154E-02
    2.2200000E-01    2.0466388E-02    1.9746422E-02
    2.2600000E-01    2.0339306E-02    1.9624027E-02
    2.3000000E-01    2.0212580E-02    1.9501974E-02
    2.3400000E-01    2.0086213E-02    1.9380264E-02
    2.3800000E-01    1.9960208E-02    1.9258898E-02
    2.4200000E-01    1.9834567E-02    1.9137880E-02
    2.4600000E-01    1.9709292E-02    1.9017212E-02
    2.5000000E-01    1.9584386E-02    1.8896895E-02
    2.5400000E-01    1.9459849E-02    1.8776933E-02
    2.5800000E-01    1.9335686E-02    1.8657326E-02
    2.6200000E-01    1.9211898E-02    1.8538078E-02
    2.6600000E-01    1.9088486E-02    1.8419190E-02
    2.7000000E-01    1.8965454E-02    1.8300664E-02
    2.7400000E-01    1.8842803E-02    1.8182503E-02
    2.7800000E-01    1.8720535E-02    1.8064709E-02
    2.8200000E-01    1.8598653E-02    1.7947283E-02
    2.8600000E-01    1.8477158E-02    1.7830227E-02
    2.9000000E-01    1.8356053E-02    1.7713544E-02
    2.9400000E-01    1.8235339E-02    1.7597236E-02
    2.9800000E-01    1.8115019E-02    1.7481304E-02
    3.0200000E-01    1.7995094E-02    1.7365750E-02
    3.0600000E-01    1.7875567E-02    1.7250577E-02
    3.1000000E-01    1.7756439E-02    1.7135786E-02
    3.1400000E-01    1.7637712E-02    1.7021378E-02
    3.1800000E-01    1.7519388E-02    1.6907357E-02
    3.2200000E-01    1.7401469E-02    1.6793724E-02
    3.2600000E-01    1.7283957E-02    1.6680480E-02
    3.3000000E-01    1.7166853E-02    1.6567627E-02
    3.3400000E-01    1.7050160E-02    1.6455167E-02
    3.3800000E-01    1.6933879E-02    1.6343103E-02
    3.4200000E-01    1.6818012E-02    1.6231434E-02
    3.4600000E-01    1.6702560E-02    1.6120164E-02
    3.5000000E-01    1.6587526E-02    1.6009293E-02
    3.5400000E-01    1.6472910E-02    1.5898825E-02
    3.5800000E-01    1.6358715E-02    1.5788759E-02
    3.6200000E-01    1.6244943E-02    1.5679098E-02
    3.6600000E-01    1.6131594E-02    1.5569843E-02
    3.7000000E-01    1.6018670E-02    1.5460996E-02
    3.7400000E-01    1.5906174E-02    1.5352558E-02
    3.7800000E-01    1.5794106E-02    1.5244531E-02
    3.8200000E-01    1.5682467E-02    1.5136916E-02
    3.8600000E-01    1.5571261E-02    1.5029716E-02
    3.9000000E-01    1.5460487E-02    1.4922930E-02
    3.9400000E-01    1.5350147E-02    1.4816561E-02
    3.9800000E-01    1.5240243E-02    1.4710610E-02
    4.0200000E-01    1.5130777E-02    1.4605078E-02
    4.0600000E-01    1.5021748E-02    1.4499967E-02
    4.1000000E-01    1.4913159E-02    1.4395278E-02
    4.1400000E-01    1.4805012E-02    1.4291012E-02
    4.1800000E-01    1.4697306E-02    1.4187170E-02
    4.2200000E-01    1.4590044E-02    1.4083755E-02
    4.2600000E-01    1.4483227E-02    1.3980766E-02
    4.3000000E-01    1.4376856E-02    1.3878205E-02
    4.3400000E-01    1.4270932E-02    1.3776074E-02
    4.3800000E-01    1.4165456E-02    1.3674372E-02
    4.4200000E-01    1.4060430E-02    1.3573103E-02
    4.4600000E-01    1.3955854E-02    1.3472266E-02
    4.5000000E-01    1.3851730E-02    1.3371862E-02
    4.5400000E-01    1.3748058E-02    1.3271893E-02
    4.5800000E-01    1.3644839E-02    1.3172360E-02
    4.6200000E-01    1.3542076E-02    1.3073264E-02
    4.6600000E-01    1.3439767E-02    1.2974605E-02
    4.7000000E-01    1.3337915E-02    1.2876384E-02
    4.7400000E-01    1.3236521E-02    1.2778603E-02
    4.7800000E-01    1.3135584E-02    1.2681262E-02
    4.8200000E-01    1.3035107E-02    1.2584362E-02
    4.8600000E-01    1.2935089E-02    1.2487904E-02
    4.9000000E-01    1.2835532E-02    1.2391888E-02
    4.9400000E-01    1.2736437E-02    1.2296316E-02
    4.9800000E-01    1.2637804E-02    1.2201188E-02
    5.0200000E-01    1.2539633E-02    1.2106506E-02
    5.0600000E-01    1.2441926E-02    1.2012268E-02
    5.1000000E-01    1.2344683E-02    1.1918477E-02
    5.1400000E-01    1.2247906E-02    1.1825133E-02
    5.1800000E-01    1.2151593E-02    1.1732236E-02
    5.2200000E-01    1.2055747E-02    1.1639787E-02
    5.2600000E-01    1.1960367E-02    1.1547787E-02
    5.3000000E-01    1.1865454E-02    1.1456236E-02
    5.3400000E-01    1.1771008E-02    1.1365134E-02
    5.3800000E-01    1.1677031E-02    1.1274483E-02
    5.4200000E-01    1.1583522E-02    1.1184282E-02
    5.4600000E-01    1.1490482E-02    1.1094532E-02
    5.5000000E-01    1.1397912E-02    1.1005234E-02
    5.5400000E-01    1.1305811E-02    1.0916387E-02
    5.5800000E-01    1.1214180E-02    1.0827992E-02
    5.6200000E-01    1.1123019E-02    1.0740050E-02
    5.6600000E-01    1.1032329E-02    1.0652561E-02
    5.7000000E-01    1.0942109E-02    1.0565524E-02
    5.7400000E-01    1.0852361E-02    1.0478940E-02
    5.7800000E-01    1.0763084E-02    1.0392810E-02
    5.8200000E-01    1.0674278E-02    1.0307134E-02
    5.8600000E-01    1.0585944E-02    1.0221911E-02
    5.9000000E-01    1.0498081E-02    1.0137142E-02
    5.9400000E-01    1.0410691E-02    1.0052827E-02
    5.9800000E-01    1.0323772E-02    9.9689662E-03
    6.0200000E-01    1.0237325E-02    9.8855594E-03
    6.0600000E-01    1.0151349E-02    9.8026069E-03
    6.1000000E-01    1.0065846E-02    9.7201085E-03
    6.1400000E-01    9.9808146E-03    9.6380643E-03
    6.1800000E-01    9.8962549E-03    9.5564742E-03
    6.2200000E-01    9.8121668E-03    9.4753381E-03
    6.2600000E-01    9.7285503E-03    9.3946560E-03
    6.3000000E-01    9.6454053E-03    9.3144277E-03
    6.3400000E-01    9.5627315E-03    9.2346532E-03
    6.3800000E-01    9.4805287E-03    9.1553321E-03
    6.4200000E-01    9.3987968E-03    9.0764644E-03
    6.4600000E-01    9.3175355E-03    8.9980498E-03
    6.5000000E-01    9.2367446E-03    8.9200881E-03
    6.5400000E-01    9.1564237E-03    8.8425791E-03
    6.5800000E-01    9.0765725E-03    8.7655223E-03
    6.6200000E-01    8.9971907E-03    8.6889176E-03
    6.6600000E-01    8.9182779E-03    8.6127646E-03
    6.7000000E-01    8.8398338E-03    8.5370629E-03
    6.7400000E-01    8.7618579E-03    8.4618121E-03
    6.7800000E-01    8.6843497E-03    8.3870119E-03
    6.8200000E-01    8.6073089E-03    8.3126617E-03
    6.8600000E-01    8.5307349E-03    8.2387612E-03
    6.9000000E-01    8.4546272E-03    8.1653099E-03
    6.9400000E-01    8.3789852E-03    8.0923073E-03
    6.9800000E-01    8.3038085E-03    8.0197528E-03
    7.0200000E-01    8.2290965E-03    7.9476459E-03
    7.0600000E-01    8.1548485E-03    7.8759860E-03
    7.1000000E-01    8.0810639E-03    7.8047726E-03
    7.1400000E-01    8.0077420E-03    7.7340050E-03
    7.1800000E-01    7.9348822E-03    7.6636827E-03
    7.2200000E-01    7.8624839E-03    7.5938048E-03
    7.2600000E-01    7.7905462E-03    7.5243709E-03
    7.3000000E-01    7.7190684E-03    7.4553801E-03
    7.3400000E-01    7.6480498E-03    7.3868317E-03
    7.3800000E-01    7.5774896E-03    7.3187250E-03
    7.4200000E-01    7.5073869E-03    7.2510593E-03
    7.4600000E-01    7.4377410E-03    7.1838338E-03
    7.5000000E-01    7.3685511E-03    7.1170476E-03
    7.5400000E-01    7.2998161E-03    7.0506999E-03
    7.5800000E-01    7.2315353E-03    6.9847899E-03
    7.6200000E-01    7.1637077E-03    6.9193167E-03
    7.6600000E-01    7.0963325E-03    6.8542794E-03
    7.7000000E-01    7.0294085E-03    6.7896772E-03
    7.7400000E-01    6.9629350E-03    6.7255090E-03
    7.7800000E-01    6.8969108E-03    6.6617740E-03
    7.8200000E-01    6.8313350E-03    6.5984712E-03
    7.8600000E-01    6.7662066E-03    6.5355996E-03
    7.9000000E-01    6.7015244E-03    6.4731582E-03
    7.9400000E-01    6.6372875E-03    6.4111459E-03
    7.9800000E-01    6.5734946E-03    6.3495618E-03
    8.0200000E-01    6.5101448E-03    6.2884048E-03
    8.0600000E-01    6.4472369E-03    6.2276738E-03
    8.1000000E-01    6.3847697E-03    6.1673677E-03
    8.1400000E-01    6.3227422E-03    6.1074854E-03
    8.1800000E-01    6.2611530E-03    6.0480257E-03
    8.2200000E-01    6.2000010E-03    5.9889876E-03
    8.2600000E-01    6.1392850E-03    5.9303699E-03
    8.3000000E-01    6.0790037E-03    5.8721713E-03
    8.3400000E-01    6.0191559E-03    5.8143907E-03
    8.3800000E-01    5.9597404E-03    5.7570268E-03
    8.4200000E-01    5.9007557E-03    5.7000785E-03
    8.4600000E-01    5.8422008E-03    5.6435445E-03
    8.5000000E-01    5.7840741E-03    5.5874235E-03
    8.5400000E-01    5.7263744E-03    5.5317143E-03
    8.5800000E-01    5.6691004E-03    5.4764155E-03
    8.6200000E-01    5.6122506E-03    5.4215258E-03
    8.6600000E-01    5.5558237E-03    5.3670440E-03
    8.7000000E-01    5.4998183E-03    5.3129687E-03
    8.7400000E-01    5.4442330E-03    5.2592985E-03
    8.7800000E-01    5.3890663E-03    5.2060320E-03
    8.8200000E-01    5.3343168E-03    5.1531679E-03
    8.8600000E-01    5.2799831E-03    5.1007048E-03
    8.9000000E-01    5.2260637E-03    5.0486413E-03
    8.9400000E-01    5.1725570E-03    4.9969759E-03
    8.9800000E-01    5.1194616E-03    4.9457073E-03
    9.0200000E-01    5.0667761E-03    4.8948339E-03
    9.0600000E-01    5.0144988E-03    4.8443543E-03
    9.1000000E-01    4.9626282E-03    4.7942670E-03
    9.1400000E-01    4.9111628E-03    4.7445706E-03
    9.1800000E-01    4.8601010E-03    4.6952634E-03
    9.2200000E-01    4.8094412E-03    4.6463442E-03
    9.2600000E-01    4.7591819E-03    4.5978112E-03
    9.3000000E-01    4.7093214E-03    4.5496629E-03
    9.3400000E-01    4.6598581E-03    4.5018979E-03
    9.3800000E-01    4.6107905E-03    4.4545146E-03
    9.4200000E-01    4.5621169E-03    4.4075113E-03
    9.4600000E-01    4.5138356E-03    4.3608865E-03
    9.5000000E-01    4.4659449E-03    4.3146387E-03
    9.5400000E-01    4.4184433E-03    4.2687662E-03
    9.5800000E-01    4.3713290E-03    4.2232673E-03
    9.6200000E-01    4.3246004E-03    4.1781406E-03
    9.6600000E-01    4.2782557E-03    4.1333843E-03
    9.7000000E-01    4.2322933E-03    4.0889968E-03
    9.7400000E-01    4.1867114E-03    4.0449765E-03
    9.7800000E-01    4.1415083E-03    4.0013216E-03
    9.8200000E-01    4.0966822E-03    3.9580306E-03
    9.8600000E-01    4.0522315E-03    3.9151018E-03
    9.9000000E-01    4.0081544E-03    3.8725335E-03
    9.9400000E-01    3.9644491E-03    3.8303239E-03
    9.9800000E-01    3.9211139E-03    3.7884714E-03
    1.0020000E+00    3.8781469E-03    3.7469743E-03
    1.0060000E+00    3.8355464E-03    3.7058308E-03
    1.0100000E+00    3.7933106E-03    3.6650393E-03
    1.0140000E+00    3.7514377E-03    3.6245980E-03
    1.0180000E+00    3.7099259E-03    3.5845052E-03
    1.0220000E+00    3.6687734E-03    3.5447591E-03
    1.0260000E+00    3.6279784E-03    3.5053579E-03
    1.0300000E+00    3.5875390E-03    3.4663000E-03
    1.0340000E+00    3.5474534E-03    3.4275835E-03
    1.0380000E+00    3.5077198E-03    3.3892068E-03
    1.0420000E+00    3.4683363E-03    3.3511679E-03
    1.0460000E+00    3.4293011E-03    3.3134652E-03
    1.0500000E+00    3.3906124E-03    3.2760969E-03
    1.0540000E+00    3.3522682E-03    3.2390611E-03
    1.0580000E+00    3.3142667E-03    3.2023560E-03
    1.0620000E+00    3.2766060E-03    3.1659800E-03
    1.0660000E+00    3.2392843E-03    3.1299311E-03
    1.0700000E+00    3.2022997E-03    3.0942076E-03
    1.0740000E+00    3.1656503E-03    3.0588076E-03
    1.0780000E+00    3.1293343E-03    3.0237293E-03
    1.0820000E+00    3.0933496E-03    2.9889710E-03
    1.0860000E+00    3.0576945E-03    2.9545308E-03
    1.0900000E+00    3.0223671E-03    2.9204068E-03
    1.0940000E+00    2.9873654E-03    2.8865973E-03
    1.0980000E+00    2.9526876E-03    2.8531004E-03
    1.1020000E+00    2.9183317E-03    2.8199142E-03
    1.1060000E+00    2.8842958E-03    2.7870370E-03
    1.1100000E+00    2.8505781E-03    2.7544669E-03
    1.1140000E+00    2.8171765E-03    2.7222021E-03
    1.1180000E+00    2.7840893E-03    2.6902406E-03
    1.1220000E+00    2.7513145E-03    2.6585808E-03
    1.1260000E+00    2.7188502E-03    2.6272206E-03
    1.1300000E+00    2.6866944E-03    2.5961584E-03
    1.1340000E+00    2.6548452E-03    2.5653922E-03
    1.1380000E+00    2.6233008E-03    2.5349201E-03
    1.1420000E+00    2.5920592E-03    2.5047404E-03
    1.1460000E+00    2.5611184E-03    2.4748512E-03
    1.1500000E+00    2.5304767E-03    2.4452506E-03
    1.1540000E+00    2.5001319E-03    2.4159367E-03
    1.1580000E+00    2.4700823E-03    2.3869078E-03
    1.1620000E+00    2.4403259E-03    2.3581620E-03
    1.1660000E+00    2.4108607E-03    2.3296974E-03
    1.1700000E+00    2.3816849E-03    2.3015122E-03
    1.1740000E+00    2.3527966E-03    2.2736044E-03
    1.1780000E+00    2.3241937E-03    2.2459724E-03
    1.1820000E+00    2.2958745E-03    2.2186142E-03
    1.1860000E+00    2.2678369E-03    2.1915279E-03
    1.1900000E+00    2.2400791E-03    2.1647118E-03
    1.1940000E+00    2.2125992E-03    2.1381640E-03
    1.1980000E+00    2.1853952E-03    2.1118826E-03
    1.2020000E+00    2.1584653E-03    2.0858658E-03
    1.2060000E+00    2.1318074E-03    2.0601118E-03
    1.2100000E+00    2.1054198E-03    2.0346187E-03
    1.2140000E+00    2.0793005E-03    2.0093847E-03
    1.2180000E+00    2.0534476E-03    1.9844079E-03
    1.2220000E+00    2.0278592E-03    1.9596865E-03
    1.2260000E+00    2.0025335E-03    1.9352188E-03
    1.2300000E+00    1.9774684E-03    1.9110027E-03
    1.2340000E+00    1.9526622E-03    1.8870367E-03
    1.2380000E+00    1.9281129E-03    1.8633187E-03
    1.2420000E+00    1.9038187E-03    1.8398471E-03
    1.2460000E+00    1.8797777E-03    1.8166200E-03
    1.2500000E+00    1.8559880E-03    1.7936355E-03
    1.2540000E+00    1.8324477E-03    1.7708919E-03
    1.2580000E+00    1.8091550E-03    1.7483874E-03
    1.2620000E+00    1.7861079E-03    1.7261201E-03
    1.2660000E+00    1.7633047E-03    1.7040884E-03
    1.2700000E+00    1.7407435E-03    1.6822903E-03
    1.2740000E+00    1.7184224E-03    1.6607241E-03
    1.2780000E+00    1.6963396E-03    1.6393880E-03
    1.2820000E+00    1.6744932E-03    1.6182803E-03
    1.2860000E+00    1.6528814E-03    1.5973991E-03
    1.2900000E+00    1.6315024E-03    1.5767427E-03
    1.2940000E+00    1.6103543E-03    1.5563093E-03
    1.2980000E+00    1.5894353E-03    1.5360973E-03
    1.3020000E+00    1.5687436E-03    1.5161047E-03
    1.3060000E+00    1.5482774E-03    1.4963299E-03
    1.3100000E+00    1.5280348E-03    1.4767711E-03
    1.3140000E+00    1.5080141E-03    1.4574266E-03
    1.3180000E+00    1.4882135E-03    1.4382946E-03
    1.3220000E+00    1.4686312E-03    1.4193735E-03
    1.3260000E+00    1.4492653E-03    1.4006615E-03
    1.3300000E+00    1.4301142E-03    1.3821568E-03
    1.3340000E+00    1.4111760E-03    1.3638578E-03
    1.3380000E+00    1.3924490E-03    1.3457628E-03
    1.3420000E+00    1.3739314E-03    1.3278701E-03
    1.3460000E+00    1.3556215E-03    1.3101779E-03
    1.3500000E+00    1.3375175E-03    1.2926846E-03
    1.3540000E+00    1.3196176E-03    1.2753886E-03
    1.3580000E+00    1.3019202E-03    1.2582880E-03
    1.3620000E+00    1.2844235E-03    1.2413814E-03
    1.3660000E+00    1.2671258E-03    1.2246669E-03
    1.3700000E+00    1.2500254E-03    1.2081430E-03
    1.3740000E+00    1.2331205E-03    1.1918080E-03
    1.3780000E+00    1.2164095E-03    1.1756603E-03
    1.3820000E+00    1.1998907E-03    1.1596982E-03
    1.3860000E+00    1.1835624E-03    1.1439201E-03
    1.3900000E+00    1.1674228E-03    1.1283244E-03
    1.3940000E+00    1.1514705E-03    1.1129095E-03
    1.3980000E+00    1.1357036E-03    1.0976737E-03
    1.4020000E+00    1.1201205E-03    1.0826155E-03
    1.4060000E+00    1.1047196E-03    1.0677333E-03
    1.4100000E+00    1.0894993E-03    1.0530255E-03
    1.4140000E+00    1.0744579E-03    1.0384905E-03
    1.4180000E+00    1.0595937E-03    1.0241268E-03
    1.4220000E+00    1.0449052E-03    1.0099327E-03
    1.4260000E+00    1.0303907E-03    9.9590678E-04
    1.4300000E+00    1.0160487E-03    9.8204745E-04
    1.4340000E+00    1.0018776E-03    9.6835317E-04
    1.4380000E+00    9.8787569E-04    9.5482242E-04
    1.4420000E+00    9.7404151E-04    9.4145367E-04
    1.4460000E+00    9.6037346E-04    9.2824541E-04
    1.4500000E+00    9.4686997E-04    9.1519612E-04
    1.4540000E+00    9.3352949E-04    9.0230432E-04
    1.4580000E+00    9.2035049E-04    8.8956850E-04
    1.4620000E+00    9.0733142E-04    8.7698720E-04
    1.4660000E+00    8.9447076E-04    8.6455893E-04
    1.4700000E+00    8.8176699E-04    8.5228223E-04
    1.4740000E+00    8.6921859E-04    8.4015563E-04
    1.4780000E+00    8.5682407E-04    8.2817770E-04
    1.4820000E+00    8.4458194E-04    8.1634698E-04
    1.4860000E+00    8.3249071E-04    8.0466205E-04
    1.4900000E+00    8.2054890E-04    7.9312149E-04
    1.4940000E+00    8.0875505E-04    7.8172386E-04
    1.4980000E+00    7.9710769E-04    7.7046777E-04
    1.5020000E+00    7.8560539E-04    7.5935182E-04
    1.5060000E+00    7.7424669E-04    7.4837462E-04
    1.5100000E+00    7.6303018E-04    7.3753477E-04
    1.5140000E+00    7.5195441E-04    7.2683092E-04
    1.5180000E+00    7.4101799E-04    7.1626169E-04
    1.5220000E+00    7.3021950E-04    7.0582572E-04
    1.5260000E+00    7.1955755E-04    6.9552168E-04
    1.5300000E+00    7.0903075E-04    6.8534821E-04
    1.5340000E+00    6.9863772E-04    6.7530399E-04
    1.5380000E+00    6.8837709E-04    6.6538769E-04
    1.5420000E+00    6.7824751E-04    6.5559801E-04
    1.5460000E+00    6.6824761E-04    6.4593363E-04
    1.5500000E+00    6.5837607E-04    6.3639326E-04
    1.5540000E+00    6.4863153E-04    6.2697561E-04
    1.5580000E+00    6.3901269E-04    6.1767940E-04
    1.5620000E+00    6.2951822E-04    6.0850336E-04
    1.5660000E+00    6.2014683E-04    5.9944624E-04
    1.5700000E+00    6.1089720E-04    5.9050677E-04
    1.5740000E+00    6.0176805E-04    5.8168372E-04
    1.5780000E+00    5.9275811E-04    5.7297584E-04
    1.5820000E+00    5.8386610E-04    5.6438192E-04
    1.5860000E+00    5.7509077E-04    5.5590073E-04
    1.5900000E+00    5.6643085E-04    5.4753106E-04
    1.5940000E+00    5.5788511E-04    5.3927172E-04
    1.5980000E+00    5.4945232E-04    5.3112151E-04
    1.6020000E+00    5.4113125E-04    5.2307925E-04
    1.6060000E+00    5.3292068E-04    5.1514377E-04
    1.6100000E+00    5.2481941E-04    5.0731390E-04
    1.6140000E+00    5.1682623E-04    4.9958848E-04
    1.6180000E+00    5.0893997E-04    4.9196637E-04
    1.6220000E+00    5.0115944E-04    4.8444643E-04
    1.6260000E+00    4.9348348E-04    4.7702752E-04
    1.6300000E+00    4.8591091E-04    4.6970853E-04
    1.6340000E+00    4.7844059E-04    4.6248834E-04
    1.6380000E+00    4.7107138E-04    4.5536584E-04
    1.6420000E+00    4.6380214E-04    4.4833996E-04
    1.6460000E+00    4.5663175E-04    4.4140958E-04
    1.6500000E+00    4.4955908E-04    4.3457365E-04
    1.6540000E+00    4.4258304E-04    4.2783108E-04
    1.6580000E+00    4.3570252E-04    4.2118082E-04
    1.6620000E+00    4.2891644E-04    4.1462182E-04
    1.6660000E+00    4.2222371E-04    4.0815303E-04
    1.6700000E+00    4.1562326E-04    4.0177341E-04
    1.6740000E+00    4.0911403E-04    3.9548194E-04
    1.6780000E+00    4.0269498E-04    3.8927761E-04
    1.6820000E+00    3.9636504E-04    3.8315939E-04
    1.6860000E+00    3.9012318E-04    3.7712630E-04
    1.6900000E+00    3.8396839E-04    3.7117734E-04
    1.6940000E+00    3.7789963E-04    3.6531152E-04
    1.6980000E+00    3.7191590E-04    3.5952787E-04
    1.7020000E+00    3.6601620E-04    3.5382542E-04
    1.7060000E+00    3.6019953E-04    3.4820322E-04
    1.7100000E+00    3.5446492E-04    3.4266031E-04
    1.7140000E+00    3.4881138E-04    3.3719574E-04
    1.7180000E+00    3.4323795E-04    3.3180860E-04
    1.7220000E+00    3.3774367E-04    3.2649794E-04
    1.7260000E+00    3.3232760E-04    3.2126286E-04
    1.7300000E+00    3.2698878E-04    3.1610244E-04
    1.7340000E+00    3.2172629E-04    3.1101579E-04
    1.7380000E+00    3.1653921E-04    3.0600201E-04
    1.7420000E+00    3.1142661E-04    3.0106021E-04
    1.7460000E+00    3.0638759E-04    2.9618952E-04
    1.7500000E+00    3.0142126E-04    2.9138908E-04
    1.7540000E+00    2.9652672E-04    2.8665801E-04
    1.7580000E+00    2.9170308E-04    2.8199547E-04
    1.7620000E+00    2.8694948E-04    2.7740062E-04
    1.7660000E+00    2.8226505E-04    2.7287261E-04
    1.7700000E+00    2.7764893E-04    2.6841062E-04
    1.7740000E+00    2.7310027E-04    2.6401383E-04
    1.7780000E+00    2.6861823E-04    2.5968142E-04
    1.7820000E+00    2.6420198E-04    2.5541259E-04
    1.7860000E+00    2.5985068E-04    2.5120654E-04
    1.7900000E+00    2.5556354E-04    2.4706248E-04
    1.7940000E+00    2.5133972E-04    2.4297963E-04
    1.7980000E+00    2.4717844E-04    2.3895722E-04
    1.8020000E+00    2.4307889E-04    2.3499448E-04
    1.8060000E+00    2.3904030E-04    2.3109064E-04
    1.8100000E+00    2.3506188E-04    2.2724496E-04
    1.8140000E+00    2.3114287E-04    2.2345670E-04
    1.8180000E+00    2.2728250E-04    2.1972511E-04
    1.8220000E+00    2.2348001E-04    2.1604946E-04
    1.8260000E+00    2.1973466E-04    2.1242904E-04
    1.8300000E+00    2.1604571E-04    2.0886313E-04
    1.8340000E+00    2.1241243E-04    2.0535102E-04
    1.8380000E+00    2.0883409E-04    2.0189201E-04
    1.8420000E+00    2.0530998E-04    1.9848541E-04
    1.8460000E+00    2.0183938E-04    1.9513054E-04
    1.8500000E+00    1.9842159E-04    1.9182670E-04
    1.8540000E+00    1.9505592E-04    1.8857324E-04
    1.8580000E+00    1.9174168E-04    1.8536948E-04
    1.8620000E+00    1.8847819E-04    1.8221477E-04
    1.8660000E+00    1.8526477E-04    1.7910846E-04
    1.8700000E+00    1.8210076E-04    1.7604991E-04
    1.8740000E+00    1.7898549E-04    1.7303847E-04
    1.8780000E+00    1.7591833E-04    1.7007351E-04
    1.8820000E+00    1.7289861E-04    1.6715442E-04
    1.8860000E+00    1.6992571E-04    1.6428058E-04
    1.8900000E+00    1.6699898E-04    1.6145137E-04
    1.8940000E+00    1.6411782E-04    1.5866619E-04
    1.8980000E+00    1.6128159E-04    1.5592445E-04
    1.9020000E+00    1.5848969E-04    1.5322555E-04
    1.9060000E+00    1.5574151E-04    1.5056892E-04
    1.9100000E+00    1.5303646E-04    1.4795396E-04
    1.9140000E+00    1.5037394E-04    1.4538012E-04
    1.9180000E+00    1.4775337E-04    1.4284683E-04
    1.9220000E+00    1.4517418E-04    1.4035352E-04
    1.9260000E+00    1.4263578E-04    1.3789965E-04
    1.9300000E+00    1.4013762E-04    1.3548467E-04
    1.9340000E+00    1.3767913E-04    1.3310804E-04
    1.9380000E+00    1.3525977E-04    1.3076922E-04
    1.9420000E+00    1.3287899E-04    1.2846770E-04
    1.9460000E+00    1.3053625E-04    1.2620294E-04
    1.9500000E+00    1.2823101E-04    1.2397443E-04
    1.9540000E+00    1.2596275E-04    1.2178167E-04
    1.9580000E+00    1.2373094E-04    1.1962414E-04
    1.9620000E+00    1.2153508E-04    1.1750135E-04
    1.9660000E+00    1.1937464E-04    1.1541282E-04
    1.9700000E+00    1.1724914E-04    1.1335804E-04
    1.9740000E+00    1.1515806E-04    1.1133654E-04
    1.9780000E+00    1.1310093E-04    1.0934785E-04
    1.9820000E+00    1.1107724E-04    1.0739149E-04
    1.9860000E+00    1.0908653E-04    1.0546701E-04
    1.9900000E+00    1.0712832E-04    1.0357394E-04
    1.9940000E+00    1.0520214E-04    1.0171183E-04
    1.9980000E+00    1.0330752E-04    9.9880233E-05
    2.0020000E+00    1.0144402E-04    9.8078708E-05
    2.0060000E+00    9.9611173E-05    9.6306818E-05
    2.0100000E+00    9.7808538E-05    9.4564130E-05
    2.0140000E+00    9.6035673E-05    9.2850220E-05
    2.0180000E+00    9.4292142E-05    9.1164665E-05
    2.0220000E+00    9.2577516E-05    8.9507051E-05
    2.0260000E+00    9.0891370E-05    8.7876965E-05
    2.0300000E+00    8.9233283E-05    8.6274003E-05
    2.0340000E+00    8.7602841E-05    8.4697764E-05
    2.0380000E+00    8.5999634E-05    8.3147852E-05
    2.0420000E+00    8.4423259E-05    8.1623876E-05
    2.0460000E+00    8.2873317E-05    8.0125451E-05
    2.0500000E+00    8.1349411E-05    7.8652196E-05
    2.0540000E+00    7.9851155E-05    7.7203733E-05
    2.0580000E+00    7.8378162E-05    7.5779692E-05
    2.0620000E+00    7.6930054E-05    7.4379706E-05
    2.0660000E+00    7.5506456E-05    7.3003413E-05
    2.0700000E+00    7.4106998E-05    7.1650455E-05
    2.0740000E+00    7.2731314E-05    7.0320480E-05
    2.0780000E+00    7.1379045E-05    6.9013138E-05
    2.0820000E+00    7.0049835E-05    6.7728086E-05
    2.0860000E+00    6.8743331E-05    6.6464985E-05
    2.0900000E+00    6.7459189E-05    6.5223499E-05
    2.0940000E+00    6.6197064E-05    6.4003298E-05
    2.0980000E+00    6.4956620E-05    6.2804055E-05
    2.1020000E+00    6.3737524E-05    6.1625448E-05
    2.1060000E+00    6.2539445E-05    6.0467159E-05
    2.1100000E+00    6.1362061E-05    5.9328874E-05
    2.1140000E+00    6.0205050E-05    5.8210285E-05
    2.1180000E+00    5.9068096E-05    5.7111084E-05
    2.1220000E+00    5.7950888E-05    5.6030972E-05
    2.1260000E+00    5.6853117E-05    5.4969650E-05
    2.1300000E+00    5.5774481E-05    5.3926825E-05
    2.1340000E+00    5.4714680E-05    5.2902208E-05
    2.1380000E+00    5.3673417E-05    5.1895512E-05
    2.1420000E+00    5.2650403E-05    5.0906457E-05
    2.1460000E+00    5.1645348E-05    4.9934763E-05
    2.1500000E+00    5.0657970E-05    4.8980158E-05
    2.1540000E+00    4.9687989E-05    4.8042371E-05
    2.1580000E+00    4.8735128E-05    4.7121134E-05
    2.1620000E+00    4.7799116E-05    4.6216185E-05
    2.1660000E+00    4.6879684E-05    4.5327265E-05
    2.1700000E+00    4.5976567E-05    4.4454116E-05
    2.1740000E+00    4.5089505E-05    4.3596488E-05
    2.1780000E+00    4.4218239E-05    4.2754131E-05
    2.1820000E+00    4.3362516E-05    4.1926800E-05
    2.1860000E+00    4.2522086E-05    4.1114252E-05
    2.1900000E+00    4.1696701E-05    4.0316250E-05
    2.1940000E+00    4.0886118E-05    3.9532557E-05
    2.1980000E+00    4.0090098E-05    3.8762942E-05
    2.2020000E+00    3.9308404E-05    3.8007177E-05
    2.2060000E+00    3.8540802E-05    3.7265036E-05
    2.2100000E+00    3.7787063E-05    3.6536296E-05
    2.2140000E+00    3.7046959E-05    3.5820738E-05
    2.2180000E+00    3.6320269E-05    3.5118147E-05
    2.2220000E+00    3.5606770E-05    3.4428310E-05
    2.2260000E+00    3.4906247E-05    3.3751016E-05
    2.2300000E+00    3.4218485E-05    3.3086059E-05
    2.2340000E+00    3.3543273E-05    3.2433236E-05
    2.2380000E+00    3.2880404E-05    3.1792345E-05
    2.2420000E+00    3.2229672E-05    3.1163188E-05
    2.2460000E+00    3.1590877E-05    3.0545571E-05
    2.2500000E+00    3.0963819E-05    2.9939300E-05
    2.2540000E+00    3.0348302E-05    2.9344187E-05
    2.2580000E+00    2.9744133E-05    2.8760046E-05
    2.2620000E+00    2.9151122E-05    2.8186691E-05
    2.2660000E+00    2.8569081E-05    2.7623942E-05
    2.2700000E+00    2.7997826E-05    2.7071620E-05
    2.2740000E+00    2.7437174E-05    2.6529550E-05
    2.2780000E+00    2.6886948E-05    2.5997558E-05
    2.2820000E+00    2.6346969E-05    2.5475473E-05
    2.2860000E+00    2.5817064E-05    2.4963128E-05
    2.2900000E+00    2.5297061E-05    2.4460356E-05
    2.2940000E+00    2.4786793E-05    2.3966996E-05
    2.2980000E+00    2.4286093E-05    2.3482885E-05
    2.3020000E+00    2.3794796E-05    2.3007866E-05
    2.3060000E+00    2.3312743E-05    2.2541783E-05
    2.3100000E+00    2.2839773E-05    2.2084482E-05
    2.3140000E+00    2.2375731E-05    2.1635812E-05
    2.3180000E+00    2.1920463E-05    2.1195625E-05
    2.3220000E+00    2.1473817E-05    2.0763774E-05
    2.3260000E+00    2.1035643E-05    2.0340114E-05
    2.3300000E+00    2.0605796E-05    1.9924504E-05
    2.3340000E+00    2.0184129E-05    1.9516803E-05
    2.3380000E+00    1.9770502E-05    1.9116873E-05
    2.3420000E+00    1.9364772E-05    1.8724580E-05
    2.3460000E+00    1.8966803E-05    1.8339790E-05
    2.3500000E+00    1.8576457E-05    1.7962371E-05
    2.3540000E+00    1.8193602E-05    1.7592193E-05
    2.3580000E+00    1.7818106E-05    1.7229130E-05
    2.3620000E+00    1.7449839E-05    1.6873056E-05
    2.3660000E+00    1.7088673E-05    1.6523848E-05
    2.3700000E+00    1.6734482E-05    1.6181383E-05
    2.3740000E+00    1.6387144E-05    1.5845544E-05
    2.3780000E+00    1.6046536E-05    1.5516211E-05
    2.3820000E+00    1.5712538E-05    1.5193270E-05
    2.3860000E+00    1.5385033E-05    1.4876606E-05
    2.3900000E+00    1.5063905E-05    1.4566107E-05
    2.3940000E+00    1.4749040E-05    1.4261663E-05
    2.3980000E+00    1.4440324E-05    1.3963166E-05
    2.4020000E+00    1.4137649E-05    1.3670508E-05
    2.4060000E+00    1.3840905E-05    1.3383584E-05
    2.4100000E+00    1.3549985E-05    1.3102292E-05
    2.4140000E+00    1.3264783E-05    1.2826528E-05
    2.4180000E+00    1.2985198E-05    1.2556194E-05
    2.4220000E+00    1.2711125E-05    1.2291191E-05
    2.4260000E+00    1.2442467E-05    1.2031422E-05
    2.4300000E+00    1.2179123E-05    1.1776791E-05
    2.4340000E+00    1.1920997E-05    1.1527205E-05
    2.4380000E+00    1.1667994E-05    1.1282573E-05
    2.4420000E+00    1.1420020E-05    1.1042802E-05
    2.4460000E+00    1.1176982E-05    1.0807804E-05
    2.4500000E+00    1.0938790E-05    1.0577492E-05
    2.4540000E+00    1.0705355E-05    1.0351779E-05
    2.4580000E+00    1.0476589E-05    1.0130580E-05
    2.4620000E+00    1.0252406E-05    9.9138121E-06
    2.4660000E+00    1.0032721E-05    9.7013931E-06
    2.4700000E+00    9.8174507E-06    9.4932424E-06
    2.4740000E+00    9.6065128E-06    9.2892807E-06
    2.4780000E+00    9.3998268E-06    9.0894301E-06
    2.4820000E+00    9.1973136E-06    8.8936140E-06
    2.4860000E+00    8.9988951E-06    8.7017570E-06
    2.4900000E+00    8.8044948E-06    8.5137850E-06
    2.4940000E+00    8.6140374E-06    8.3296252E-06
    2.4980000E+00    8.4274488E-06    8.1492061E-06
    2.5020000E+00    8.2446561E-06    7.9724573E-06
    2.5060000E+00    8.0655880E-06    7.7993096E-06
    2.5100000E+00    7.8901741E-06    7.6296951E-06
    2.5140000E+00    7.7183453E-06    7.4635469E-06
    2.5180000E+00    7.5500336E-06    7.3007993E-06
    2.5220000E+00    7.3851723E-06    7.1413879E-06
    2.5260000E+00    7.2236958E-06    6.9852493E-06
    2.5300000E+00    7.0655397E-06    6.8323210E-06
    2.5340000E+00    6.9106405E-06    6.6825418E-06
    2.5380000E+00    6.7589360E-06    6.5358515E-06
    2.5420000E+00    6.6103651E-06    6.3921911E-06
    2.5460000E+00    6.4648677E-06    6.2515024E-06
    2.5500000E+00    6.3223846E-06    6.1137282E-06
    2.5540000E+00    6.1828579E-06    5.9788126E-06
    2.5580000E+00    6.0462306E-06    5.8467003E-06
    2.5620000E+00    5.9124466E-06    5.7173373E-06
    2.5660000E+00    5.7814510E-06    5.5906703E-06
    2.5700000E+00    5.6531897E-06    5.4666471E-06
    2.5740000E+00    5.5276096E-06    5.3452164E-06
    2.5780000E+00    5.4046585E-06    5.2263277E-06
    2.5820000E+00    5.2842853E-06    5.1099316E-06
    2.5860000E+00    5.1664397E-06    4.9959794E-06
    2.5900000E+00    5.0510721E-06    4.8844232E-06
    2.5940000E+00    4.9381341E-06    4.7752163E-06
    2.5980000E+00    4.8275781E-06    4.6683124E-06
    2.6020000E+00    4.7193572E-06    4.5636665E-06
    2.6060000E+00    4.6134255E-06    4.4612339E-06
    2.6100000E+00    4.5097377E-06    4.3609711E-06
    2.6140000E+00    4.4082497E-06    4.2628353E-06
    2.6180000E+00    4.3089179E-06    4.1667843E-06
    2.6220000E+00    4.2116995E-06    4.0727768E-06
    2.6260000E+00    4.1165526E-06    3.9807724E-06
    2.6300000E+00    4.0234361E-06    3.8907310E-06
    2.6340000E+00    3.9323094E-06    3.8026138E-06
    2.6380000E+00    3.8431329E-06    3.7163822E-06
    2.6420000E+00    3.7558676E-06    3.6319986E-06
    2.6460000E+00    3.6704752E-06    3.5494260E-06
    2.6500000E+00    3.5869182E-06    3.4686281E-06
    2.6540000E+00    3.5051598E-06    3.3895692E-06
    2.6580000E+00    3.4251637E-06    3.3122145E-06
    2.6620000E+00    3.3468945E-06    3.2365294E-06
    2.6660000E+00    3.2703173E-06    3.1624804E-06
    2.6700000E+00    3.1953978E-06    3.0900344E-06
    2.6740000E+00    3.1221025E-06    3.0191589E-06
    2.6780000E+00    3.0503985E-06    2.9498220E-06
    2.6820000E+00    2.9802535E-06    2.8819925E-06
    2.6860000E+00    2.9116356E-06    2.8156398E-06
    2.6900000E+00    2.8445139E-06    2.7507337E-06
    2.6940000E+00    2.7788577E-06    2.6872446E-06
    2.6980000E+00    2.7146370E-06    2.6251437E-06
    2.7020000E+00    2.6518226E-06    2.5644025E-06
    2.7060000E+00    2.5903854E-06    2.5049931E-06
    2.7100000E+00    2.5302973E-06    2.4468881E-06
    2.7140000E+00    2.4715304E-06    2.3900607E-06
    2.7180000E+00    2.4140576E-06    2.3344846E-06
    2.7220000E+00    2.3578521E-06    2.2801338E-06
    2.7260000E+00    2.3028876E-06    2.2269832E-06
    2.7300000E+00    2.2491385E-06    2.1750078E-06
    2.7340000E+00    2.1965796E-06    2.1241832E-06
    2.7380000E+00    2.1451862E-06    2.0744855E-06
    2.7420000E+00    2.0949339E-06    2.0258913E-06
    2.7460000E+00    2.0457990E-06    1.9783776E-06
    2.7500000E+00    1.9977581E-06    1.9319218E-06
    2.7540000E+00    1.9507885E-06    1.8865018E-06
    2.7580000E+00    1.9048676E-06    1.8420959E-06
    2.7620000E+00    1.8599734E-06    1.7986828E-06
    2.7660000E+00    1.8160845E-06    1.7562417E-06
    2.7700000E+00    1.7731795E-06    1.7147521E-06
    2.7740000E+00    1.7312378E-06    1.6741939E-06
    2.7780000E+00    1.6902391E-06    1.6345476E-06
    2.7820000E+00    1.6501634E-06    1.5957938E-06
    2.7860000E+00    1.6109911E-06    1.5579136E-06
    2.7900000E+00    1.5727032E-06    1.5208885E-06
    2.7940000E+00    1.5352808E-06    1.4847004E-06
    2.7980000E+00    1.4987054E-06    1.4493314E-06
    2.8020000E+00    1.4629592E-06    1.4147640E-06
    2.8060000E+00    1.4280243E-06    1.3809812E-06
    2.8100000E+00    1.3938834E-06    1.3479663E-06
    2.8140000E+00    1.3605196E-06    1.3157027E-06
    2.8180000E+00    1.3279161E-06    1.2841744E-06
    2.8220000E+00    1.2960567E-06    1.2533655E-06
    2.8260000E+00    1.2649253E-06    1.2232607E-06
    2.8300000E+00    1.2345063E-06    1.1938447E-06
    2.8340000E+00    1.2047843E-06    1.1651026E-06
    2.8380000E+00    1.1757442E-06    1.1370201E-06
    2.8420000E+00    1.1473713E-06    1.1095826E-06
    2.8460000E+00    1.1196511E-06    1.0827764E-06
    2.8500000E+00    1.0925696E-06    1.0565877E-06
    2.8540000E+00    1.0661127E-06    1.0310030E-06
    2.8580000E+00    1.0402669E-06    1.0060092E-06
    2.8620000E+00    1.0150188E-06    9.8159351E-07
    2.8660000E+00    9.9035551E-07    9.5774321E-07
    2.8700000E+00    9.6626414E-07    9.3444598E-07
    2.8740000E+00    9.4273217E-07    9.1168969E-07
    2.8780000E+00    9.1974736E-07    8.8946250E-07
    2.8820000E+00    8.9729767E-07    8.6775277E-07
    2.8860000E+00    8.7537134E-07    8.4654913E-07
    2.8900000E+00    8.5395684E-07    8.2584043E-07
    2.8940000E+00    8.3304288E-07    8.0561576E-07
    2.8980000E+00    8.1261840E-07    7.8586441E-07
    2.9020000E+00    7.9267257E-07    7.6657592E-07
    2.9060000E+00    7.7319479E-07    7.4774004E-07
    2.9100000E+00    7.5417467E-07    7.2934671E-07
    2.9140000E+00    7.3560204E-07    7.1138611E-07
    2.9180000E+00    7.1746693E-07    6.9384860E-07
    2.9220000E+00    6.9975961E-07    6.7672476E-07
    2.9260000E+00    6.8247051E-07    6.6000535E-07
    2.9300000E+00    6.6559030E-07    6.4368134E-07
    2.9340000E+00    6.4910981E-07    6.2774387E-07
    2.9380000E+00    6.3302009E-07    6.1218427E-07
    2.9420000E+00    6.1731237E-07    5.9699407E-07
    2.9460000E+00    6.0197805E-07    5.8216496E-07
    2.9500000E+00    5.8700872E-07    5.6768880E-07
    2.9540000E+00    5.7239617E-07    5.5355765E-07
    2.9580000E+00    5.5813233E-07    5.3976371E-07
    2.9620000E+00    5.4420931E-07    5.2629935E-07
    2.9660000E+00    5.3061940E-07    5.1315711E-07
    2.9700000E+00    5.1735505E-07    5.0032970E-07
    2.9740000E+00    5.0440886E-07    4.8780995E-07
    2.9780000E+00    4.9177359E-07    4.7559088E-07
    2.9820000E+00    4.7944216E-07    4.6366562E-07
    2.9860000E+00    4.6740765E-07    4.5202750E-07
    2.9900000E+00    4.5566327E-07    4.4066993E-07
    2.9940000E+00    4.4420239E-07    4.2958652E-07
    2.9980000E+00    4.3301850E-07    4.1877098E-07
    3.0020000E+00    4.2210527E-07    4.0821716E-07
    3.0060000E+00    4.1145647E-07    3.9791905E-07
    3.0100000E+00    4.0106602E-07    3.8787078E-07
    3.0140000E+00    3.9092797E-07    3.7806659E-07
    3.0180000E+00    3.8103650E-07    3.6850084E-07
    3.0220000E+00    3.7138591E-07    3.5916804E-07
    3.0260000E+00    3.6197063E-07    3.5006279E-07
    3.0300000E+00    3.5278520E-07    3.4117982E-07
    3.0340000E+00    3.4382431E-07    3.3251398E-07
    3.0380000E+00    3.3508273E-07    3.2406023E-07
    3.0420000E+00    3.2655536E-07    3.1581362E-07
    3.0460000E+00    3.1823721E-07    3.0776934E-07
    3.0500000E+00    3.1012340E-07    2.9992267E-07
    3.0540000E+00    3.0220916E-07    2.9226899E-07
    3.0580000E+00    2.9448983E-07    2.8480378E-07
    3.0620000E+00    2.8696083E-07    2.7752265E-07
    3.0660000E+00    2.7961770E-07    2.7042126E-07
    3.0700000E+00    2.7245608E-07    2.6349539E-07
    3.0740000E+00    2.6547170E-07    2.5674093E-07
    3.0780000E+00    2.5866038E-07    2.5015382E-07
    3.0820000E+00    2.5201805E-07    2.4373013E-07
    3.0860000E+00    2.4554071E-07    2.3746600E-07
    3.0900000E+00    2.3922446E-07    2.3135765E-07
    3.0940000E+00    2.3306549E-07    2.2540140E-07
    3.0980000E+00    2.2706007E-07    2.1959364E-07
    3.1020000E+00    2.2120456E-07    2.1393084E-07
    3.1060000E+00    2.1549538E-07    2.0840956E-07
    3.1100000E+00    2.0992905E-07    2.0302643E-07
    3.1140000E+00    2.0450218E-07    1.9777816E-07
    3.1180000E+00    1.9921142E-07    1.9266152E-07
    3.1220000E+00    1.9405354E-07    1.8767337E-07
    3.1260000E+00    1.8902534E-07    1.8281064E-07
    3.1300000E+00    1.8412372E-07    1.7807032E-07
    3.1340000E+00    1.7934564E-07    1.7344947E-07
    3.1380000E+00    1.7468813E-07    1.6894522E-07
    3.1420000E+00    1.7014830E-07    1.6455476E-07
    3.1460000E+00    1.6572330E-07    1.6027536E-07
    3.1500000E+00    1.6141036E-07    1.5610433E-07
    3.1540000E+00    1.5720679E-07    1.5203906E-07
    3.1580000E+00    1.5310992E-07    1.4807699E-07
    3.1620000E+00    1.4911718E-07    1.4421562E-07
    3.1660000E+00    1.4522605E-07    1.4045250E-07
    3.1700000E+00    1.4143405E-07    1.3678525E-07
    3.1740000E+00    1.3773877E-07    1.3321154E-07
    3.1780000E+00    1.3413786E-07    1.2972910E-07
    3.1820000E+00    1.3062902E-07    1.2633568E-07
    3.1860000E+00    1.2721000E-07    1.2302914E-07
    3.1900000E+00    1.2387861E-07    1.1980732E-07
    3.1940000E+00    1.2063269E-07    1.1666818E-07
    3.1980000E+00    1.1747015E-07    1.1360967E-07
    3.2020000E+00    1.1438896E-07    1.1062982E-07
    3.2060000E+00    1.1138710E-07    1.0772670E-07
    3.2100000E+00    1.0846263E-07    1.0489842E-07
    3.2140000E+00    1.0561364E-07    1.0214314E-07
    3.2180000E+00    1.0283827E-07    9.9459047E-08
    3.2220000E+00    1.0013470E-07    9.6844392E-08
    3.2260000E+00    9.7501148E-08    9.4297457E-08
    3.2300000E+00    9.4935890E-08    9.1816563E-08
    3.2340000E+00    9.2437229E-08    8.9400074E-08
    3.2380000E+00    9.0003510E-08    8.7046391E-08
    3.2420000E+00    8.7633121E-08    8.4753952E-08
    3.2460000E+00    8.5324484E-08    8.2521233E-08
    3.2500000E+00    8.3076061E-08    8.0346746E-08
    3.2540000E+00    8.0886348E-08    7.8229037E-08
    3.2580000E+00    7.8753879E-08    7.6166688E-08
    3.2620000E+00    7.6677222E-08    7.4158314E-08
    3.2660000E+00    7.4654979E-08    7.2202564E-08
    3.2700000E+00    7.2685784E-08    7.0298116E-08
    3.2740000E+00    7.0768307E-08    6.8443683E-08
    3.2780000E+00    6.8901245E-08    6.6638007E-08
    3.2820000E+00    6.7083331E-08    6.4879861E-08
    3.2860000E+00    6.5313324E-08    6.3168047E-08
    3.2900000E+00    6.3590017E-08    6.1501396E-08
    3.2940000E+00    6.1912229E-08    5.9878765E-08
    3.2980000E+00    6.0278807E-08    5.8299042E-08
    3.3020000E+00    5.8688629E-08    5.6761139E-08
    3.3060000E+00    5.7140597E-08    5.5263996E-08
    3.3100000E+00    5.5633641E-08    5.3806577E-08
    3.3140000E+00    5.4166716E-08    5.2387873E-08
    3.3180000E+00    5.2738804E-08    5.1006897E-08
    3.3220000E+00    5.1348909E-08    4.9662688E-08
    3.3260000E+00    4.9996061E-08    4.8354308E-08
    3.3300000E+00    4.8679314E-08    4.7080841E-08
    3.3340000E+00    4.7397744E-08    4.5841393E-08
    3.3380000E+00    4.6150450E-08    4.4635094E-08
    3.3420000E+00    4.4936552E-08    4.3461093E-08
    3.3460000E+00    4.3755193E-08    4.2318561E-08
    3.3500000E+00    4.2605537E-08    4.1206689E-08
    3.3540000E+00    4.1486767E-08    4.0124687E-08
    3.3580000E+00    4.0398088E-08    3.9071785E-08
    3.3620000E+00    3.9338722E-08    3.8047233E-08
    3.3660000E+00    3.8307912E-08    3.7050299E-08
    3.3700000E+00    3.7304921E-08    3.6080267E-08
    3.3740000E+00    3.6329026E-08    3.5136441E-08
    3.3780000E+00    3.5379526E-08    3.4218141E-08
    3.3820000E+00    3.4455735E-08    3.3324706E-08
    3.3860000E+00    3.3556985E-08    3.2455488E-08
    3.3900000E+00    3.2682625E-08    3.1609857E-08
    3.3940000E+00    3.1832018E-08    3.0787200E-08
    3.3980000E+00    3.1004546E-08    2.9986915E-08
    3.4020000E+00    3.0199604E-08    2.9208420E-08
    3.4060000E+00    2.9416602E-08    2.8451145E-08
    3.4100000E+00    2.8654967E-08    2.7714533E-08
    3.4140000E+00    2.7914139E-08    2.6998044E-08
    3.4180000E+00    2.7193571E-08    2.6301149E-08
    3.4220000E+00    2.6492731E-08    2.5623333E-08
    3.4260000E+00    2.5811101E-08    2.4964096E-08
    3.4300000E+00    2.5148174E-08    2.4322947E-08
    3.4340000E+00    2.4503457E-08    2.3699409E-08
    3.4380000E+00    2.3876470E-08    2.3093018E-08
    3.4420000E+00    2.3266744E-08    2.2503321E-08
    3.4460000E+00    2.2673822E-08    2.1929876E-08
    3.4500000E+00    2.2097260E-08    2.1372252E-08
    3.4540000E+00    2.1536623E-08    2.0830031E-08
    3.4580000E+00    2.0991488E-08    2.0302802E-08
    3.4620000E+00    2.0461444E-08    1.9790168E-08
    3.4660000E+00    1.9946090E-08    1.9291740E-08
    3.4700000E+00    1.9445033E-08    1.8807140E-08
    3.4740000E+00    1.8957892E-08    1.8335999E-08
    3.4780000E+00    1.8484296E-08    1.7877957E-08
    3.4820000E+00    1.8023883E-08    1.7432665E-08
    3.4860000E+00    1.7576300E-08    1.6999781E-08
    3.4900000E+00    1.7141203E-08    1.6578973E-08
    3.4940000E+00    1.6718257E-08    1.6169917E-08
    3.4980000E+00    1.6307137E-08    1.5772298E-08
    3.5020000E+00    1.5907523E-08    1.5385807E-08
    3.5060000E+00    1.5519107E-08    1.5010146E-08
    3.5100000E+00    1.5141587E-08    1.4645023E-08
    3.5140000E+00    1.4774669E-08    1.4290154E-08
    3.5180000E+00    1.4418067E-08    1.3945261E-08
    3.5220000E+00    1.4071501E-08    1.3610075E-08
    3.5260000E+00    1.3734701E-08    1.3284334E-08
    3.5300000E+00    1.3407402E-08    1.2967781E-08
    3.5340000E+00    1.3089346E-08    1.2660169E-08
    3.5380000E+00    1.2780283E-08    1.2361253E-08
    3.5420000E+00    1.2479967E-08    1.2070797E-08
    3.5460000E+00    1.2188162E-08    1.1788572E-08
    3.5500000E+00    1.1904635E-08    1.1514354E-08
    3.5540000E+00    1.1629161E-08    1.1247923E-08
    3.5580000E+00    1.1361519E-08    1.0989069E-08
    3.5620000E+00    1.1101497E-08    1.0737583E-08
    3.5660000E+00    1.0848886E-08    1.0493264E-08
    3.5700000E+00    1.0603482E-08    1.0255917E-08
    3.5740000E+00    1.0365090E-08    1.0025350E-08
    3.5780000E+00    1.0133515E-08    9.8013775E-09
    3.5820000E+00    9.9085720E-09    9.5838182E-09
    3.5860000E+00    9.6900778E-09    9.3724962E-09
    3.5900000E+00    9.4778554E-09    9.1672399E-09
    3.5940000E+00    9.2717321E-09    8.9678825E-09
    3.5980000E+00    9.0715400E-09    8.7742613E-09
    3.6020000E+00    8.8771155E-09    8.5862184E-09
    3.6060000E+00    8.6882994E-09    8.4035997E-09
    3.6100000E+00    8.5049369E-09    8.2262555E-09
    3.6140000E+00    8.3268773E-09    8.0540399E-09
    3.6180000E+00    8.1539739E-09    7.8868112E-09
    3.6220000E+00    7.9860838E-09    7.7244313E-09
    3.6260000E+00    7.8230683E-09    7.5667658E-09
    3.6300000E+00    7.6647921E-09    7.4136840E-09
    3.6340000E+00    7.5111239E-09    7.2650588E-09
    3.6380000E+00    7.3619356E-09    7.1207665E-09
    3.6420000E+00    7.2171027E-09    6.9806865E-09
    3.6460000E+00    7.0765042E-09    6.8447020E-09
    3.6500000E+00    6.9400224E-09    6.7126988E-09
    3.6540000E+00    6.8075425E-09    6.5845663E-09
    3.6580000E+00    6.6789533E-09    6.4601966E-09
    3.6620000E+00    6.5541462E-09    6.3394849E-09
    3.6660000E+00    6.4330159E-09    6.2223292E-09
    3.6700000E+00    6.3154597E-09    6.1086304E-09
    3.6740000E+00    6.2013781E-09    5.9982920E-09
    3.6780000E+00    6.0906740E-09    5.8912202E-09
    3.6820000E+00    5.9832532E-09    5.7873240E-09
    3.6860000E+00    5.8790240E-09    5.6865145E-09
    3.6900000E+00    5.7778973E-09    5.5887057E-09
    3.6940000E+00    5.6797863E-09    5.4938137E-09
    3.6980000E+00    5.5846070E-09    5.4017570E-09
    3.7020000E+00    5.4922774E-09    5.3124565E-09
    3.7060000E+00    5.4027180E-09    5.2258353E-09
    3.7100000E+00    5.3158513E-09    5.1418184E-09
    3.7140000E+00    5.2316023E-09    5.0603333E-09
    3.7180000E+00    5.1498979E-09    4.9813092E-09
    3.7220000E+00    5.0706670E-09    4.9046775E-09
    3.7260000E+00    4.9938409E-09    4.8303716E-09
    3.7300000E+00    4.9193523E-09    4.7583266E-09
    3.7340000E+00    4.8471364E-09    4.6884795E-09
    3.7380000E+00    4.7771298E-09    4.6207694E-09
    3.7420000E+00    4.7092712E-09    4.5551367E-09
    3.7460000E+00    4.6435009E-09    4.4915238E-09
    3.7500000E+00    4.5797611E-09    4.4298747E-09
    3.7540000E+00    4.5179955E-09    4.3701350E-09
    3.7580000E+00    4.4581496E-09    4.3122520E-09
    3.7620000E+00    4.4001703E-09    4.2561744E-09
    3.7660000E+00    4.3440063E-09    4.2018525E-09
    3.7700000E+00    4.2896077E-09    4.1492381E-09
    3.7740000E+00    4.2369260E-09    4.0982842E-09
    3.7780000E+00    4.1859143E-09    4.0489456E-09
    3.7820000E+00    4.1365271E-09    4.0011781E-09
    3.7860000E+00    4.0887201E-09    3.9549390E-09
    3.7900000E+00    4.0424505E-09    3.9101869E-09
    3.7940000E+00    3.9976768E-09    3.8668815E-09
    3.7980000E+00    3.9543587E-09    3.8249841E-09
    3.8020000E+00    3.9124572E-09    3.7844567E-09
    3.8060000E+00    3.8719345E-09    3.7452629E-09
    3.8100000E+00    3.8327539E-09    3.7073672E-09
    3.8140000E+00    3.7948801E-09    3.6707353E-09
    3.8180000E+00    3.7582786E-09    3.6353341E-09
    3.8220000E+00    3.7229163E-09    3.6011314E-09
    3.8260000E+00    3.6887609E-09    3.5680961E-09
    3.8300000E+00    3.6557815E-09    3.5361980E-09
    3.8340000E+00    3.6239478E-09    3.5054082E-09
    3.8380000E+00    3.5932308E-09    3.4756984E-09
    3.8420000E+00    3.5636024E-09    3.4470416E-09
    3.8460000E+00    3.5350355E-09    3.4194113E-09
    3.8500000E+00    3.5075039E-09    3.3927824E-09
    3.8540000E+00    3.4809822E-09    3.3671303E-09
    3.8580000E+00    3.4554460E-09    3.3424315E-09
    3.8620000E+00    3.4308719E-09    3.3186631E-09
    3.8660000E+00    3.4072372E-09    3.2958033E-09
    3.8700000E+00    3.3845200E-09    3.2738310E-09
    3.8740000E+00    3.3626994E-09    3.2527258E-09
    3.8780000E+00    3.3417551E-09    3.2324681E-09
    3.8820000E+00    3.3216677E-09    3.2130394E-09
    3.8860000E+00    3.3024186E-09    3.1944213E-09
    3.8900000E+00    3.2839899E-09    3.1765968E-09
    3.8940000E+00    3.2663645E-09    3.1595492E-09
    3.8980000E+00    3.2495259E-09    3.1432627E-09
    3.9020000E+00    3.2334584E-09    3.1277220E-09
    3.9060000E+00    3.2181471E-09    3.1129127E-09
    3.9100000E+00    3.2035777E-09    3.0988209E-09
    3.9140000E+00    3.1897366E-09    3.0854335E-09
    3.9180000E+00    3.1766107E-09    3.0727380E-09
    3.9220000E+00    3.1641879E-09    3.0607224E-09
    3.9260000E+00    3.1524564E-09    3.0493755E-09
    3.9300000E+00    3.1414053E-09    3.0386867E-09
    3.9340000E+00    3.1310242E-09    3.0286459E-09
    3.9380000E+00    3.1213034E-09    3.0192437E-09
    3.9420000E+00    3.1122336E-09    3.0104713E-09
    3.9460000E+00    3.1038065E-09    3.0023205E-09
    3.9500000E+00    3.0960140E-09    2.9947835E-09
    3.9540000E+00    3.0888489E-09    2.9878532E-09
    3.9580000E+00    3.0823043E-09    2.9815232E-09
    3.9620000E+00    3.0763742E-09    2.9757875E-09
    3.9660000E+00    3.0710529E-09    2.9706406E-09
    3.9700000E+00    3.0663354E-09    2.9660777E-09
    3.9740000E+00    3.0622173E-09    2.9620946E-09
    3.9780000E+00    3.0586946E-09    2.9586875E-09
    3.9820000E+00    3.0557642E-09    2.9558530E-09
    3.9860000E+00    3.0534231E-09    2.9535887E-09
    3.9900000E+00    3.0516692E-09    2.9518923E-09
    3.9940000E+00    3.0505009E-09    2.9507623E-09
    3.9980000E+00    3.0499170E-09    2.9501975E-09
