# Time          5.0000E+02
# Units: Permil
    Distance        SO4--            SO164--         
    2.0000000E-03    2.1051919E+01    8.7518264E+00
    6.0000000E-03    2.1155641E+01    8.8976635E+00
    1.0000000E-02    2.1259389E+01    9.0419475E+00
    1.4000000E-02    2.1363163E+01    9.1846925E+00
    1.8000000E-02    2.1466963E+01    9.3259123E+00
    2.2000000E-02    2.1570788E+01    9.4656208E+00
    2.6000000E-02    2.1674640E+01    9.6038316E+00
    3.0000000E-02    2.1778518E+01    9.7405584E+00
    3.4000000E-02    2.1882422E+01    9.8758146E+00
    3.8000000E-02    2.1986352E+01    1.0009614E+01
    4.2000000E-02    2.2090309E+01    1.0141969E+01
    4.6000000E-02    2.2194292E+01    1.0272894E+01
    5.0000000E-02    2.2298301E+01    1.0402401E+01
    5.4000000E-02    2.2402337E+01    1.0530504E+01
    5.8000000E-02    2.2506399E+01    1.0657215E+01
    6.2000000E-02    2.2610488E+01    1.0782548E+01
    6.6000000E-02    2.2714604E+01    1.0906515E+01
    7.0000000E-02    2.2818746E+01    1.1029128E+01
    7.4000000E-02    2.2922915E+01    1.1150401E+01
    7.8000000E-02    2.3027111E+01    1.1270346E+01
    8.2000000E-02    2.3131334E+01    1.1388975E+01
    8.6000000E-02    2.3235584E+01    1.1506300E+01
    9.0000000E-02    2.3339861E+01    1.1622334E+01
    9.4000000E-02    2.3444166E+01    1.1737088E+01
    9.8000000E-02    2.3548497E+01    1.1850576E+01
    1.0200000E-01    2.3652856E+01    1.1962808E+01
    1.0600000E-01    2.3757242E+01    1.2073796E+01
    1.1000000E-01    2.3861655E+01    1.2183553E+01
    1.1400000E-01    2.3966096E+01    1.2292090E+01
    1.1800000E-01    2.4070564E+01    1.2399418E+01
    1.2200000E-01    2.4175061E+01    1.2505549E+01
    1.2600000E-01    2.4279584E+01    1.2610494E+01
    1.3000000E-01    2.4384136E+01    1.2714265E+01
    1.3400000E-01    2.4488715E+01    1.2816873E+01
    1.3800000E-01    2.4593322E+01    1.2918329E+01
    1.4200000E-01    2.4697957E+01    1.3018644E+01
    1.4600000E-01    2.4802620E+01    1.3117830E+01
    1.5000000E-01    2.4907311E+01    1.3215896E+01
    1.5400000E-01    2.5012031E+01    1.3312853E+01
    1.5800000E-01    2.5116778E+01    1.3408714E+01
    1.6200000E-01    2.5221554E+01    1.3503487E+01
    1.6600000E-01    2.5326358E+01    1.3597184E+01
    1.7000000E-01    2.5431191E+01    1.3689815E+01
    1.7400000E-01    2.5536052E+01    1.3781390E+01
    1.7800000E-01    2.5640941E+01    1.3871920E+01
    1.8200000E-01    2.5745860E+01    1.3961415E+01
    1.8600000E-01    2.5850807E+01    1.4049886E+01
    1.9000000E-01    2.5955782E+01    1.4137341E+01
    1.9400000E-01    2.6060787E+01    1.4223792E+01
    1.9800000E-01    2.6165820E+01    1.4309248E+01
    2.0200000E-01    2.6270883E+01    1.4393718E+01
    2.0600000E-01    2.6375974E+01    1.4477214E+01
    2.1000000E-01    2.6481095E+01    1.4559744E+01
    2.1400000E-01    2.6586245E+01    1.4641317E+01
    2.1800000E-01    2.6691424E+01    1.4721944E+01
    2.2200000E-01    2.6796633E+01    1.4801634E+01
    2.2600000E-01    2.6901871E+01    1.4880396E+01
    2.3000000E-01    2.7007138E+01    1.4958240E+01
    2.3400000E-01    2.7112435E+01    1.5035174E+01
    2.3800000E-01    2.7217762E+01    1.5111209E+01
    2.4200000E-01    2.7323118E+01    1.5186352E+01
    2.4600000E-01    2.7428504E+01    1.5260613E+01
    2.5000000E-01    2.7533920E+01    1.5334001E+01
    2.5400000E-01    2.7639366E+01    1.5406525E+01
    2.5800000E-01    2.7744842E+01    1.5478193E+01
    2.6200000E-01    2.7850347E+01    1.5549015E+01
    2.6600000E-01    2.7955884E+01    1.5618998E+01
    2.7000000E-01    2.8061450E+01    1.5688151E+01
    2.7400000E-01    2.8167046E+01    1.5756483E+01
    2.7800000E-01    2.8272673E+01    1.5824003E+01
    2.8200000E-01    2.8378331E+01    1.5890718E+01
    2.8600000E-01    2.8484019E+01    1.5956637E+01
    2.9000000E-01    2.8589737E+01    1.6021768E+01
    2.9400000E-01    2.8695486E+01    1.6086119E+01
    2.9800000E-01    2.8801266E+01    1.6149699E+01
    3.0200000E-01    2.8907077E+01    1.6212514E+01
    3.0600000E-01    2.9012919E+01    1.6274574E+01
    3.1000000E-01    2.9118791E+01    1.6335886E+01
    3.1400000E-01    2.9224695E+01    1.6396458E+01
    3.1800000E-01    2.9330630E+01    1.6456297E+01
    3.2200000E-01    2.9436596E+01    1.6515412E+01
    3.2600000E-01    2.9542593E+01    1.6573809E+01
    3.3000000E-01    2.9648621E+01    1.6631497E+01
    3.3400000E-01    2.9754681E+01    1.6688483E+01
    3.3800000E-01    2.9860773E+01    1.6744774E+01
    3.4200000E-01    2.9966896E+01    1.6800377E+01
    3.4600000E-01    3.0073051E+01    1.6855300E+01
    3.5000000E-01    3.0179237E+01    1.6909551E+01
    3.5400000E-01    3.0285455E+01    1.6963135E+01
    3.5800000E-01    3.0391706E+01    1.7016061E+01
    3.6200000E-01    3.0497988E+01    1.7068335E+01
    3.6600000E-01    3.0604302E+01    1.7119965E+01
    3.7000000E-01    3.0710648E+01    1.7170957E+01
    3.7400000E-01    3.0817027E+01    1.7221317E+01
    3.7800000E-01    3.0923438E+01    1.7271054E+01
    3.8200000E-01    3.1029881E+01    1.7320173E+01
    3.8600000E-01    3.1136356E+01    1.7368681E+01
    3.9000000E-01    3.1242865E+01    1.7416586E+01
    3.9400000E-01    3.1349405E+01    1.7463892E+01
    3.9800000E-01    3.1455979E+01    1.7510607E+01
    4.0200000E-01    3.1562585E+01    1.7556738E+01
    4.0600000E-01    3.1669224E+01    1.7602290E+01
    4.1000000E-01    3.1775896E+01    1.7647270E+01
    4.1400000E-01    3.1882601E+01    1.7691685E+01
    4.1800000E-01    3.1989339E+01    1.7735540E+01
    4.2200000E-01    3.2096110E+01    1.7778841E+01
    4.2600000E-01    3.2202914E+01    1.7821595E+01
    4.3000000E-01    3.2309752E+01    1.7863807E+01
    4.3400000E-01    3.2416623E+01    1.7905485E+01
    4.3800000E-01    3.2523527E+01    1.7946633E+01
    4.4200000E-01    3.2630465E+01    1.7987257E+01
    4.4600000E-01    3.2737437E+01    1.8027363E+01
    4.5000000E-01    3.2844443E+01    1.8066958E+01
    4.5400000E-01    3.2951482E+01    1.8106046E+01
    4.5800000E-01    3.3058555E+01    1.8144633E+01
    4.6200000E-01    3.3165662E+01    1.8182726E+01
    4.6600000E-01    3.3272803E+01    1.8220329E+01
    4.7000000E-01    3.3379979E+01    1.8257448E+01
    4.7400000E-01    3.3487188E+01    1.8294088E+01
    4.7800000E-01    3.3594432E+01    1.8330255E+01
    4.8200000E-01    3.3701710E+01    1.8365955E+01
    4.8600000E-01    3.3809023E+01    1.8401192E+01
    4.9000000E-01    3.3916370E+01    1.8435971E+01
    4.9400000E-01    3.4023752E+01    1.8470299E+01
    4.9800000E-01    3.4131168E+01    1.8504179E+01
    5.0200000E-01    3.4238620E+01    1.8537618E+01
    5.0600000E-01    3.4346106E+01    1.8570620E+01
    5.1000000E-01    3.4453627E+01    1.8603190E+01
    5.1400000E-01    3.4561183E+01    1.8635333E+01
    5.1800000E-01    3.4668774E+01    1.8667055E+01
    5.2200000E-01    3.4776401E+01    1.8698359E+01
    5.2600000E-01    3.4884063E+01    1.8729251E+01
    5.3000000E-01    3.4991760E+01    1.8759735E+01
    5.3400000E-01    3.5099492E+01    1.8789817E+01
    5.3800000E-01    3.5207261E+01    1.8819500E+01
    5.4200000E-01    3.5315064E+01    1.8848790E+01
    5.4600000E-01    3.5422904E+01    1.8877691E+01
    5.5000000E-01    3.5530779E+01    1.8906208E+01
    5.5400000E-01    3.5638691E+01    1.8934344E+01
    5.5800000E-01    3.5746638E+01    1.8962106E+01
    5.6200000E-01    3.5854621E+01    1.8989496E+01
    5.6600000E-01    3.5962640E+01    1.9016519E+01
    5.7000000E-01    3.6070696E+01    1.9043180E+01
    5.7400000E-01    3.6178788E+01    1.9069483E+01
    5.7800000E-01    3.6286916E+01    1.9095432E+01
    5.8200000E-01    3.6395081E+01    1.9121032E+01
    5.8600000E-01    3.6503282E+01    1.9146285E+01
    5.9000000E-01    3.6611520E+01    1.9171198E+01
    5.9400000E-01    3.6719795E+01    1.9195773E+01
    5.9800000E-01    3.6828106E+01    1.9220015E+01
    6.0200000E-01    3.6936455E+01    1.9243927E+01
    6.0600000E-01    3.7044840E+01    1.9267514E+01
    6.1000000E-01    3.7153263E+01    1.9290779E+01
    6.1400000E-01    3.7261722E+01    1.9313727E+01
    6.1800000E-01    3.7370219E+01    1.9336361E+01
    6.2200000E-01    3.7478754E+01    1.9358685E+01
    6.2600000E-01    3.7587325E+01    1.9380702E+01
    6.3000000E-01    3.7695935E+01    1.9402417E+01
    6.3400000E-01    3.7804581E+01    1.9423833E+01
    6.3800000E-01    3.7913266E+01    1.9444954E+01
    6.4200000E-01    3.8021988E+01    1.9465783E+01
    6.4600000E-01    3.8130748E+01    1.9486323E+01
    6.5000000E-01    3.8239546E+01    1.9506580E+01
    6.5400000E-01    3.8348383E+01    1.9526555E+01
    6.5800000E-01    3.8457257E+01    1.9546252E+01
    6.6200000E-01    3.8566169E+01    1.9565675E+01
    6.6600000E-01    3.8675120E+01    1.9584828E+01
    6.7000000E-01    3.8784109E+01    1.9603712E+01
    6.7400000E-01    3.8893137E+01    1.9622333E+01
    6.7800000E-01    3.9002203E+01    1.9640692E+01
    6.8200000E-01    3.9111308E+01    1.9658794E+01
    6.8600000E-01    3.9220451E+01    1.9676641E+01
    6.9000000E-01    3.9329634E+01    1.9694237E+01
    6.9400000E-01    3.9438855E+01    1.9711584E+01
    6.9800000E-01    3.9548115E+01    1.9728686E+01
    7.0200000E-01    3.9657415E+01    1.9745547E+01
    7.0600000E-01    3.9766753E+01    1.9762168E+01
    7.1000000E-01    3.9876131E+01    1.9778553E+01
    7.1400000E-01    3.9985548E+01    1.9794705E+01
    7.1800000E-01    4.0095005E+01    1.9810627E+01
    7.2200000E-01    4.0204501E+01    1.9826322E+01
    7.2600000E-01    4.0314036E+01    1.9841793E+01
    7.3000000E-01    4.0423612E+01    1.9857042E+01
    7.3400000E-01    4.0533227E+01    1.9872072E+01
    7.3800000E-01    4.0642882E+01    1.9886886E+01
    7.4200000E-01    4.0752577E+01    1.9901487E+01
    7.4600000E-01    4.0862312E+01    1.9915878E+01
    7.5000000E-01    4.0972088E+01    1.9930061E+01
    7.5400000E-01    4.1081903E+01    1.9944039E+01
    7.5800000E-01    4.1191759E+01    1.9957815E+01
    7.6200000E-01    4.1301655E+01    1.9971391E+01
    7.6600000E-01    4.1411592E+01    1.9984769E+01
    7.7000000E-01    4.1521569E+01    1.9997953E+01
    7.7400000E-01    4.1631587E+01    2.0010944E+01
    7.7800000E-01    4.1741646E+01    2.0023746E+01
    7.8200000E-01    4.1851745E+01    2.0036361E+01
    7.8600000E-01    4.1961886E+01    2.0048791E+01
    7.9000000E-01    4.2072068E+01    2.0061038E+01
    7.9400000E-01    4.2182290E+01    2.0073106E+01
    7.9800000E-01    4.2292554E+01    2.0084995E+01
    8.0200000E-01    4.2402859E+01    2.0096710E+01
    8.0600000E-01    4.2513206E+01    2.0108251E+01
    8.1000000E-01    4.2623594E+01    2.0119622E+01
    8.1400000E-01    4.2734023E+01    2.0130824E+01
    8.1800000E-01    4.2844495E+01    2.0141860E+01
    8.2200000E-01    4.2955008E+01    2.0152732E+01
    8.2600000E-01    4.3065562E+01    2.0163442E+01
    8.3000000E-01    4.3176159E+01    2.0173992E+01
    8.3400000E-01    4.3286798E+01    2.0184385E+01
    8.3800000E-01    4.3397478E+01    2.0194622E+01
    8.4200000E-01    4.3508201E+01    2.0204705E+01
    8.4600000E-01    4.3618967E+01    2.0214637E+01
    8.5000000E-01    4.3729774E+01    2.0224420E+01
    8.5400000E-01    4.3840624E+01    2.0234056E+01
    8.5800000E-01    4.3951517E+01    2.0243546E+01
    8.6200000E-01    4.4062452E+01    2.0252892E+01
    8.6600000E-01    4.4173430E+01    2.0262098E+01
    8.7000000E-01    4.4284450E+01    2.0271163E+01
    8.7400000E-01    4.4395514E+01    2.0280091E+01
    8.7800000E-01    4.4506620E+01    2.0288883E+01
    8.8200000E-01    4.4617770E+01    2.0297541E+01
    8.8600000E-01    4.4728962E+01    2.0306067E+01
    8.9000000E-01    4.4840198E+01    2.0314463E+01
    8.9400000E-01    4.4951477E+01    2.0322730E+01
    8.9800000E-01    4.5062800E+01    2.0330870E+01
    9.0200000E-01    4.5174166E+01    2.0338885E+01
    9.0600000E-01    4.5285576E+01    2.0346777E+01
    9.1000000E-01    4.5397029E+01    2.0354547E+01
    9.1400000E-01    4.5508526E+01    2.0362197E+01
    9.1800000E-01    4.5620067E+01    2.0369729E+01
    9.2200000E-01    4.5731652E+01    2.0377144E+01
    9.2600000E-01    4.5843281E+01    2.0384444E+01
    9.3000000E-01    4.5954954E+01    2.0391631E+01
    9.3400000E-01    4.6066671E+01    2.0398706E+01
    9.3800000E-01    4.6178432E+01    2.0405670E+01
    9.4200000E-01    4.6290238E+01    2.0412526E+01
    9.4600000E-01    4.6402088E+01    2.0419275E+01
    9.5000000E-01    4.6513982E+01    2.0425917E+01
    9.5400000E-01    4.6625922E+01    2.0432456E+01
    9.5800000E-01    4.6737906E+01    2.0438891E+01
    9.6200000E-01    4.6849934E+01    2.0445225E+01
    9.6600000E-01    4.6962008E+01    2.0451460E+01
    9.7000000E-01    4.7074127E+01    2.0457596E+01
    9.7400000E-01    4.7186290E+01    2.0463634E+01
    9.7800000E-01    4.7298499E+01    2.0469577E+01
    9.8200000E-01    4.7410753E+01    2.0475426E+01
    9.8600000E-01    4.7523052E+01    2.0481181E+01
    9.9000000E-01    4.7635396E+01    2.0486845E+01
    9.9400000E-01    4.7747786E+01    2.0492419E+01
    9.9800000E-01    4.7860222E+01    2.0497903E+01
    1.0020000E+00    4.7972703E+01    2.0503299E+01
    1.0060000E+00    4.8085230E+01    2.0508609E+01
    1.0100000E+00    4.8197802E+01    2.0513834E+01
    1.0140000E+00    4.8310421E+01    2.0518975E+01
    1.0180000E+00    4.8423085E+01    2.0524032E+01
    1.0220000E+00    4.8535796E+01    2.0529008E+01
    1.0260000E+00    4.8648552E+01    2.0533904E+01
    1.0300000E+00    4.8761355E+01    2.0538720E+01
    1.0340000E+00    4.8874204E+01    2.0543458E+01
    1.0380000E+00    4.8987100E+01    2.0548119E+01
    1.0420000E+00    4.9100041E+01    2.0552705E+01
    1.0460000E+00    4.9213030E+01    2.0557215E+01
    1.0500000E+00    4.9326065E+01    2.0561652E+01
    1.0540000E+00    4.9439146E+01    2.0566016E+01
    1.0580000E+00    4.9552275E+01    2.0570309E+01
    1.0620000E+00    4.9665450E+01    2.0574531E+01
    1.0660000E+00    4.9778672E+01    2.0578683E+01
    1.0700000E+00    4.9891941E+01    2.0582768E+01
    1.0740000E+00    5.0005257E+01    2.0586785E+01
    1.0780000E+00    5.0118620E+01    2.0590735E+01
    1.0820000E+00    5.0232031E+01    2.0594620E+01
    1.0860000E+00    5.0345489E+01    2.0598441E+01
    1.0900000E+00    5.0458994E+01    2.0602198E+01
    1.0940000E+00    5.0572547E+01    2.0605893E+01
    1.0980000E+00    5.0686147E+01    2.0609526E+01
    1.1020000E+00    5.0799795E+01    2.0613098E+01
    1.1060000E+00    5.0913490E+01    2.0616611E+01
    1.1100000E+00    5.1027233E+01    2.0620064E+01
    1.1140000E+00    5.1141024E+01    2.0623460E+01
    1.1180000E+00    5.1254863E+01    2.0626799E+01
    1.1220000E+00    5.1368750E+01    2.0630081E+01
    1.1260000E+00    5.1482686E+01    2.0633309E+01
    1.1300000E+00    5.1596669E+01    2.0636481E+01
    1.1340000E+00    5.1710700E+01    2.0639600E+01
    1.1380000E+00    5.1824780E+01    2.0642666E+01
    1.1420000E+00    5.1938908E+01    2.0645680E+01
    1.1460000E+00    5.2053084E+01    2.0648643E+01
    1.1500000E+00    5.2167309E+01    2.0651555E+01
    1.1540000E+00    5.2281583E+01    2.0654417E+01
    1.1580000E+00    5.2395905E+01    2.0657231E+01
    1.1620000E+00    5.2510276E+01    2.0659996E+01
    1.1660000E+00    5.2624695E+01    2.0662714E+01
    1.1700000E+00    5.2739164E+01    2.0665385E+01
    1.1740000E+00    5.2853681E+01    2.0668011E+01
    1.1780000E+00    5.2968248E+01    2.0670590E+01
    1.1820000E+00    5.3082863E+01    2.0673126E+01
    1.1860000E+00    5.3197527E+01    2.0675617E+01
    1.1900000E+00    5.3312241E+01    2.0678065E+01
    1.1940000E+00    5.3427004E+01    2.0680471E+01
    1.1980000E+00    5.3541816E+01    2.0682835E+01
    1.2020000E+00    5.3656678E+01    2.0685158E+01
    1.2060000E+00    5.3771589E+01    2.0687440E+01
    1.2100000E+00    5.3886550E+01    2.0689682E+01
    1.2140000E+00    5.4001560E+01    2.0691885E+01
    1.2180000E+00    5.4116620E+01    2.0694049E+01
    1.2220000E+00    5.4231729E+01    2.0696175E+01
    1.2260000E+00    5.4346889E+01    2.0698264E+01
    1.2300000E+00    5.4462098E+01    2.0700316E+01
    1.2340000E+00    5.4577357E+01    2.0702332E+01
    1.2380000E+00    5.4692666E+01    2.0704312E+01
    1.2420000E+00    5.4808025E+01    2.0706257E+01
    1.2460000E+00    5.4923434E+01    2.0708167E+01
    1.2500000E+00    5.5038893E+01    2.0710043E+01
    1.2540000E+00    5.5154402E+01    2.0711886E+01
    1.2580000E+00    5.5269962E+01    2.0713696E+01
    1.2620000E+00    5.5385571E+01    2.0715474E+01
    1.2660000E+00    5.5501232E+01    2.0717219E+01
    1.2700000E+00    5.5616942E+01    2.0718934E+01
    1.2740000E+00    5.5732703E+01    2.0720617E+01
    1.2780000E+00    5.5848515E+01    2.0722270E+01
    1.2820000E+00    5.5964377E+01    2.0723893E+01
    1.2860000E+00    5.6080290E+01    2.0725487E+01
    1.2900000E+00    5.6196253E+01    2.0727052E+01
    1.2940000E+00    5.6312267E+01    2.0728589E+01
    1.2980000E+00    5.6428332E+01    2.0730098E+01
    1.3020000E+00    5.6544448E+01    2.0731579E+01
    1.3060000E+00    5.6660614E+01    2.0733033E+01
    1.3100000E+00    5.6776832E+01    2.0734461E+01
    1.3140000E+00    5.6893100E+01    2.0735862E+01
    1.3180000E+00    5.7009420E+01    2.0737238E+01
    1.3220000E+00    5.7125790E+01    2.0738588E+01
    1.3260000E+00    5.7242212E+01    2.0739914E+01
    1.3300000E+00    5.7358685E+01    2.0741215E+01
    1.3340000E+00    5.7475209E+01    2.0742492E+01
    1.3380000E+00    5.7591784E+01    2.0743745E+01
    1.3420000E+00    5.7708410E+01    2.0744976E+01
    1.3460000E+00    5.7825088E+01    2.0746183E+01
    1.3500000E+00    5.7941817E+01    2.0747368E+01
    1.3540000E+00    5.8058598E+01    2.0748530E+01
    1.3580000E+00    5.8175430E+01    2.0749671E+01
    1.3620000E+00    5.8292313E+01    2.0750791E+01
    1.3660000E+00    5.8409248E+01    2.0751889E+01
    1.3700000E+00    5.8526235E+01    2.0752967E+01
    1.3740000E+00    5.8643273E+01    2.0754025E+01
    1.3780000E+00    5.8760363E+01    2.0755062E+01
    1.3820000E+00    5.8877504E+01    2.0756080E+01
    1.3860000E+00    5.8994697E+01    2.0757079E+01
    1.3900000E+00    5.9111942E+01    2.0758059E+01
    1.3940000E+00    5.9229238E+01    2.0759020E+01
    1.3980000E+00    5.9346587E+01    2.0759963E+01
    1.4020000E+00    5.9463987E+01    2.0760888E+01
    1.4060000E+00    5.9581438E+01    2.0761795E+01
    1.4100000E+00    5.9698942E+01    2.0762685E+01
    1.4140000E+00    5.9816498E+01    2.0763557E+01
    1.4180000E+00    5.9934105E+01    2.0764413E+01
    1.4220000E+00    6.0051765E+01    2.0765253E+01
    1.4260000E+00    6.0169476E+01    2.0766076E+01
    1.4300000E+00    6.0287239E+01    2.0766883E+01
    1.4340000E+00    6.0405054E+01    2.0767674E+01
    1.4380000E+00    6.0522922E+01    2.0768451E+01
    1.4420000E+00    6.0640841E+01    2.0769212E+01
    1.4460000E+00    6.0758812E+01    2.0769958E+01
    1.4500000E+00    6.0876836E+01    2.0770690E+01
    1.4540000E+00    6.0994911E+01    2.0771407E+01
    1.4580000E+00    6.1113039E+01    2.0772110E+01
    1.4620000E+00    6.1231218E+01    2.0772799E+01
    1.4660000E+00    6.1349450E+01    2.0773475E+01
    1.4700000E+00    6.1467734E+01    2.0774138E+01
    1.4740000E+00    6.1586070E+01    2.0774787E+01
    1.4780000E+00    6.1704458E+01    2.0775423E+01
    1.4820000E+00    6.1822898E+01    2.0776047E+01
    1.4860000E+00    6.1941390E+01    2.0776659E+01
    1.4900000E+00    6.2059935E+01    2.0777258E+01
    1.4940000E+00    6.2178531E+01    2.0777845E+01
    1.4980000E+00    6.2297180E+01    2.0778420E+01
    1.5020000E+00    6.2415881E+01    2.0778984E+01
    1.5060000E+00    6.2534634E+01    2.0779537E+01
    1.5100000E+00    6.2653439E+01    2.0780078E+01
    1.5140000E+00    6.2772296E+01    2.0780609E+01
    1.5180000E+00    6.2891206E+01    2.0781128E+01
    1.5220000E+00    6.3010167E+01    2.0781637E+01
    1.5260000E+00    6.3129181E+01    2.0782136E+01
    1.5300000E+00    6.3248247E+01    2.0782625E+01
    1.5340000E+00    6.3367365E+01    2.0783103E+01
    1.5380000E+00    6.3486534E+01    2.0783572E+01
    1.5420000E+00    6.3605756E+01    2.0784031E+01
    1.5460000E+00    6.3725030E+01    2.0784481E+01
    1.5500000E+00    6.3844356E+01    2.0784921E+01
    1.5540000E+00    6.3963734E+01    2.0785353E+01
    1.5580000E+00    6.4083164E+01    2.0785775E+01
    1.5620000E+00    6.4202646E+01    2.0786189E+01
    1.5660000E+00    6.4322180E+01    2.0786594E+01
    1.5700000E+00    6.4441766E+01    2.0786990E+01
    1.5740000E+00    6.4561404E+01    2.0787379E+01
    1.5780000E+00    6.4681094E+01    2.0787759E+01
    1.5820000E+00    6.4800835E+01    2.0788131E+01
    1.5860000E+00    6.4920628E+01    2.0788495E+01
    1.5900000E+00    6.5040473E+01    2.0788852E+01
    1.5940000E+00    6.5160370E+01    2.0789201E+01
    1.5980000E+00    6.5280318E+01    2.0789542E+01
    1.6020000E+00    6.5400319E+01    2.0789877E+01
    1.6060000E+00    6.5520370E+01    2.0790204E+01
    1.6100000E+00    6.5640474E+01    2.0790524E+01
    1.6140000E+00    6.5760628E+01    2.0790838E+01
    1.6180000E+00    6.5880835E+01    2.0791144E+01
    1.6220000E+00    6.6001093E+01    2.0791444E+01
    1.6260000E+00    6.6121402E+01    2.0791738E+01
    1.6300000E+00    6.6241762E+01    2.0792025E+01
    1.6340000E+00    6.6362174E+01    2.0792306E+01
    1.6380000E+00    6.6482637E+01    2.0792581E+01
    1.6420000E+00    6.6603151E+01    2.0792850E+01
    1.6460000E+00    6.6723717E+01    2.0793113E+01
    1.6500000E+00    6.6844333E+01    2.0793370E+01
    1.6540000E+00    6.6965001E+01    2.0793621E+01
    1.6580000E+00    6.7085719E+01    2.0793867E+01
    1.6620000E+00    6.7206489E+01    2.0794108E+01
    1.6660000E+00    6.7327309E+01    2.0794343E+01
    1.6700000E+00    6.7448180E+01    2.0794573E+01
    1.6740000E+00    6.7569101E+01    2.0794798E+01
    1.6780000E+00    6.7690074E+01    2.0795017E+01
    1.6820000E+00    6.7811096E+01    2.0795232E+01
    1.6860000E+00    6.7932169E+01    2.0795442E+01
    1.6900000E+00    6.8053293E+01    2.0795648E+01
    1.6940000E+00    6.8174467E+01    2.0795848E+01
    1.6980000E+00    6.8295691E+01    2.0796044E+01
    1.7020000E+00    6.8416965E+01    2.0796236E+01
    1.7060000E+00    6.8538289E+01    2.0796423E+01
    1.7100000E+00    6.8659664E+01    2.0796606E+01
    1.7140000E+00    6.8781088E+01    2.0796785E+01
    1.7180000E+00    6.8902562E+01    2.0796959E+01
    1.7220000E+00    6.9024085E+01    2.0797130E+01
    1.7260000E+00    6.9145658E+01    2.0797297E+01
    1.7300000E+00    6.9267281E+01    2.0797459E+01
    1.7340000E+00    6.9388953E+01    2.0797618E+01
    1.7380000E+00    6.9510674E+01    2.0797773E+01
    1.7420000E+00    6.9632444E+01    2.0797925E+01
    1.7460000E+00    6.9754264E+01    2.0798073E+01
    1.7500000E+00    6.9876132E+01    2.0798217E+01
    1.7540000E+00    6.9998049E+01    2.0798358E+01
    1.7580000E+00    7.0120015E+01    2.0798496E+01
    1.7620000E+00    7.0242030E+01    2.0798630E+01
    1.7660000E+00    7.0364093E+01    2.0798761E+01
    1.7700000E+00    7.0486204E+01    2.0798889E+01
    1.7740000E+00    7.0608364E+01    2.0799014E+01
    1.7780000E+00    7.0730572E+01    2.0799136E+01
    1.7820000E+00    7.0852827E+01    2.0799255E+01
    1.7860000E+00    7.0975131E+01    2.0799371E+01
    1.7900000E+00    7.1097482E+01    2.0799484E+01
    1.7940000E+00    7.1219881E+01    2.0799594E+01
    1.7980000E+00    7.1342327E+01    2.0799702E+01
    1.8020000E+00    7.1464820E+01    2.0799807E+01
    1.8060000E+00    7.1587361E+01    2.0799909E+01
    1.8100000E+00    7.1709949E+01    2.0800009E+01
    1.8140000E+00    7.1832583E+01    2.0800106E+01
    1.8180000E+00    7.1955264E+01    2.0800201E+01
    1.8220000E+00    7.2077992E+01    2.0800293E+01
    1.8260000E+00    7.2200766E+01    2.0800383E+01
    1.8300000E+00    7.2323586E+01    2.0800471E+01
    1.8340000E+00    7.2446452E+01    2.0800556E+01
    1.8380000E+00    7.2569364E+01    2.0800639E+01
    1.8420000E+00    7.2692322E+01    2.0800720E+01
    1.8460000E+00    7.2815325E+01    2.0800799E+01
    1.8500000E+00    7.2938374E+01    2.0800876E+01
    1.8540000E+00    7.3061468E+01    2.0800951E+01
    1.8580000E+00    7.3184607E+01    2.0801024E+01
    1.8620000E+00    7.3307790E+01    2.0801095E+01
    1.8660000E+00    7.3431018E+01    2.0801164E+01
    1.8700000E+00    7.3554291E+01    2.0801231E+01
    1.8740000E+00    7.3677608E+01    2.0801296E+01
    1.8780000E+00    7.3800969E+01    2.0801360E+01
    1.8820000E+00    7.3924374E+01    2.0801421E+01
    1.8860000E+00    7.4047822E+01    2.0801482E+01
    1.8900000E+00    7.4171314E+01    2.0801540E+01
    1.8940000E+00    7.4294849E+01    2.0801597E+01
    1.8980000E+00    7.4418427E+01    2.0801652E+01
    1.9020000E+00    7.4542048E+01    2.0801706E+01
    1.9060000E+00    7.4665712E+01    2.0801758E+01
    1.9100000E+00    7.4789418E+01    2.0801808E+01
    1.9140000E+00    7.4913166E+01    2.0801858E+01
    1.9180000E+00    7.5036956E+01    2.0801905E+01
    1.9220000E+00    7.5160787E+01    2.0801952E+01
    1.9260000E+00    7.5284660E+01    2.0801997E+01
    1.9300000E+00    7.5408574E+01    2.0802040E+01
    1.9340000E+00    7.5532530E+01    2.0802083E+01
    1.9380000E+00    7.5656526E+01    2.0802124E+01
    1.9420000E+00    7.5780562E+01    2.0802164E+01
    1.9460000E+00    7.5904638E+01    2.0802203E+01
    1.9500000E+00    7.6028755E+01    2.0802240E+01
    1.9540000E+00    7.6152911E+01    2.0802276E+01
    1.9580000E+00    7.6277107E+01    2.0802312E+01
    1.9620000E+00    7.6401342E+01    2.0802346E+01
    1.9660000E+00    7.6525616E+01    2.0802379E+01
    1.9700000E+00    7.6649928E+01    2.0802411E+01
    1.9740000E+00    7.6774279E+01    2.0802442E+01
    1.9780000E+00    7.6898668E+01    2.0802471E+01
    1.9820000E+00    7.7023095E+01    2.0802500E+01
    1.9860000E+00    7.7147559E+01    2.0802528E+01
    1.9900000E+00    7.7272061E+01    2.0802555E+01
    1.9940000E+00    7.7396599E+01    2.0802582E+01
    1.9980000E+00    7.7521174E+01    2.0802607E+01
    2.0020000E+00    7.7645786E+01    2.0802631E+01
    2.0060000E+00    7.7770433E+01    2.0802655E+01
    2.0100000E+00    7.7895117E+01    2.0802677E+01
    2.0140000E+00    7.8019835E+01    2.0802699E+01
    2.0180000E+00    7.8144589E+01    2.0802720E+01
    2.0220000E+00    7.8269378E+01    2.0802741E+01
    2.0260000E+00    7.8394201E+01    2.0802760E+01
    2.0300000E+00    7.8519058E+01    2.0802779E+01
    2.0340000E+00    7.8643949E+01    2.0802797E+01
    2.0380000E+00    7.8768873E+01    2.0802815E+01
    2.0420000E+00    7.8893831E+01    2.0802831E+01
    2.0460000E+00    7.9018821E+01    2.0802847E+01
    2.0500000E+00    7.9143844E+01    2.0802863E+01
    2.0540000E+00    7.9268898E+01    2.0802877E+01
    2.0580000E+00    7.9393985E+01    2.0802892E+01
    2.0620000E+00    7.9519103E+01    2.0802905E+01
    2.0660000E+00    7.9644252E+01    2.0802918E+01
    2.0700000E+00    7.9769431E+01    2.0802931E+01
    2.0740000E+00    7.9894641E+01    2.0802942E+01
    2.0780000E+00    8.0019881E+01    2.0802954E+01
    2.0820000E+00    8.0145150E+01    2.0802964E+01
    2.0860000E+00    8.0270449E+01    2.0802975E+01
    2.0900000E+00    8.0395776E+01    2.0802984E+01
    2.0940000E+00    8.0521131E+01    2.0802994E+01
    2.0980000E+00    8.0646514E+01    2.0803002E+01
    2.1020000E+00    8.0771925E+01    2.0803011E+01
    2.1060000E+00    8.0897363E+01    2.0803019E+01
    2.1100000E+00    8.1022828E+01    2.0803026E+01
    2.1140000E+00    8.1148319E+01    2.0803033E+01
    2.1180000E+00    8.1273836E+01    2.0803040E+01
    2.1220000E+00    8.1399379E+01    2.0803046E+01
    2.1260000E+00    8.1524946E+01    2.0803052E+01
    2.1300000E+00    8.1650538E+01    2.0803057E+01
    2.1340000E+00    8.1776154E+01    2.0803062E+01
    2.1380000E+00    8.1901794E+01    2.0803067E+01
    2.1420000E+00    8.2027457E+01    2.0803071E+01
    2.1460000E+00    8.2153143E+01    2.0803075E+01
    2.1500000E+00    8.2278852E+01    2.0803079E+01
    2.1540000E+00    8.2404582E+01    2.0803082E+01
    2.1580000E+00    8.2530334E+01    2.0803085E+01
    2.1620000E+00    8.2656106E+01    2.0803088E+01
    2.1660000E+00    8.2781899E+01    2.0803090E+01
    2.1700000E+00    8.2907712E+01    2.0803092E+01
    2.1740000E+00    8.3033545E+01    2.0803094E+01
    2.1780000E+00    8.3159397E+01    2.0803095E+01
    2.1820000E+00    8.3285267E+01    2.0803097E+01
    2.1860000E+00    8.3411155E+01    2.0803098E+01
    2.1900000E+00    8.3537061E+01    2.0803099E+01
    2.1940000E+00    8.3662983E+01    2.0803099E+01
    2.1980000E+00    8.3788923E+01    2.0803099E+01
    2.2020000E+00    8.3914878E+01    2.0803099E+01
    2.2060000E+00    8.4040849E+01    2.0803099E+01
    2.2100000E+00    8.4166834E+01    2.0803099E+01
    2.2140000E+00    8.4292834E+01    2.0803098E+01
    2.2180000E+00    8.4418848E+01    2.0803097E+01
    2.2220000E+00    8.4544875E+01    2.0803097E+01
    2.2260000E+00    8.4670915E+01    2.0803095E+01
    2.2300000E+00    8.4796967E+01    2.0803094E+01
    2.2340000E+00    8.4923030E+01    2.0803092E+01
    2.2380000E+00    8.5049105E+01    2.0803091E+01
    2.2420000E+00    8.5175190E+01    2.0803089E+01
    2.2460000E+00    8.5301285E+01    2.0803087E+01
    2.2500000E+00    8.5427390E+01    2.0803085E+01
    2.2540000E+00    8.5553503E+01    2.0803082E+01
    2.2580000E+00    8.5679624E+01    2.0803080E+01
    2.2620000E+00    8.5805753E+01    2.0803077E+01
    2.2660000E+00    8.5931889E+01    2.0803075E+01
    2.2700000E+00    8.6058031E+01    2.0803072E+01
    2.2740000E+00    8.6184178E+01    2.0803069E+01
    2.2780000E+00    8.6310331E+01    2.0803066E+01
    2.2820000E+00    8.6436489E+01    2.0803062E+01
    2.2860000E+00    8.6562650E+01    2.0803059E+01
    2.2900000E+00    8.6688814E+01    2.0803056E+01
    2.2940000E+00    8.6814981E+01    2.0803052E+01
    2.2980000E+00    8.6941149E+01    2.0803048E+01
    2.3020000E+00    8.7067319E+01    2.0803045E+01
    2.3060000E+00    8.7193490E+01    2.0803041E+01
    2.3100000E+00    8.7319660E+01    2.0803037E+01
    2.3140000E+00    8.7445830E+01    2.0803033E+01
    2.3180000E+00    8.7571998E+01    2.0803029E+01
    2.3220000E+00    8.7698164E+01    2.0803024E+01
    2.3260000E+00    8.7824327E+01    2.0803020E+01
    2.3300000E+00    8.7950487E+01    2.0803016E+01
    2.3340000E+00    8.8076643E+01    2.0803012E+01
    2.3380000E+00    8.8202793E+01    2.0803007E+01
    2.3420000E+00    8.8328938E+01    2.0803003E+01
    2.3460000E+00    8.8455077E+01    2.0802998E+01
    2.3500000E+00    8.8581208E+01    2.0802993E+01
    2.3540000E+00    8.8707332E+01    2.0802989E+01
    2.3580000E+00    8.8833447E+01    2.0802984E+01
    2.3620000E+00    8.8959553E+01    2.0802979E+01
    2.3660000E+00    8.9085648E+01    2.0802974E+01
    2.3700000E+00    8.9211733E+01    2.0802969E+01
    2.3740000E+00    8.9337806E+01    2.0802964E+01
    2.3780000E+00    8.9463867E+01    2.0802959E+01
    2.3820000E+00    8.9589915E+01    2.0802955E+01
    2.3860000E+00    8.9715949E+01    2.0802949E+01
    2.3900000E+00    8.9841968E+01    2.0802944E+01
    2.3940000E+00    8.9967972E+01    2.0802939E+01
    2.3980000E+00    9.0093959E+01    2.0802934E+01
    2.4020000E+00    9.0219929E+01    2.0802929E+01
    2.4060000E+00    9.0345882E+01    2.0802924E+01
    2.4100000E+00    9.0471815E+01    2.0802919E+01
    2.4140000E+00    9.0597729E+01    2.0802914E+01
    2.4180000E+00    9.0723623E+01    2.0802908E+01
    2.4220000E+00    9.0849495E+01    2.0802903E+01
    2.4260000E+00    9.0975346E+01    2.0802898E+01
    2.4300000E+00    9.1101173E+01    2.0802893E+01
    2.4340000E+00    9.1226977E+01    2.0802887E+01
    2.4380000E+00    9.1352756E+01    2.0802882E+01
    2.4420000E+00    9.1478509E+01    2.0802877E+01
    2.4460000E+00    9.1604236E+01    2.0802871E+01
    2.4500000E+00    9.1729936E+01    2.0802866E+01
    2.4540000E+00    9.1855608E+01    2.0802861E+01
    2.4580000E+00    9.1981250E+01    2.0802855E+01
    2.4620000E+00    9.2106862E+01    2.0802850E+01
    2.4660000E+00    9.2232444E+01    2.0802845E+01
    2.4700000E+00    9.2357994E+01    2.0802839E+01
    2.4740000E+00    9.2483511E+01    2.0802834E+01
    2.4780000E+00    9.2608994E+01    2.0802829E+01
    2.4820000E+00    9.2734443E+01    2.0802824E+01
    2.4860000E+00    9.2859856E+01    2.0802818E+01
    2.4900000E+00    9.2985232E+01    2.0802813E+01
    2.4940000E+00    9.3110572E+01    2.0802808E+01
    2.4980000E+00    9.3235872E+01    2.0802802E+01
    2.5020000E+00    9.3361134E+01    2.0802797E+01
    2.5060000E+00    9.3486355E+01    2.0802792E+01
    2.5100000E+00    9.3611534E+01    2.0802787E+01
    2.5140000E+00    9.3736671E+01    2.0802781E+01
    2.5180000E+00    9.3861765E+01    2.0802776E+01
    2.5220000E+00    9.3986814E+01    2.0802771E+01
    2.5260000E+00    9.4111818E+01    2.0802766E+01
    2.5300000E+00    9.4236776E+01    2.0802761E+01
    2.5340000E+00    9.4361686E+01    2.0802755E+01
    2.5380000E+00    9.4486548E+01    2.0802750E+01
    2.5420000E+00    9.4611360E+01    2.0802745E+01
    2.5460000E+00    9.4736121E+01    2.0802740E+01
    2.5500000E+00    9.4860831E+01    2.0802735E+01
    2.5540000E+00    9.4985489E+01    2.0802730E+01
    2.5580000E+00    9.5110092E+01    2.0802725E+01
    2.5620000E+00    9.5234641E+01    2.0802720E+01
    2.5660000E+00    9.5359133E+01    2.0802715E+01
    2.5700000E+00    9.5483569E+01    2.0802710E+01
    2.5740000E+00    9.5607947E+01    2.0802705E+01
    2.5780000E+00    9.5732265E+01    2.0802700E+01
    2.5820000E+00    9.5856523E+01    2.0802695E+01
    2.5860000E+00    9.5980720E+01    2.0802690E+01
    2.5900000E+00    9.6104853E+01    2.0802685E+01
    2.5940000E+00    9.6228924E+01    2.0802681E+01
    2.5980000E+00    9.6352929E+01    2.0802676E+01
    2.6020000E+00    9.6476868E+01    2.0802671E+01
    2.6060000E+00    9.6600741E+01    2.0802666E+01
    2.6100000E+00    9.6724544E+01    2.0802661E+01
    2.6140000E+00    9.6848279E+01    2.0802657E+01
    2.6180000E+00    9.6971943E+01    2.0802652E+01
    2.6220000E+00    9.7095534E+01    2.0802647E+01
    2.6260000E+00    9.7219053E+01    2.0802643E+01
    2.6300000E+00    9.7342498E+01    2.0802638E+01
    2.6340000E+00    9.7465867E+01    2.0802634E+01
    2.6380000E+00    9.7589159E+01    2.0802629E+01
    2.6420000E+00    9.7712373E+01    2.0802625E+01
    2.6460000E+00    9.7835509E+01    2.0802620E+01
    2.6500000E+00    9.7958563E+01    2.0802616E+01
    2.6540000E+00    9.8081537E+01    2.0802611E+01
    2.6580000E+00    9.8204427E+01    2.0802607E+01
    2.6620000E+00    9.8327233E+01    2.0802602E+01
    2.6660000E+00    9.8449954E+01    2.0802598E+01
    2.6700000E+00    9.8572589E+01    2.0802594E+01
    2.6740000E+00    9.8695135E+01    2.0802590E+01
    2.6780000E+00    9.8817592E+01    2.0802585E+01
    2.6820000E+00    9.8939958E+01    2.0802581E+01
    2.6860000E+00    9.9062233E+01    2.0802577E+01
    2.6900000E+00    9.9184415E+01    2.0802573E+01
    2.6940000E+00    9.9306502E+01    2.0802569E+01
    2.6980000E+00    9.9428493E+01    2.0802564E+01
    2.7020000E+00    9.9550387E+01    2.0802560E+01
    2.7060000E+00    9.9672183E+01    2.0802556E+01
    2.7100000E+00    9.9793879E+01    2.0802552E+01
    2.7140000E+00    9.9915474E+01    2.0802548E+01
    2.7180000E+00    1.0003697E+02    2.0802544E+01
    2.7220000E+00    1.0015835E+02    2.0802541E+01
    2.7260000E+00    1.0027964E+02    2.0802537E+01
    2.7300000E+00    1.0040081E+02    2.0802533E+01
    2.7340000E+00    1.0052188E+02    2.0802529E+01
    2.7380000E+00    1.0064284E+02    2.0802525E+01
    2.7420000E+00    1.0076369E+02    2.0802521E+01
    2.7460000E+00    1.0088443E+02    2.0802518E+01
    2.7500000E+00    1.0100505E+02    2.0802514E+01
    2.7540000E+00    1.0112556E+02    2.0802510E+01
    2.7580000E+00    1.0124595E+02    2.0802507E+01
    2.7620000E+00    1.0136622E+02    2.0802503E+01
    2.7660000E+00    1.0148637E+02    2.0802500E+01
    2.7700000E+00    1.0160641E+02    2.0802496E+01
    2.7740000E+00    1.0172632E+02    2.0802492E+01
    2.7780000E+00    1.0184610E+02    2.0802489E+01
    2.7820000E+00    1.0196576E+02    2.0802486E+01
    2.7860000E+00    1.0208530E+02    2.0802482E+01
    2.7900000E+00    1.0220470E+02    2.0802479E+01
    2.7940000E+00    1.0232398E+02    2.0802475E+01
    2.7980000E+00    1.0244312E+02    2.0802472E+01
    2.8020000E+00    1.0256214E+02    2.0802469E+01
    2.8060000E+00    1.0268102E+02    2.0802465E+01
    2.8100000E+00    1.0279976E+02    2.0802462E+01
    2.8140000E+00    1.0291836E+02    2.0802459E+01
    2.8180000E+00    1.0303683E+02    2.0802456E+01
    2.8220000E+00    1.0315515E+02    2.0802453E+01
    2.8260000E+00    1.0327334E+02    2.0802450E+01
    2.8300000E+00    1.0339138E+02    2.0802446E+01
    2.8340000E+00    1.0350927E+02    2.0802443E+01
    2.8380000E+00    1.0362702E+02    2.0802440E+01
    2.8420000E+00    1.0374462E+02    2.0802437E+01
    2.8460000E+00    1.0386207E+02    2.0802434E+01
    2.8500000E+00    1.0397937E+02    2.0802431E+01
    2.8540000E+00    1.0409652E+02    2.0802428E+01
    2.8580000E+00    1.0421351E+02    2.0802426E+01
    2.8620000E+00    1.0433034E+02    2.0802423E+01
    2.8660000E+00    1.0444702E+02    2.0802420E+01
    2.8700000E+00    1.0456354E+02    2.0802417E+01
    2.8740000E+00    1.0467989E+02    2.0802414E+01
    2.8780000E+00    1.0479608E+02    2.0802412E+01
    2.8820000E+00    1.0491211E+02    2.0802409E+01
    2.8860000E+00    1.0502798E+02    2.0802406E+01
    2.8900000E+00    1.0514367E+02    2.0802403E+01
    2.8940000E+00    1.0525920E+02    2.0802401E+01
    2.8980000E+00    1.0537455E+02    2.0802398E+01
    2.9020000E+00    1.0548973E+02    2.0802396E+01
    2.9060000E+00    1.0560474E+02    2.0802393E+01
    2.9100000E+00    1.0571957E+02    2.0802391E+01
    2.9140000E+00    1.0583422E+02    2.0802388E+01
    2.9180000E+00    1.0594870E+02    2.0802386E+01
    2.9220000E+00    1.0606299E+02    2.0802383E+01
    2.9260000E+00    1.0617710E+02    2.0802381E+01
    2.9300000E+00    1.0629102E+02    2.0802378E+01
    2.9340000E+00    1.0640476E+02    2.0802376E+01
    2.9380000E+00    1.0651831E+02    2.0802374E+01
    2.9420000E+00    1.0663167E+02    2.0802371E+01
    2.9460000E+00    1.0674484E+02    2.0802369E+01
    2.9500000E+00    1.0685781E+02    2.0802367E+01
    2.9540000E+00    1.0697059E+02    2.0802364E+01
    2.9580000E+00    1.0708317E+02    2.0802362E+01
    2.9620000E+00    1.0719556E+02    2.0802360E+01
    2.9660000E+00    1.0730774E+02    2.0802358E+01
    2.9700000E+00    1.0741972E+02    2.0802356E+01
    2.9740000E+00    1.0753150E+02    2.0802354E+01
    2.9780000E+00    1.0764307E+02    2.0802352E+01
    2.9820000E+00    1.0775443E+02    2.0802349E+01
    2.9860000E+00    1.0786559E+02    2.0802347E+01
    2.9900000E+00    1.0797653E+02    2.0802345E+01
    2.9940000E+00    1.0808726E+02    2.0802343E+01
    2.9980000E+00    1.0819777E+02    2.0802341E+01
    3.0020000E+00    1.0830807E+02    2.0802339E+01
    3.0060000E+00    1.0841815E+02    2.0802338E+01
    3.0100000E+00    1.0852800E+02    2.0802336E+01
    3.0140000E+00    1.0863764E+02    2.0802334E+01
    3.0180000E+00    1.0874705E+02    2.0802332E+01
    3.0220000E+00    1.0885624E+02    2.0802330E+01
    3.0260000E+00    1.0896519E+02    2.0802328E+01
    3.0300000E+00    1.0907392E+02    2.0802326E+01
    3.0340000E+00    1.0918242E+02    2.0802325E+01
    3.0380000E+00    1.0929068E+02    2.0802323E+01
    3.0420000E+00    1.0939871E+02    2.0802321E+01
    3.0460000E+00    1.0950650E+02    2.0802320E+01
    3.0500000E+00    1.0961405E+02    2.0802318E+01
    3.0540000E+00    1.0972136E+02    2.0802316E+01
    3.0580000E+00    1.0982842E+02    2.0802315E+01
    3.0620000E+00    1.0993525E+02    2.0802313E+01
    3.0660000E+00    1.1004182E+02    2.0802311E+01
    3.0700000E+00    1.1014815E+02    2.0802310E+01
    3.0740000E+00    1.1025422E+02    2.0802308E+01
    3.0780000E+00    1.1036005E+02    2.0802307E+01
    3.0820000E+00    1.1046562E+02    2.0802305E+01
    3.0860000E+00    1.1057093E+02    2.0802304E+01
    3.0900000E+00    1.1067598E+02    2.0802302E+01
    3.0940000E+00    1.1078078E+02    2.0802301E+01
    3.0980000E+00    1.1088531E+02    2.0802299E+01
    3.1020000E+00    1.1098958E+02    2.0802298E+01
    3.1060000E+00    1.1109358E+02    2.0802296E+01
    3.1100000E+00    1.1119732E+02    2.0802295E+01
    3.1140000E+00    1.1130078E+02    2.0802294E+01
    3.1180000E+00    1.1140397E+02    2.0802292E+01
    3.1220000E+00    1.1150689E+02    2.0802291E+01
    3.1260000E+00    1.1160953E+02    2.0802290E+01
    3.1300000E+00    1.1171190E+02    2.0802288E+01
    3.1340000E+00    1.1181398E+02    2.0802287E+01
    3.1380000E+00    1.1191579E+02    2.0802286E+01
    3.1420000E+00    1.1201731E+02    2.0802285E+01
    3.1460000E+00    1.1211854E+02    2.0802283E+01
    3.1500000E+00    1.1221949E+02    2.0802282E+01
    3.1540000E+00    1.1232014E+02    2.0802281E+01
    3.1580000E+00    1.1242051E+02    2.0802280E+01
    3.1620000E+00    1.1252058E+02    2.0802279E+01
    3.1660000E+00    1.1262036E+02    2.0802278E+01
    3.1700000E+00    1.1271984E+02    2.0802276E+01
    3.1740000E+00    1.1281901E+02    2.0802275E+01
    3.1780000E+00    1.1291789E+02    2.0802274E+01
    3.1820000E+00    1.1301647E+02    2.0802273E+01
    3.1860000E+00    1.1311473E+02    2.0802272E+01
    3.1900000E+00    1.1321270E+02    2.0802271E+01
    3.1940000E+00    1.1331035E+02    2.0802270E+01
    3.1980000E+00    1.1340769E+02    2.0802269E+01
    3.2020000E+00    1.1350471E+02    2.0802268E+01
    3.2060000E+00    1.1360142E+02    2.0802267E+01
    3.2100000E+00    1.1369782E+02    2.0802266E+01
    3.2140000E+00    1.1379389E+02    2.0802265E+01
    3.2180000E+00    1.1388964E+02    2.0802264E+01
    3.2220000E+00    1.1398507E+02    2.0802263E+01
    3.2260000E+00    1.1408017E+02    2.0802262E+01
    3.2300000E+00    1.1417495E+02    2.0802262E+01
    3.2340000E+00    1.1426939E+02    2.0802261E+01
    3.2380000E+00    1.1436351E+02    2.0802260E+01
    3.2420000E+00    1.1445729E+02    2.0802259E+01
    3.2460000E+00    1.1455073E+02    2.0802258E+01
    3.2500000E+00    1.1464384E+02    2.0802257E+01
    3.2540000E+00    1.1473661E+02    2.0802257E+01
    3.2580000E+00    1.1482903E+02    2.0802256E+01
    3.2620000E+00    1.1492111E+02    2.0802255E+01
    3.2660000E+00    1.1501285E+02    2.0802254E+01
    3.2700000E+00    1.1510424E+02    2.0802253E+01
    3.2740000E+00    1.1519528E+02    2.0802253E+01
    3.2780000E+00    1.1528596E+02    2.0802252E+01
    3.2820000E+00    1.1537630E+02    2.0802251E+01
    3.2860000E+00    1.1546627E+02    2.0802251E+01
    3.2900000E+00    1.1555589E+02    2.0802250E+01
    3.2940000E+00    1.1564515E+02    2.0802249E+01
    3.2980000E+00    1.1573405E+02    2.0802249E+01
    3.3020000E+00    1.1582258E+02    2.0802248E+01
    3.3060000E+00    1.1591075E+02    2.0802247E+01
    3.3100000E+00    1.1599855E+02    2.0802247E+01
    3.3140000E+00    1.1608598E+02    2.0802246E+01
    3.3180000E+00    1.1617304E+02    2.0802245E+01
    3.3220000E+00    1.1625972E+02    2.0802245E+01
    3.3260000E+00    1.1634603E+02    2.0802244E+01
    3.3300000E+00    1.1643196E+02    2.0802244E+01
    3.3340000E+00    1.1651751E+02    2.0802243E+01
    3.3380000E+00    1.1660268E+02    2.0802242E+01
    3.3420000E+00    1.1668747E+02    2.0802242E+01
    3.3460000E+00    1.1677187E+02    2.0802241E+01
    3.3500000E+00    1.1685588E+02    2.0802241E+01
    3.3540000E+00    1.1693950E+02    2.0802240E+01
    3.3580000E+00    1.1702273E+02    2.0802240E+01
    3.3620000E+00    1.1710557E+02    2.0802239E+01
    3.3660000E+00    1.1718801E+02    2.0802239E+01
    3.3700000E+00    1.1727005E+02    2.0802238E+01
    3.3740000E+00    1.1735169E+02    2.0802238E+01
    3.3780000E+00    1.1743293E+02    2.0802237E+01
    3.3820000E+00    1.1751377E+02    2.0802237E+01
    3.3860000E+00    1.1759420E+02    2.0802237E+01
    3.3900000E+00    1.1767423E+02    2.0802236E+01
    3.3940000E+00    1.1775384E+02    2.0802236E+01
    3.3980000E+00    1.1783305E+02    2.0802235E+01
    3.4020000E+00    1.1791184E+02    2.0802235E+01
    3.4060000E+00    1.1799021E+02    2.0802234E+01
    3.4100000E+00    1.1806817E+02    2.0802234E+01
    3.4140000E+00    1.1814571E+02    2.0802234E+01
    3.4180000E+00    1.1822283E+02    2.0802233E+01
    3.4220000E+00    1.1829953E+02    2.0802233E+01
    3.4260000E+00    1.1837580E+02    2.0802233E+01
    3.4300000E+00    1.1845164E+02    2.0802232E+01
    3.4340000E+00    1.1852705E+02    2.0802232E+01
    3.4380000E+00    1.1860204E+02    2.0802232E+01
    3.4420000E+00    1.1867659E+02    2.0802231E+01
    3.4460000E+00    1.1875071E+02    2.0802231E+01
    3.4500000E+00    1.1882439E+02    2.0802231E+01
    3.4540000E+00    1.1889763E+02    2.0802230E+01
    3.4580000E+00    1.1897044E+02    2.0802230E+01
    3.4620000E+00    1.1904280E+02    2.0802230E+01
    3.4660000E+00    1.1911472E+02    2.0802229E+01
    3.4700000E+00    1.1918619E+02    2.0802229E+01
    3.4740000E+00    1.1925722E+02    2.0802229E+01
    3.4780000E+00    1.1932779E+02    2.0802229E+01
    3.4820000E+00    1.1939792E+02    2.0802228E+01
    3.4860000E+00    1.1946759E+02    2.0802228E+01
    3.4900000E+00    1.1953681E+02    2.0802228E+01
    3.4940000E+00    1.1960557E+02    2.0802228E+01
    3.4980000E+00    1.1967387E+02    2.0802227E+01
    3.5020000E+00    1.1974171E+02    2.0802227E+01
    3.5060000E+00    1.1980909E+02    2.0802227E+01
    3.5100000E+00    1.1987601E+02    2.0802227E+01
    3.5140000E+00    1.1994246E+02    2.0802227E+01
    3.5180000E+00    1.2000845E+02    2.0802226E+01
    3.5220000E+00    1.2007397E+02    2.0802226E+01
    3.5260000E+00    1.2013901E+02    2.0802226E+01
    3.5300000E+00    1.2020358E+02    2.0802226E+01
    3.5340000E+00    1.2026768E+02    2.0802226E+01
    3.5380000E+00    1.2033131E+02    2.0802225E+01
    3.5420000E+00    1.2039445E+02    2.0802225E+01
    3.5460000E+00    1.2045712E+02    2.0802225E+01
    3.5500000E+00    1.2051931E+02    2.0802225E+01
    3.5540000E+00    1.2058101E+02    2.0802225E+01
    3.5580000E+00    1.2064223E+02    2.0802225E+01
    3.5620000E+00    1.2070296E+02    2.0802224E+01
    3.5660000E+00    1.2076321E+02    2.0802224E+01
    3.5700000E+00    1.2082296E+02    2.0802224E+01
    3.5740000E+00    1.2088223E+02    2.0802224E+01
    3.5780000E+00    1.2094100E+02    2.0802224E+01
    3.5820000E+00    1.2099928E+02    2.0802224E+01
    3.5860000E+00    1.2105706E+02    2.0802224E+01
    3.5900000E+00    1.2111435E+02    2.0802223E+01
    3.5940000E+00    1.2117114E+02    2.0802223E+01
    3.5980000E+00    1.2122742E+02    2.0802223E+01
    3.6020000E+00    1.2128321E+02    2.0802223E+01
    3.6060000E+00    1.2133849E+02    2.0802223E+01
    3.6100000E+00    1.2139327E+02    2.0802223E+01
    3.6140000E+00    1.2144753E+02    2.0802223E+01
    3.6180000E+00    1.2150130E+02    2.0802223E+01
    3.6220000E+00    1.2155455E+02    2.0802223E+01
    3.6260000E+00    1.2160729E+02    2.0802223E+01
    3.6300000E+00    1.2165952E+02    2.0802222E+01
    3.6340000E+00    1.2171123E+02    2.0802222E+01
    3.6380000E+00    1.2176243E+02    2.0802222E+01
    3.6420000E+00    1.2181311E+02    2.0802222E+01
    3.6460000E+00    1.2186327E+02    2.0802222E+01
    3.6500000E+00    1.2191291E+02    2.0802222E+01
    3.6540000E+00    1.2196204E+02    2.0802222E+01
    3.6580000E+00    1.2201063E+02    2.0802222E+01
    3.6620000E+00    1.2205871E+02    2.0802222E+01
    3.6660000E+00    1.2210626E+02    2.0802222E+01
    3.6700000E+00    1.2215328E+02    2.0802222E+01
    3.6740000E+00    1.2219978E+02    2.0802222E+01
    3.6780000E+00    1.2224574E+02    2.0802222E+01
    3.6820000E+00    1.2229117E+02    2.0802222E+01
    3.6860000E+00    1.2233608E+02    2.0802222E+01
    3.6900000E+00    1.2238044E+02    2.0802221E+01
    3.6940000E+00    1.2242428E+02    2.0802221E+01
    3.6980000E+00    1.2246758E+02    2.0802221E+01
    3.7020000E+00    1.2251034E+02    2.0802221E+01
    3.7060000E+00    1.2255256E+02    2.0802221E+01
    3.7100000E+00    1.2259424E+02    2.0802221E+01
    3.7140000E+00    1.2263538E+02    2.0802221E+01
    3.7180000E+00    1.2267598E+02    2.0802221E+01
    3.7220000E+00    1.2271604E+02    2.0802221E+01
    3.7260000E+00    1.2275555E+02    2.0802221E+01
    3.7300000E+00    1.2279451E+02    2.0802221E+01
    3.7340000E+00    1.2283293E+02    2.0802221E+01
    3.7380000E+00    1.2287080E+02    2.0802221E+01
    3.7420000E+00    1.2290812E+02    2.0802221E+01
    3.7460000E+00    1.2294490E+02    2.0802221E+01
    3.7500000E+00    1.2298112E+02    2.0802221E+01
    3.7540000E+00    1.2301678E+02    2.0802221E+01
    3.7580000E+00    1.2305190E+02    2.0802221E+01
    3.7620000E+00    1.2308646E+02    2.0802221E+01
    3.7660000E+00    1.2312046E+02    2.0802221E+01
    3.7700000E+00    1.2315391E+02    2.0802221E+01
    3.7740000E+00    1.2318680E+02    2.0802221E+01
    3.7780000E+00    1.2321914E+02    2.0802221E+01
    3.7820000E+00    1.2325091E+02    2.0802221E+01
    3.7860000E+00    1.2328212E+02    2.0802221E+01
    3.7900000E+00    1.2331277E+02    2.0802221E+01
    3.7940000E+00    1.2334286E+02    2.0802221E+01
    3.7980000E+00    1.2337239E+02    2.0802221E+01
    3.8020000E+00    1.2340135E+02    2.0802221E+01
    3.8060000E+00    1.2342975E+02    2.0802221E+01
    3.8100000E+00    1.2345758E+02    2.0802221E+01
    3.8140000E+00    1.2348484E+02    2.0802221E+01
    3.8180000E+00    1.2351154E+02    2.0802221E+01
    3.8220000E+00    1.2353767E+02    2.0802221E+01
    3.8260000E+00    1.2356323E+02    2.0802221E+01
    3.8300000E+00    1.2358822E+02    2.0802221E+01
    3.8340000E+00    1.2361264E+02    2.0802221E+01
    3.8380000E+00    1.2363649E+02    2.0802221E+01
    3.8420000E+00    1.2365977E+02    2.0802221E+01
    3.8460000E+00    1.2368247E+02    2.0802221E+01
    3.8500000E+00    1.2370460E+02    2.0802221E+01
    3.8540000E+00    1.2372616E+02    2.0802221E+01
    3.8580000E+00    1.2374714E+02    2.0802221E+01
    3.8620000E+00    1.2376755E+02    2.0802221E+01
    3.8660000E+00    1.2378738E+02    2.0802221E+01
    3.8700000E+00    1.2380663E+02    2.0802221E+01
    3.8740000E+00    1.2382531E+02    2.0802221E+01
    3.8780000E+00    1.2384341E+02    2.0802221E+01
    3.8820000E+00    1.2386093E+02    2.0802221E+01
    3.8860000E+00    1.2387787E+02    2.0802221E+01
    3.8900000E+00    1.2389423E+02    2.0802221E+01
    3.8940000E+00    1.2391001E+02    2.0802221E+01
    3.8980000E+00    1.2392522E+02    2.0802221E+01
    3.9020000E+00    1.2393984E+02    2.0802221E+01
    3.9060000E+00    1.2395388E+02    2.0802221E+01
    3.9100000E+00    1.2396734E+02    2.0802221E+01
    3.9140000E+00    1.2398021E+02    2.0802221E+01
    3.9180000E+00    1.2399251E+02    2.0802221E+01
    3.9220000E+00    1.2400422E+02    2.0802221E+01
    3.9260000E+00    1.2401534E+02    2.0802221E+01
    3.9300000E+00    1.2402589E+02    2.0802221E+01
    3.9340000E+00    1.2403585E+02    2.0802221E+01
    3.9380000E+00    1.2404522E+02    2.0802221E+01
    3.9420000E+00    1.2405401E+02    2.0802221E+01
    3.9460000E+00    1.2406222E+02    2.0802221E+01
    3.9500000E+00    1.2406984E+02    2.0802221E+01
    3.9540000E+00    1.2407688E+02    2.0802221E+01
    3.9580000E+00    1.2408333E+02    2.0802221E+01
    3.9620000E+00    1.2408919E+02    2.0802221E+01
    3.9660000E+00    1.2409447E+02    2.0802221E+01
    3.9700000E+00    1.2409917E+02    2.0802221E+01
    3.9740000E+00    1.2410327E+02    2.0802221E+01
    3.9780000E+00    1.2410679E+02    2.0802221E+01
    3.9820000E+00    1.2410973E+02    2.0802221E+01
    3.9860000E+00    1.2411207E+02    2.0802221E+01
    3.9900000E+00    1.2411383E+02    2.0802221E+01
    3.9940000E+00    1.2411501E+02    2.0802221E+01
    3.9980000E+00    1.2411559E+02    2.0802221E+01
