# Time          7.5000E+02
# Units: Permil
    Distance        SO4--            SO164--         
    2.0000000E-03    2.1052016E+01    8.7518191E+00
    6.0000000E-03    2.1155933E+01    8.8976415E+00
    1.0000000E-02    2.1259877E+01    9.0419106E+00
    1.4000000E-02    2.1363848E+01    9.1846405E+00
    1.8000000E-02    2.1467846E+01    9.3258450E+00
    2.2000000E-02    2.1571870E+01    9.4655379E+00
    2.6000000E-02    2.1675922E+01    9.6037330E+00
    3.0000000E-02    2.1780001E+01    9.7404439E+00
    3.4000000E-02    2.1884107E+01    9.8756840E+00
    3.8000000E-02    2.1988240E+01    1.0009467E+01
    4.2000000E-02    2.2092400E+01    1.0141806E+01
    4.6000000E-02    2.2196588E+01    1.0272714E+01
    5.0000000E-02    2.2300804E+01    1.0402204E+01
    5.4000000E-02    2.2405046E+01    1.0530290E+01
    5.8000000E-02    2.2509317E+01    1.0656984E+01
    6.2000000E-02    2.2613615E+01    1.0782299E+01
    6.6000000E-02    2.2717940E+01    1.0906249E+01
    7.0000000E-02    2.2822294E+01    1.1028845E+01
    7.4000000E-02    2.2926675E+01    1.1150099E+01
    7.8000000E-02    2.3031084E+01    1.1270026E+01
    8.2000000E-02    2.3135522E+01    1.1388637E+01
    8.6000000E-02    2.3239987E+01    1.1505943E+01
    9.0000000E-02    2.3344480E+01    1.1621959E+01
    9.4000000E-02    2.3449002E+01    1.1736695E+01
    9.8000000E-02    2.3553551E+01    1.1850163E+01
    1.0200000E-01    2.3658130E+01    1.1962376E+01
    1.0600000E-01    2.3762736E+01    1.2073345E+01
    1.1000000E-01    2.3867371E+01    1.2183083E+01
    1.1400000E-01    2.3972034E+01    1.2291600E+01
    1.1800000E-01    2.4076727E+01    1.2398909E+01
    1.2200000E-01    2.4181447E+01    1.2505020E+01
    1.2600000E-01    2.4286197E+01    1.2609946E+01
    1.3000000E-01    2.4390975E+01    1.2713697E+01
    1.3400000E-01    2.4495782E+01    1.2816284E+01
    1.3800000E-01    2.4600619E+01    1.2917720E+01
    1.4200000E-01    2.4705484E+01    1.3018015E+01
    1.4600000E-01    2.4810378E+01    1.3117179E+01
    1.5000000E-01    2.4915302E+01    1.3215225E+01
    1.5400000E-01    2.5020254E+01    1.3312162E+01
    1.5800000E-01    2.5125236E+01    1.3408001E+01
    1.6200000E-01    2.5230248E+01    1.3502753E+01
    1.6600000E-01    2.5335289E+01    1.3596429E+01
    1.7000000E-01    2.5440359E+01    1.3689039E+01
    1.7400000E-01    2.5545459E+01    1.3780593E+01
    1.7800000E-01    2.5650589E+01    1.3871101E+01
    1.8200000E-01    2.5755748E+01    1.3960575E+01
    1.8600000E-01    2.5860938E+01    1.4049024E+01
    1.9000000E-01    2.5966157E+01    1.4136457E+01
    1.9400000E-01    2.6071406E+01    1.4222886E+01
    1.9800000E-01    2.6176685E+01    1.4308320E+01
    2.0200000E-01    2.6281994E+01    1.4392768E+01
    2.0600000E-01    2.6387334E+01    1.4476242E+01
    2.1000000E-01    2.6492704E+01    1.4558749E+01
    2.1400000E-01    2.6598104E+01    1.4640300E+01
    2.1800000E-01    2.6703534E+01    1.4720905E+01
    2.2200000E-01    2.6808996E+01    1.4800572E+01
    2.2600000E-01    2.6914487E+01    1.4879311E+01
    2.3000000E-01    2.7020009E+01    1.4957132E+01
    2.3400000E-01    2.7125562E+01    1.5034044E+01
    2.3800000E-01    2.7231146E+01    1.5110055E+01
    2.4200000E-01    2.7336761E+01    1.5185175E+01
    2.4600000E-01    2.7442407E+01    1.5259413E+01
    2.5000000E-01    2.7548083E+01    1.5332778E+01
    2.5400000E-01    2.7653791E+01    1.5405279E+01
    2.5800000E-01    2.7759530E+01    1.5476923E+01
    2.6200000E-01    2.7865300E+01    1.5547721E+01
    2.6600000E-01    2.7971102E+01    1.5617681E+01
    2.7000000E-01    2.8076935E+01    1.5686811E+01
    2.7400000E-01    2.8182799E+01    1.5755119E+01
    2.7800000E-01    2.8288695E+01    1.5822615E+01
    2.8200000E-01    2.8394623E+01    1.5889306E+01
    2.8600000E-01    2.8500582E+01    1.5955201E+01
    2.9000000E-01    2.8606574E+01    1.6020308E+01
    2.9400000E-01    2.8712597E+01    1.6084635E+01
    2.9800000E-01    2.8818652E+01    1.6148191E+01
    3.0200000E-01    2.8924739E+01    1.6210982E+01
    3.0600000E-01    2.9030858E+01    1.6273018E+01
    3.1000000E-01    2.9137009E+01    1.6334305E+01
    3.1400000E-01    2.9243193E+01    1.6394853E+01
    3.1800000E-01    2.9349409E+01    1.6454667E+01
    3.2200000E-01    2.9455657E+01    1.6513757E+01
    3.2600000E-01    2.9561938E+01    1.6572130E+01
    3.3000000E-01    2.9668252E+01    1.6629793E+01
    3.3400000E-01    2.9774598E+01    1.6686754E+01
    3.3800000E-01    2.9880977E+01    1.6743020E+01
    3.4200000E-01    2.9987389E+01    1.6798599E+01
    3.4600000E-01    3.0093834E+01    1.6853498E+01
    3.5000000E-01    3.0200312E+01    1.6907723E+01
    3.5400000E-01    3.0306822E+01    1.6961283E+01
    3.5800000E-01    3.0413366E+01    1.7014184E+01
    3.6200000E-01    3.0519944E+01    1.7066433E+01
    3.6600000E-01    3.0626554E+01    1.7118037E+01
    3.7000000E-01    3.0733198E+01    1.7169004E+01
    3.7400000E-01    3.0839876E+01    1.7219339E+01
    3.7800000E-01    3.0946587E+01    1.7269051E+01
    3.8200000E-01    3.1053331E+01    1.7318144E+01
    3.8600000E-01    3.1160110E+01    1.7366627E+01
    3.9000000E-01    3.1266922E+01    1.7414506E+01
    3.9400000E-01    3.1373768E+01    1.7461787E+01
    3.9800000E-01    3.1480648E+01    1.7508477E+01
    4.0200000E-01    3.1587562E+01    1.7554582E+01
    4.0600000E-01    3.1694511E+01    1.7600109E+01
    4.1000000E-01    3.1801493E+01    1.7645064E+01
    4.1400000E-01    3.1908510E+01    1.7689452E+01
    4.1800000E-01    3.2015561E+01    1.7733282E+01
    4.2200000E-01    3.2122647E+01    1.7776557E+01
    4.2600000E-01    3.2229768E+01    1.7819286E+01
    4.3000000E-01    3.2336923E+01    1.7861472E+01
    4.3400000E-01    3.2444112E+01    1.7903124E+01
    4.3800000E-01    3.2551337E+01    1.7944246E+01
    4.4200000E-01    3.2658596E+01    1.7984844E+01
    4.4600000E-01    3.2765891E+01    1.8024925E+01
    4.5000000E-01    3.2873220E+01    1.8064494E+01
    4.5400000E-01    3.2980585E+01    1.8103556E+01
    4.5800000E-01    3.3087985E+01    1.8142117E+01
    4.6200000E-01    3.3195420E+01    1.8180184E+01
    4.6600000E-01    3.3302890E+01    1.8217761E+01
    4.7000000E-01    3.3410397E+01    1.8254854E+01
    4.7400000E-01    3.3517938E+01    1.8291468E+01
    4.7800000E-01    3.3625516E+01    1.8327609E+01
    4.8200000E-01    3.3733129E+01    1.8363283E+01
    4.8600000E-01    3.3840778E+01    1.8398493E+01
    4.9000000E-01    3.3948463E+01    1.8433247E+01
    4.9400000E-01    3.4056184E+01    1.8467548E+01
    4.9800000E-01    3.4163941E+01    1.8501403E+01
    5.0200000E-01    3.4271734E+01    1.8534815E+01
    5.0600000E-01    3.4379563E+01    1.8567791E+01
    5.1000000E-01    3.4487429E+01    1.8600335E+01
    5.1400000E-01    3.4595332E+01    1.8632452E+01
    5.1800000E-01    3.4703270E+01    1.8664147E+01
    5.2200000E-01    3.4811246E+01    1.8695425E+01
    5.2600000E-01    3.4919258E+01    1.8726290E+01
    5.3000000E-01    3.5027307E+01    1.8756748E+01
    5.3400000E-01    3.5135393E+01    1.8786804E+01
    5.3800000E-01    3.5243516E+01    1.8816461E+01
    5.4200000E-01    3.5351676E+01    1.8845724E+01
    5.4600000E-01    3.5459873E+01    1.8874599E+01
    5.5000000E-01    3.5568107E+01    1.8903089E+01
    5.5400000E-01    3.5676379E+01    1.8931199E+01
    5.5800000E-01    3.5784688E+01    1.8958934E+01
    5.6200000E-01    3.5893035E+01    1.8986298E+01
    5.6600000E-01    3.6001419E+01    1.9013295E+01
    5.7000000E-01    3.6109841E+01    1.9039930E+01
    5.7400000E-01    3.6218300E+01    1.9066206E+01
    5.7800000E-01    3.6326798E+01    1.9092129E+01
    5.8200000E-01    3.6435333E+01    1.9117702E+01
    5.8600000E-01    3.6543907E+01    1.9142929E+01
    5.9000000E-01    3.6652518E+01    1.9167815E+01
    5.9400000E-01    3.6761168E+01    1.9192364E+01
    5.9800000E-01    3.6869856E+01    1.9216579E+01
    6.0200000E-01    3.6978583E+01    1.9240465E+01
    6.0600000E-01    3.7087348E+01    1.9264025E+01
    6.1000000E-01    3.7196151E+01    1.9287264E+01
    6.1400000E-01    3.7304994E+01    1.9310185E+01
    6.1800000E-01    3.7413875E+01    1.9332792E+01
    6.2200000E-01    3.7522795E+01    1.9355090E+01
    6.2600000E-01    3.7631754E+01    1.9377081E+01
    6.3000000E-01    3.7740751E+01    1.9398769E+01
    6.3400000E-01    3.7849788E+01    1.9420159E+01
    6.3800000E-01    3.7958865E+01    1.9441253E+01
    6.4200000E-01    3.8067980E+01    1.9462055E+01
    6.4600000E-01    3.8177135E+01    1.9482570E+01
    6.5000000E-01    3.8286329E+01    1.9502799E+01
    6.5400000E-01    3.8395563E+01    1.9522748E+01
    6.5800000E-01    3.8504837E+01    1.9542419E+01
    6.6200000E-01    3.8614150E+01    1.9561815E+01
    6.6600000E-01    3.8723503E+01    1.9580941E+01
    6.7000000E-01    3.8832897E+01    1.9599799E+01
    6.7400000E-01    3.8942330E+01    1.9618393E+01
    6.7800000E-01    3.9051803E+01    1.9636726E+01
    6.8200000E-01    3.9161317E+01    1.9654801E+01
    6.8600000E-01    3.9270870E+01    1.9672622E+01
    6.9000000E-01    3.9380465E+01    1.9690191E+01
    6.9400000E-01    3.9490099E+01    1.9707512E+01
    6.9800000E-01    3.9599775E+01    1.9724588E+01
    7.0200000E-01    3.9709491E+01    1.9741421E+01
    7.0600000E-01    3.9819247E+01    1.9758016E+01
    7.1000000E-01    3.9929045E+01    1.9774375E+01
    7.1400000E-01    4.0038883E+01    1.9790501E+01
    7.1800000E-01    4.0148763E+01    1.9806396E+01
    7.2200000E-01    4.0258684E+01    1.9822064E+01
    7.2600000E-01    4.0368645E+01    1.9837508E+01
    7.3000000E-01    4.0478649E+01    1.9852731E+01
    7.3400000E-01    4.0588693E+01    1.9867735E+01
    7.3800000E-01    4.0698779E+01    1.9882523E+01
    7.4200000E-01    4.0808907E+01    1.9897097E+01
    7.4600000E-01    4.0919076E+01    1.9911462E+01
    7.5000000E-01    4.1029288E+01    1.9925618E+01
    7.5400000E-01    4.1139541E+01    1.9939570E+01
    7.5800000E-01    4.1249835E+01    1.9953319E+01
    7.6200000E-01    4.1360172E+01    1.9966868E+01
    7.6600000E-01    4.1470552E+01    1.9980220E+01
    7.7000000E-01    4.1580973E+01    1.9993378E+01
    7.7400000E-01    4.1691437E+01    2.0006343E+01
    7.7800000E-01    4.1801943E+01    2.0019118E+01
    7.8200000E-01    4.1912491E+01    2.0031707E+01
    7.8600000E-01    4.2023083E+01    2.0044110E+01
    7.9000000E-01    4.2133717E+01    2.0056331E+01
    7.9400000E-01    4.2244393E+01    2.0068372E+01
    7.9800000E-01    4.2355113E+01    2.0080236E+01
    8.0200000E-01    4.2465875E+01    2.0091924E+01
    8.0600000E-01    4.2576681E+01    2.0103439E+01
    8.1000000E-01    4.2687530E+01    2.0114783E+01
    8.1400000E-01    4.2798422E+01    2.0125959E+01
    8.1800000E-01    4.2909357E+01    2.0136969E+01
    8.2200000E-01    4.3020336E+01    2.0147814E+01
    8.2600000E-01    4.3131358E+01    2.0158498E+01
    8.3000000E-01    4.3242424E+01    2.0169022E+01
    8.3400000E-01    4.3353534E+01    2.0179388E+01
    8.3800000E-01    4.3464687E+01    2.0189599E+01
    8.4200000E-01    4.3575884E+01    2.0199656E+01
    8.4600000E-01    4.3687125E+01    2.0209562E+01
    8.5000000E-01    4.3798411E+01    2.0219319E+01
    8.5400000E-01    4.3909740E+01    2.0228928E+01
    8.5800000E-01    4.4021114E+01    2.0238392E+01
    8.6200000E-01    4.4132532E+01    2.0247713E+01
    8.6600000E-01    4.4243995E+01    2.0256892E+01
    8.7000000E-01    4.4355502E+01    2.0265931E+01
    8.7400000E-01    4.4467053E+01    2.0274833E+01
    8.7800000E-01    4.4578650E+01    2.0283599E+01
    8.8200000E-01    4.4690291E+01    2.0292231E+01
    8.8600000E-01    4.4801977E+01    2.0300730E+01
    8.9000000E-01    4.4913708E+01    2.0309100E+01
    8.9400000E-01    4.5025484E+01    2.0317341E+01
    8.9800000E-01    4.5137305E+01    2.0325455E+01
    9.0200000E-01    4.5249172E+01    2.0333444E+01
    9.0600000E-01    4.5361084E+01    2.0341310E+01
    9.1000000E-01    4.5473041E+01    2.0349054E+01
    9.1400000E-01    4.5585044E+01    2.0356678E+01
    9.1800000E-01    4.5697092E+01    2.0364184E+01
    9.2200000E-01    4.5809187E+01    2.0371573E+01
    9.2600000E-01    4.5921327E+01    2.0378847E+01
    9.3000000E-01    4.6033512E+01    2.0386008E+01
    9.3400000E-01    4.6145744E+01    2.0393057E+01
    9.3800000E-01    4.6258022E+01    2.0399996E+01
    9.4200000E-01    4.6370346E+01    2.0406825E+01
    9.4600000E-01    4.6482716E+01    2.0413548E+01
    9.5000000E-01    4.6595133E+01    2.0420165E+01
    9.5400000E-01    4.6707596E+01    2.0426677E+01
    9.5800000E-01    4.6820106E+01    2.0433087E+01
    9.6200000E-01    4.6932662E+01    2.0439395E+01
    9.6600000E-01    4.7045265E+01    2.0445604E+01
    9.7000000E-01    4.7157914E+01    2.0451714E+01
    9.7400000E-01    4.7270611E+01    2.0457727E+01
    9.7800000E-01    4.7383354E+01    2.0463644E+01
    9.8200000E-01    4.7496144E+01    2.0469467E+01
    9.8600000E-01    4.7608982E+01    2.0475197E+01
    9.9000000E-01    4.7721867E+01    2.0480835E+01
    9.9400000E-01    4.7834799E+01    2.0486382E+01
    9.9800000E-01    4.7947778E+01    2.0491841E+01
    1.0020000E+00    4.8060805E+01    2.0497212E+01
    1.0060000E+00    4.8173880E+01    2.0502496E+01
    1.0100000E+00    4.8287002E+01    2.0507695E+01
    1.0140000E+00    4.8400172E+01    2.0512810E+01
    1.0180000E+00    4.8513389E+01    2.0517842E+01
    1.0220000E+00    4.8626655E+01    2.0522793E+01
    1.0260000E+00    4.8739968E+01    2.0527663E+01
    1.0300000E+00    4.8853330E+01    2.0532453E+01
    1.0340000E+00    4.8966740E+01    2.0537166E+01
    1.0380000E+00    4.9080198E+01    2.0541802E+01
    1.0420000E+00    4.9193704E+01    2.0546361E+01
    1.0460000E+00    4.9307259E+01    2.0550846E+01
    1.0500000E+00    4.9420862E+01    2.0555257E+01
    1.0540000E+00    4.9534514E+01    2.0559596E+01
    1.0580000E+00    4.9648214E+01    2.0563863E+01
    1.0620000E+00    4.9761964E+01    2.0568060E+01
    1.0660000E+00    4.9875762E+01    2.0572187E+01
    1.0700000E+00    4.9989609E+01    2.0576246E+01
    1.0740000E+00    5.0103504E+01    2.0580238E+01
    1.0780000E+00    5.0217449E+01    2.0584163E+01
    1.0820000E+00    5.0331444E+01    2.0588023E+01
    1.0860000E+00    5.0445487E+01    2.0591818E+01
    1.0900000E+00    5.0559580E+01    2.0595550E+01
    1.0940000E+00    5.0673722E+01    2.0599219E+01
    1.0980000E+00    5.0787913E+01    2.0602827E+01
    1.1020000E+00    5.0902154E+01    2.0606374E+01
    1.1060000E+00    5.1016445E+01    2.0609861E+01
    1.1100000E+00    5.1130785E+01    2.0613290E+01
    1.1140000E+00    5.1245176E+01    2.0616661E+01
    1.1180000E+00    5.1359616E+01    2.0619974E+01
    1.1220000E+00    5.1474106E+01    2.0623232E+01
    1.1260000E+00    5.1588646E+01    2.0626434E+01
    1.1300000E+00    5.1703236E+01    2.0629581E+01
    1.1340000E+00    5.1817876E+01    2.0632675E+01
    1.1380000E+00    5.1932567E+01    2.0635716E+01
    1.1420000E+00    5.2047307E+01    2.0638705E+01
    1.1460000E+00    5.2162099E+01    2.0641642E+01
    1.1500000E+00    5.2276940E+01    2.0644530E+01
    1.1540000E+00    5.2391833E+01    2.0647367E+01
    1.1580000E+00    5.2506776E+01    2.0650156E+01
    1.1620000E+00    5.2621769E+01    2.0652896E+01
    1.1660000E+00    5.2736813E+01    2.0655589E+01
    1.1700000E+00    5.2851909E+01    2.0658235E+01
    1.1740000E+00    5.2967055E+01    2.0660835E+01
    1.1780000E+00    5.3082252E+01    2.0663390E+01
    1.1820000E+00    5.3197500E+01    2.0665901E+01
    1.1860000E+00    5.3312799E+01    2.0668367E+01
    1.1900000E+00    5.3428149E+01    2.0670791E+01
    1.1940000E+00    5.3543551E+01    2.0673172E+01
    1.1980000E+00    5.3659004E+01    2.0675511E+01
    1.2020000E+00    5.3774509E+01    2.0677809E+01
    1.2060000E+00    5.3890064E+01    2.0680066E+01
    1.2100000E+00    5.4005672E+01    2.0682284E+01
    1.2140000E+00    5.4121331E+01    2.0684462E+01
    1.2180000E+00    5.4237041E+01    2.0686601E+01
    1.2220000E+00    5.4352804E+01    2.0688703E+01
    1.2260000E+00    5.4468618E+01    2.0690767E+01
    1.2300000E+00    5.4584484E+01    2.0692794E+01
    1.2340000E+00    5.4700402E+01    2.0694785E+01
    1.2380000E+00    5.4816372E+01    2.0696741E+01
    1.2420000E+00    5.4932394E+01    2.0698661E+01
    1.2460000E+00    5.5048468E+01    2.0700547E+01
    1.2500000E+00    5.5164594E+01    2.0702399E+01
    1.2540000E+00    5.5280773E+01    2.0704217E+01
    1.2580000E+00    5.5397004E+01    2.0706002E+01
    1.2620000E+00    5.5513287E+01    2.0707755E+01
    1.2660000E+00    5.5629622E+01    2.0709477E+01
    1.2700000E+00    5.5746010E+01    2.0711167E+01
    1.2740000E+00    5.5862451E+01    2.0712826E+01
    1.2780000E+00    5.5978944E+01    2.0714454E+01
    1.2820000E+00    5.6095490E+01    2.0716053E+01
    1.2860000E+00    5.6212088E+01    2.0717623E+01
    1.2900000E+00    5.6328739E+01    2.0719164E+01
    1.2940000E+00    5.6445443E+01    2.0720676E+01
    1.2980000E+00    5.6562200E+01    2.0722160E+01
    1.3020000E+00    5.6679010E+01    2.0723617E+01
    1.3060000E+00    5.6795873E+01    2.0725047E+01
    1.3100000E+00    5.6912788E+01    2.0726451E+01
    1.3140000E+00    5.7029757E+01    2.0727828E+01
    1.3180000E+00    5.7146779E+01    2.0729179E+01
    1.3220000E+00    5.7263854E+01    2.0730506E+01
    1.3260000E+00    5.7380982E+01    2.0731807E+01
    1.3300000E+00    5.7498164E+01    2.0733084E+01
    1.3340000E+00    5.7615398E+01    2.0734337E+01
    1.3380000E+00    5.7732687E+01    2.0735566E+01
    1.3420000E+00    5.7850028E+01    2.0736773E+01
    1.3460000E+00    5.7967423E+01    2.0737956E+01
    1.3500000E+00    5.8084871E+01    2.0739117E+01
    1.3540000E+00    5.8202373E+01    2.0740255E+01
    1.3580000E+00    5.8319929E+01    2.0741372E+01
    1.3620000E+00    5.8437538E+01    2.0742468E+01
    1.3660000E+00    5.8555200E+01    2.0743542E+01
    1.3700000E+00    5.8672917E+01    2.0744596E+01
    1.3740000E+00    5.8790687E+01    2.0745630E+01
    1.3780000E+00    5.8908510E+01    2.0746644E+01
    1.3820000E+00    5.9026388E+01    2.0747638E+01
    1.3860000E+00    5.9144319E+01    2.0748613E+01
    1.3900000E+00    5.9262304E+01    2.0749569E+01
    1.3940000E+00    5.9380343E+01    2.0750506E+01
    1.3980000E+00    5.9498436E+01    2.0751426E+01
    1.4020000E+00    5.9616583E+01    2.0752327E+01
    1.4060000E+00    5.9734784E+01    2.0753210E+01
    1.4100000E+00    5.9853039E+01    2.0754076E+01
    1.4140000E+00    5.9971348E+01    2.0754925E+01
    1.4180000E+00    6.0089711E+01    2.0755757E+01
    1.4220000E+00    6.0208128E+01    2.0756573E+01
    1.4260000E+00    6.0326599E+01    2.0757373E+01
    1.4300000E+00    6.0445124E+01    2.0758156E+01
    1.4340000E+00    6.0563703E+01    2.0758924E+01
    1.4380000E+00    6.0682337E+01    2.0759677E+01
    1.4420000E+00    6.0801024E+01    2.0760415E+01
    1.4460000E+00    6.0919766E+01    2.0761137E+01
    1.4500000E+00    6.1038562E+01    2.0761846E+01
    1.4540000E+00    6.1157412E+01    2.0762540E+01
    1.4580000E+00    6.1276317E+01    2.0763219E+01
    1.4620000E+00    6.1395276E+01    2.0763885E+01
    1.4660000E+00    6.1514289E+01    2.0764538E+01
    1.4700000E+00    6.1633356E+01    2.0765177E+01
    1.4740000E+00    6.1752477E+01    2.0765803E+01
    1.4780000E+00    6.1871653E+01    2.0766416E+01
    1.4820000E+00    6.1990884E+01    2.0767017E+01
    1.4860000E+00    6.2110168E+01    2.0767605E+01
    1.4900000E+00    6.2229507E+01    2.0768181E+01
    1.4940000E+00    6.2348900E+01    2.0768745E+01
    1.4980000E+00    6.2468347E+01    2.0769297E+01
    1.5020000E+00    6.2587849E+01    2.0769838E+01
    1.5060000E+00    6.2707405E+01    2.0770367E+01
    1.5100000E+00    6.2827016E+01    2.0770885E+01
    1.5140000E+00    6.2946680E+01    2.0771393E+01
    1.5180000E+00    6.3066399E+01    2.0771889E+01
    1.5220000E+00    6.3186173E+01    2.0772376E+01
    1.5260000E+00    6.3306000E+01    2.0772851E+01
    1.5300000E+00    6.3425882E+01    2.0773317E+01
    1.5340000E+00    6.3545818E+01    2.0773773E+01
    1.5380000E+00    6.3665809E+01    2.0774218E+01
    1.5420000E+00    6.3785853E+01    2.0774655E+01
    1.5460000E+00    6.3905952E+01    2.0775082E+01
    1.5500000E+00    6.4026105E+01    2.0775499E+01
    1.5540000E+00    6.4146313E+01    2.0775908E+01
    1.5580000E+00    6.4266574E+01    2.0776307E+01
    1.5620000E+00    6.4386890E+01    2.0776698E+01
    1.5660000E+00    6.4507260E+01    2.0777080E+01
    1.5700000E+00    6.4627684E+01    2.0777454E+01
    1.5740000E+00    6.4748162E+01    2.0777820E+01
    1.5780000E+00    6.4868694E+01    2.0778177E+01
    1.5820000E+00    6.4989280E+01    2.0778527E+01
    1.5860000E+00    6.5109920E+01    2.0778868E+01
    1.5900000E+00    6.5230614E+01    2.0779202E+01
    1.5940000E+00    6.5351362E+01    2.0779529E+01
    1.5980000E+00    6.5472164E+01    2.0779848E+01
    1.6020000E+00    6.5593020E+01    2.0780160E+01
    1.6060000E+00    6.5713929E+01    2.0780465E+01
    1.6100000E+00    6.5834893E+01    2.0780762E+01
    1.6140000E+00    6.5955910E+01    2.0781053E+01
    1.6180000E+00    6.6076981E+01    2.0781337E+01
    1.6220000E+00    6.6198105E+01    2.0781615E+01
    1.6260000E+00    6.6319283E+01    2.0781886E+01
    1.6300000E+00    6.6440515E+01    2.0782151E+01
    1.6340000E+00    6.6561800E+01    2.0782410E+01
    1.6380000E+00    6.6683138E+01    2.0782662E+01
    1.6420000E+00    6.6804530E+01    2.0782909E+01
    1.6460000E+00    6.6925976E+01    2.0783150E+01
    1.6500000E+00    6.7047474E+01    2.0783385E+01
    1.6540000E+00    6.7169026E+01    2.0783614E+01
    1.6580000E+00    6.7290631E+01    2.0783838E+01
    1.6620000E+00    6.7412289E+01    2.0784056E+01
    1.6660000E+00    6.7534000E+01    2.0784269E+01
    1.6700000E+00    6.7655764E+01    2.0784477E+01
    1.6740000E+00    6.7777581E+01    2.0784680E+01
    1.6780000E+00    6.7899451E+01    2.0784878E+01
    1.6820000E+00    6.8021373E+01    2.0785070E+01
    1.6860000E+00    6.8143348E+01    2.0785258E+01
    1.6900000E+00    6.8265376E+01    2.0785442E+01
    1.6940000E+00    6.8387456E+01    2.0785621E+01
    1.6980000E+00    6.8509589E+01    2.0785795E+01
    1.7020000E+00    6.8631774E+01    2.0785964E+01
    1.7060000E+00    6.8754011E+01    2.0786130E+01
    1.7100000E+00    6.8876300E+01    2.0786291E+01
    1.7140000E+00    6.8998641E+01    2.0786448E+01
    1.7180000E+00    6.9121035E+01    2.0786601E+01
    1.7220000E+00    6.9243480E+01    2.0786750E+01
    1.7260000E+00    6.9365977E+01    2.0786894E+01
    1.7300000E+00    6.9488526E+01    2.0787035E+01
    1.7340000E+00    6.9611126E+01    2.0787173E+01
    1.7380000E+00    6.9733777E+01    2.0787306E+01
    1.7420000E+00    6.9856480E+01    2.0787436E+01
    1.7460000E+00    6.9979235E+01    2.0787563E+01
    1.7500000E+00    7.0102040E+01    2.0787686E+01
    1.7540000E+00    7.0224897E+01    2.0787805E+01
    1.7580000E+00    7.0347804E+01    2.0787921E+01
    1.7620000E+00    7.0470762E+01    2.0788034E+01
    1.7660000E+00    7.0593771E+01    2.0788144E+01
    1.7700000E+00    7.0716830E+01    2.0788250E+01
    1.7740000E+00    7.0839940E+01    2.0788354E+01
    1.7780000E+00    7.0963100E+01    2.0788454E+01
    1.7820000E+00    7.1086310E+01    2.0788552E+01
    1.7860000E+00    7.1209570E+01    2.0788646E+01
    1.7900000E+00    7.1332880E+01    2.0788738E+01
    1.7940000E+00    7.1456240E+01    2.0788827E+01
    1.7980000E+00    7.1579649E+01    2.0788914E+01
    1.8020000E+00    7.1703108E+01    2.0788997E+01
    1.8060000E+00    7.1826616E+01    2.0789079E+01
    1.8100000E+00    7.1950173E+01    2.0789157E+01
    1.8140000E+00    7.2073780E+01    2.0789233E+01
    1.8180000E+00    7.2197435E+01    2.0789307E+01
    1.8220000E+00    7.2321138E+01    2.0789378E+01
    1.8260000E+00    7.2444891E+01    2.0789447E+01
    1.8300000E+00    7.2568691E+01    2.0789514E+01
    1.8340000E+00    7.2692540E+01    2.0789578E+01
    1.8380000E+00    7.2816437E+01    2.0789641E+01
    1.8420000E+00    7.2940382E+01    2.0789701E+01
    1.8460000E+00    7.3064374E+01    2.0789759E+01
    1.8500000E+00    7.3188414E+01    2.0789815E+01
    1.8540000E+00    7.3312501E+01    2.0789869E+01
    1.8580000E+00    7.3436635E+01    2.0789921E+01
    1.8620000E+00    7.3560817E+01    2.0789971E+01
    1.8660000E+00    7.3685045E+01    2.0790019E+01
    1.8700000E+00    7.3809319E+01    2.0790066E+01
    1.8740000E+00    7.3933640E+01    2.0790110E+01
    1.8780000E+00    7.4058007E+01    2.0790153E+01
    1.8820000E+00    7.4182420E+01    2.0790194E+01
    1.8860000E+00    7.4306879E+01    2.0790234E+01
    1.8900000E+00    7.4431384E+01    2.0790272E+01
    1.8940000E+00    7.4555933E+01    2.0790308E+01
    1.8980000E+00    7.4680528E+01    2.0790343E+01
    1.9020000E+00    7.4805168E+01    2.0790376E+01
    1.9060000E+00    7.4929852E+01    2.0790408E+01
    1.9100000E+00    7.5054581E+01    2.0790438E+01
    1.9140000E+00    7.5179354E+01    2.0790467E+01
    1.9180000E+00    7.5304171E+01    2.0790494E+01
    1.9220000E+00    7.5429032E+01    2.0790520E+01
    1.9260000E+00    7.5553936E+01    2.0790545E+01
    1.9300000E+00    7.5678884E+01    2.0790568E+01
    1.9340000E+00    7.5803875E+01    2.0790591E+01
    1.9380000E+00    7.5928908E+01    2.0790612E+01
    1.9420000E+00    7.6053984E+01    2.0790631E+01
    1.9460000E+00    7.6179103E+01    2.0790650E+01
    1.9500000E+00    7.6304263E+01    2.0790667E+01
    1.9540000E+00    7.6429465E+01    2.0790683E+01
    1.9580000E+00    7.6554709E+01    2.0790699E+01
    1.9620000E+00    7.6679994E+01    2.0790713E+01
    1.9660000E+00    7.6805320E+01    2.0790726E+01
    1.9700000E+00    7.6930686E+01    2.0790738E+01
    1.9740000E+00    7.7056093E+01    2.0790749E+01
    1.9780000E+00    7.7181540E+01    2.0790759E+01
    1.9820000E+00    7.7307027E+01    2.0790768E+01
    1.9860000E+00    7.7432554E+01    2.0790776E+01
    1.9900000E+00    7.7558120E+01    2.0790783E+01
    1.9940000E+00    7.7683724E+01    2.0790790E+01
    1.9980000E+00    7.7809368E+01    2.0790795E+01
    2.0020000E+00    7.7935049E+01    2.0790800E+01
    2.0060000E+00    7.8060769E+01    2.0790804E+01
    2.0100000E+00    7.8186527E+01    2.0790807E+01
    2.0140000E+00    7.8312322E+01    2.0790809E+01
    2.0180000E+00    7.8438154E+01    2.0790810E+01
    2.0220000E+00    7.8564022E+01    2.0790811E+01
    2.0260000E+00    7.8689927E+01    2.0790811E+01
    2.0300000E+00    7.8815869E+01    2.0790810E+01
    2.0340000E+00    7.8941846E+01    2.0790809E+01
    2.0380000E+00    7.9067858E+01    2.0790807E+01
    2.0420000E+00    7.9193906E+01    2.0790804E+01
    2.0460000E+00    7.9319988E+01    2.0790801E+01
    2.0500000E+00    7.9446105E+01    2.0790797E+01
    2.0540000E+00    7.9572255E+01    2.0790793E+01
    2.0580000E+00    7.9698440E+01    2.0790788E+01
    2.0620000E+00    7.9824657E+01    2.0790782E+01
    2.0660000E+00    7.9950908E+01    2.0790776E+01
    2.0700000E+00    8.0077191E+01    2.0790769E+01
    2.0740000E+00    8.0203506E+01    2.0790762E+01
    2.0780000E+00    8.0329854E+01    2.0790754E+01
    2.0820000E+00    8.0456232E+01    2.0790745E+01
    2.0860000E+00    8.0582641E+01    2.0790737E+01
    2.0900000E+00    8.0709082E+01    2.0790727E+01
    2.0940000E+00    8.0835552E+01    2.0790718E+01
    2.0980000E+00    8.0962052E+01    2.0790707E+01
    2.1020000E+00    8.1088582E+01    2.0790697E+01
    2.1060000E+00    8.1215140E+01    2.0790686E+01
    2.1100000E+00    8.1341727E+01    2.0790674E+01
    2.1140000E+00    8.1468342E+01    2.0790663E+01
    2.1180000E+00    8.1594985E+01    2.0790650E+01
    2.1220000E+00    8.1721656E+01    2.0790638E+01
    2.1260000E+00    8.1848353E+01    2.0790625E+01
    2.1300000E+00    8.1975076E+01    2.0790612E+01
    2.1340000E+00    8.2101826E+01    2.0790598E+01
    2.1380000E+00    8.2228601E+01    2.0790584E+01
    2.1420000E+00    8.2355401E+01    2.0790570E+01
    2.1460000E+00    8.2482225E+01    2.0790555E+01
    2.1500000E+00    8.2609074E+01    2.0790540E+01
    2.1540000E+00    8.2735947E+01    2.0790525E+01
    2.1580000E+00    8.2862842E+01    2.0790509E+01
    2.1620000E+00    8.2989761E+01    2.0790494E+01
    2.1660000E+00    8.3116701E+01    2.0790478E+01
    2.1700000E+00    8.3243664E+01    2.0790461E+01
    2.1740000E+00    8.3370647E+01    2.0790445E+01
    2.1780000E+00    8.3497651E+01    2.0790428E+01
    2.1820000E+00    8.3624676E+01    2.0790411E+01
    2.1860000E+00    8.3751720E+01    2.0790394E+01
    2.1900000E+00    8.3878784E+01    2.0790376E+01
    2.1940000E+00    8.4005866E+01    2.0790359E+01
    2.1980000E+00    8.4132966E+01    2.0790341E+01
    2.2020000E+00    8.4260084E+01    2.0790323E+01
    2.2060000E+00    8.4387220E+01    2.0790305E+01
    2.2100000E+00    8.4514371E+01    2.0790286E+01
    2.2140000E+00    8.4641539E+01    2.0790268E+01
    2.2180000E+00    8.4768722E+01    2.0790249E+01
    2.2220000E+00    8.4895920E+01    2.0790230E+01
    2.2260000E+00    8.5023133E+01    2.0790211E+01
    2.2300000E+00    8.5150359E+01    2.0790192E+01
    2.2340000E+00    8.5277599E+01    2.0790172E+01
    2.2380000E+00    8.5404851E+01    2.0790153E+01
    2.2420000E+00    8.5532115E+01    2.0790133E+01
    2.2460000E+00    8.5659391E+01    2.0790113E+01
    2.2500000E+00    8.5786677E+01    2.0790094E+01
    2.2540000E+00    8.5913974E+01    2.0790074E+01
    2.2580000E+00    8.6041281E+01    2.0790054E+01
    2.2620000E+00    8.6168596E+01    2.0790033E+01
    2.2660000E+00    8.6295920E+01    2.0790013E+01
    2.2700000E+00    8.6423252E+01    2.0789993E+01
    2.2740000E+00    8.6550591E+01    2.0789972E+01
    2.2780000E+00    8.6677937E+01    2.0789952E+01
    2.2820000E+00    8.6805288E+01    2.0789931E+01
    2.2860000E+00    8.6932645E+01    2.0789910E+01
    2.2900000E+00    8.7060007E+01    2.0789889E+01
    2.2940000E+00    8.7187372E+01    2.0789868E+01
    2.2980000E+00    8.7314741E+01    2.0789847E+01
    2.3020000E+00    8.7442113E+01    2.0789826E+01
    2.3060000E+00    8.7569486E+01    2.0789805E+01
    2.3100000E+00    8.7696861E+01    2.0789784E+01
    2.3140000E+00    8.7824236E+01    2.0789763E+01
    2.3180000E+00    8.7951612E+01    2.0789742E+01
    2.3220000E+00    8.8078986E+01    2.0789721E+01
    2.3260000E+00    8.8206360E+01    2.0789699E+01
    2.3300000E+00    8.8333730E+01    2.0789678E+01
    2.3340000E+00    8.8461099E+01    2.0789657E+01
    2.3380000E+00    8.8588463E+01    2.0789635E+01
    2.3420000E+00    8.8715823E+01    2.0789614E+01
    2.3460000E+00    8.8843178E+01    2.0789592E+01
    2.3500000E+00    8.8970527E+01    2.0789571E+01
    2.3540000E+00    8.9097870E+01    2.0789549E+01
    2.3580000E+00    8.9225205E+01    2.0789528E+01
    2.3620000E+00    8.9352533E+01    2.0789506E+01
    2.3660000E+00    8.9479851E+01    2.0789485E+01
    2.3700000E+00    8.9607160E+01    2.0789463E+01
    2.3740000E+00    8.9734459E+01    2.0789442E+01
    2.3780000E+00    8.9861746E+01    2.0789420E+01
    2.3820000E+00    8.9989022E+01    2.0789398E+01
    2.3860000E+00    9.0116284E+01    2.0789377E+01
    2.3900000E+00    9.0243533E+01    2.0789355E+01
    2.3940000E+00    9.0370768E+01    2.0789334E+01
    2.3980000E+00    9.0497988E+01    2.0789312E+01
    2.4020000E+00    9.0625192E+01    2.0789291E+01
    2.4060000E+00    9.0752379E+01    2.0789269E+01
    2.4100000E+00    9.0879548E+01    2.0789248E+01
    2.4140000E+00    9.1006699E+01    2.0789226E+01
    2.4180000E+00    9.1133830E+01    2.0789205E+01
    2.4220000E+00    9.1260941E+01    2.0789183E+01
    2.4260000E+00    9.1388032E+01    2.0789162E+01
    2.4300000E+00    9.1515100E+01    2.0789141E+01
    2.4340000E+00    9.1642146E+01    2.0789119E+01
    2.4380000E+00    9.1769168E+01    2.0789098E+01
    2.4420000E+00    9.1896165E+01    2.0789076E+01
    2.4460000E+00    9.2023137E+01    2.0789055E+01
    2.4500000E+00    9.2150083E+01    2.0789034E+01
    2.4540000E+00    9.2277001E+01    2.0789013E+01
    2.4580000E+00    9.2403891E+01    2.0788992E+01
    2.4620000E+00    9.2530752E+01    2.0788970E+01
    2.4660000E+00    9.2657583E+01    2.0788949E+01
    2.4700000E+00    9.2784384E+01    2.0788928E+01
    2.4740000E+00    9.2911152E+01    2.0788907E+01
    2.4780000E+00    9.3037887E+01    2.0788886E+01
    2.4820000E+00    9.3164589E+01    2.0788865E+01
    2.4860000E+00    9.3291256E+01    2.0788844E+01
    2.4900000E+00    9.3417888E+01    2.0788823E+01
    2.4940000E+00    9.3544482E+01    2.0788802E+01
    2.4980000E+00    9.3671039E+01    2.0788782E+01
    2.5020000E+00    9.3797557E+01    2.0788761E+01
    2.5060000E+00    9.3924036E+01    2.0788740E+01
    2.5100000E+00    9.4050474E+01    2.0788720E+01
    2.5140000E+00    9.4176871E+01    2.0788699E+01
    2.5180000E+00    9.4303224E+01    2.0788678E+01
    2.5220000E+00    9.4429534E+01    2.0788658E+01
    2.5260000E+00    9.4555800E+01    2.0788637E+01
    2.5300000E+00    9.4682019E+01    2.0788617E+01
    2.5340000E+00    9.4808192E+01    2.0788597E+01
    2.5380000E+00    9.4934317E+01    2.0788576E+01
    2.5420000E+00    9.5060393E+01    2.0788556E+01
    2.5460000E+00    9.5186419E+01    2.0788536E+01
    2.5500000E+00    9.5312393E+01    2.0788516E+01
    2.5540000E+00    9.5438316E+01    2.0788496E+01
    2.5580000E+00    9.5564186E+01    2.0788476E+01
    2.5620000E+00    9.5690001E+01    2.0788456E+01
    2.5660000E+00    9.5815761E+01    2.0788436E+01
    2.5700000E+00    9.5941464E+01    2.0788416E+01
    2.5740000E+00    9.6067110E+01    2.0788396E+01
    2.5780000E+00    9.6192696E+01    2.0788377E+01
    2.5820000E+00    9.6318223E+01    2.0788357E+01
    2.5860000E+00    9.6443689E+01    2.0788337E+01
    2.5900000E+00    9.6569093E+01    2.0788318E+01
    2.5940000E+00    9.6694433E+01    2.0788298E+01
    2.5980000E+00    9.6819709E+01    2.0788279E+01
    2.6020000E+00    9.6944919E+01    2.0788260E+01
    2.6060000E+00    9.7070062E+01    2.0788240E+01
    2.6100000E+00    9.7195138E+01    2.0788221E+01
    2.6140000E+00    9.7320144E+01    2.0788202E+01
    2.6180000E+00    9.7445080E+01    2.0788183E+01
    2.6220000E+00    9.7569944E+01    2.0788164E+01
    2.6260000E+00    9.7694735E+01    2.0788145E+01
    2.6300000E+00    9.7819452E+01    2.0788126E+01
    2.6340000E+00    9.7944094E+01    2.0788107E+01
    2.6380000E+00    9.8068659E+01    2.0788088E+01
    2.6420000E+00    9.8193147E+01    2.0788070E+01
    2.6460000E+00    9.8317556E+01    2.0788051E+01
    2.6500000E+00    9.8441884E+01    2.0788032E+01
    2.6540000E+00    9.8566131E+01    2.0788014E+01
    2.6580000E+00    9.8690295E+01    2.0787995E+01
    2.6620000E+00    9.8814375E+01    2.0787977E+01
    2.6660000E+00    9.8938370E+01    2.0787959E+01
    2.6700000E+00    9.9062278E+01    2.0787941E+01
    2.6740000E+00    9.9186098E+01    2.0787922E+01
    2.6780000E+00    9.9309829E+01    2.0787904E+01
    2.6820000E+00    9.9433469E+01    2.0787886E+01
    2.6860000E+00    9.9557017E+01    2.0787868E+01
    2.6900000E+00    9.9680473E+01    2.0787850E+01
    2.6940000E+00    9.9803833E+01    2.0787833E+01
    2.6980000E+00    9.9927098E+01    2.0787815E+01
    2.7020000E+00    1.0005027E+02    2.0787797E+01
    2.7060000E+00    1.0017333E+02    2.0787780E+01
    2.7100000E+00    1.0029630E+02    2.0787762E+01
    2.7140000E+00    1.0041917E+02    2.0787745E+01
    2.7180000E+00    1.0054194E+02    2.0787727E+01
    2.7220000E+00    1.0066460E+02    2.0787710E+01
    2.7260000E+00    1.0078715E+02    2.0787693E+01
    2.7300000E+00    1.0090960E+02    2.0787675E+01
    2.7340000E+00    1.0103194E+02    2.0787658E+01
    2.7380000E+00    1.0115417E+02    2.0787641E+01
    2.7420000E+00    1.0127629E+02    2.0787624E+01
    2.7460000E+00    1.0139830E+02    2.0787607E+01
    2.7500000E+00    1.0152019E+02    2.0787590E+01
    2.7540000E+00    1.0164196E+02    2.0787574E+01
    2.7580000E+00    1.0176362E+02    2.0787557E+01
    2.7620000E+00    1.0188517E+02    2.0787540E+01
    2.7660000E+00    1.0200659E+02    2.0787524E+01
    2.7700000E+00    1.0212789E+02    2.0787507E+01
    2.7740000E+00    1.0224907E+02    2.0787491E+01
    2.7780000E+00    1.0237012E+02    2.0787474E+01
    2.7820000E+00    1.0249105E+02    2.0787458E+01
    2.7860000E+00    1.0261185E+02    2.0787442E+01
    2.7900000E+00    1.0273252E+02    2.0787426E+01
    2.7940000E+00    1.0285306E+02    2.0787410E+01
    2.7980000E+00    1.0297347E+02    2.0787394E+01
    2.8020000E+00    1.0309374E+02    2.0787378E+01
    2.8060000E+00    1.0321388E+02    2.0787362E+01
    2.8100000E+00    1.0333389E+02    2.0787346E+01
    2.8140000E+00    1.0345375E+02    2.0787330E+01
    2.8180000E+00    1.0357348E+02    2.0787314E+01
    2.8220000E+00    1.0369306E+02    2.0787299E+01
    2.8260000E+00    1.0381250E+02    2.0787283E+01
    2.8300000E+00    1.0393180E+02    2.0787268E+01
    2.8340000E+00    1.0405095E+02    2.0787252E+01
    2.8380000E+00    1.0416996E+02    2.0787237E+01
    2.8420000E+00    1.0428881E+02    2.0787222E+01
    2.8460000E+00    1.0440752E+02    2.0787207E+01
    2.8500000E+00    1.0452607E+02    2.0787192E+01
    2.8540000E+00    1.0464447E+02    2.0787177E+01
    2.8580000E+00    1.0476271E+02    2.0787162E+01
    2.8620000E+00    1.0488079E+02    2.0787147E+01
    2.8660000E+00    1.0499872E+02    2.0787132E+01
    2.8700000E+00    1.0511648E+02    2.0787117E+01
    2.8740000E+00    1.0523409E+02    2.0787102E+01
    2.8780000E+00    1.0535153E+02    2.0787088E+01
    2.8820000E+00    1.0546880E+02    2.0787073E+01
    2.8860000E+00    1.0558591E+02    2.0787058E+01
    2.8900000E+00    1.0570284E+02    2.0787044E+01
    2.8940000E+00    1.0581961E+02    2.0787030E+01
    2.8980000E+00    1.0593620E+02    2.0787015E+01
    2.9020000E+00    1.0605262E+02    2.0787001E+01
    2.9060000E+00    1.0616887E+02    2.0786987E+01
    2.9100000E+00    1.0628494E+02    2.0786973E+01
    2.9140000E+00    1.0640082E+02    2.0786959E+01
    2.9180000E+00    1.0651653E+02    2.0786945E+01
    2.9220000E+00    1.0663205E+02    2.0786931E+01
    2.9260000E+00    1.0674739E+02    2.0786917E+01
    2.9300000E+00    1.0686255E+02    2.0786903E+01
    2.9340000E+00    1.0697751E+02    2.0786890E+01
    2.9380000E+00    1.0709229E+02    2.0786876E+01
    2.9420000E+00    1.0720687E+02    2.0786862E+01
    2.9460000E+00    1.0732126E+02    2.0786849E+01
    2.9500000E+00    1.0743546E+02    2.0786835E+01
    2.9540000E+00    1.0754946E+02    2.0786822E+01
    2.9580000E+00    1.0766326E+02    2.0786809E+01
    2.9620000E+00    1.0777686E+02    2.0786795E+01
    2.9660000E+00    1.0789026E+02    2.0786782E+01
    2.9700000E+00    1.0800345E+02    2.0786769E+01
    2.9740000E+00    1.0811644E+02    2.0786756E+01
    2.9780000E+00    1.0822922E+02    2.0786743E+01
    2.9820000E+00    1.0834179E+02    2.0786730E+01
    2.9860000E+00    1.0845415E+02    2.0786717E+01
    2.9900000E+00    1.0856630E+02    2.0786704E+01
    2.9940000E+00    1.0867823E+02    2.0786692E+01
    2.9980000E+00    1.0878994E+02    2.0786679E+01
    3.0020000E+00    1.0890144E+02    2.0786666E+01
    3.0060000E+00    1.0901272E+02    2.0786654E+01
    3.0100000E+00    1.0912377E+02    2.0786641E+01
    3.0140000E+00    1.0923460E+02    2.0786629E+01
    3.0180000E+00    1.0934520E+02    2.0786617E+01
    3.0220000E+00    1.0945558E+02    2.0786604E+01
    3.0260000E+00    1.0956572E+02    2.0786592E+01
    3.0300000E+00    1.0967563E+02    2.0786580E+01
    3.0340000E+00    1.0978531E+02    2.0786568E+01
    3.0380000E+00    1.0989476E+02    2.0786556E+01
    3.0420000E+00    1.1000396E+02    2.0786544E+01
    3.0460000E+00    1.1011293E+02    2.0786532E+01
    3.0500000E+00    1.1022165E+02    2.0786520E+01
    3.0540000E+00    1.1033013E+02    2.0786508E+01
    3.0580000E+00    1.1043837E+02    2.0786496E+01
    3.0620000E+00    1.1054636E+02    2.0786485E+01
    3.0660000E+00    1.1065410E+02    2.0786473E+01
    3.0700000E+00    1.1076159E+02    2.0786462E+01
    3.0740000E+00    1.1086883E+02    2.0786450E+01
    3.0780000E+00    1.1097581E+02    2.0786439E+01
    3.0820000E+00    1.1108253E+02    2.0786427E+01
    3.0860000E+00    1.1118900E+02    2.0786416E+01
    3.0900000E+00    1.1129520E+02    2.0786405E+01
    3.0940000E+00    1.1140115E+02    2.0786394E+01
    3.0980000E+00    1.1150683E+02    2.0786382E+01
    3.1020000E+00    1.1161224E+02    2.0786371E+01
    3.1060000E+00    1.1171738E+02    2.0786360E+01
    3.1100000E+00    1.1182225E+02    2.0786349E+01
    3.1140000E+00    1.1192685E+02    2.0786339E+01
    3.1180000E+00    1.1203118E+02    2.0786328E+01
    3.1220000E+00    1.1213523E+02    2.0786317E+01
    3.1260000E+00    1.1223900E+02    2.0786306E+01
    3.1300000E+00    1.1234248E+02    2.0786296E+01
    3.1340000E+00    1.1244569E+02    2.0786285E+01
    3.1380000E+00    1.1254861E+02    2.0786275E+01
    3.1420000E+00    1.1265125E+02    2.0786264E+01
    3.1460000E+00    1.1275360E+02    2.0786254E+01
    3.1500000E+00    1.1285566E+02    2.0786243E+01
    3.1540000E+00    1.1295742E+02    2.0786233E+01
    3.1580000E+00    1.1305889E+02    2.0786223E+01
    3.1620000E+00    1.1316006E+02    2.0786213E+01
    3.1660000E+00    1.1326094E+02    2.0786202E+01
    3.1700000E+00    1.1336151E+02    2.0786192E+01
    3.1740000E+00    1.1346179E+02    2.0786182E+01
    3.1780000E+00    1.1356175E+02    2.0786172E+01
    3.1820000E+00    1.1366141E+02    2.0786163E+01
    3.1860000E+00    1.1376077E+02    2.0786153E+01
    3.1900000E+00    1.1385981E+02    2.0786143E+01
    3.1940000E+00    1.1395854E+02    2.0786133E+01
    3.1980000E+00    1.1405695E+02    2.0786124E+01
    3.2020000E+00    1.1415505E+02    2.0786114E+01
    3.2060000E+00    1.1425283E+02    2.0786105E+01
    3.2100000E+00    1.1435028E+02    2.0786095E+01
    3.2140000E+00    1.1444742E+02    2.0786086E+01
    3.2180000E+00    1.1454423E+02    2.0786076E+01
    3.2220000E+00    1.1464071E+02    2.0786067E+01
    3.2260000E+00    1.1473687E+02    2.0786058E+01
    3.2300000E+00    1.1483269E+02    2.0786048E+01
    3.2340000E+00    1.1492818E+02    2.0786039E+01
    3.2380000E+00    1.1502333E+02    2.0786030E+01
    3.2420000E+00    1.1511815E+02    2.0786021E+01
    3.2460000E+00    1.1521263E+02    2.0786012E+01
    3.2500000E+00    1.1530677E+02    2.0786003E+01
    3.2540000E+00    1.1540056E+02    2.0785994E+01
    3.2580000E+00    1.1549401E+02    2.0785986E+01
    3.2620000E+00    1.1558711E+02    2.0785977E+01
    3.2660000E+00    1.1567987E+02    2.0785968E+01
    3.2700000E+00    1.1577227E+02    2.0785959E+01
    3.2740000E+00    1.1586431E+02    2.0785951E+01
    3.2780000E+00    1.1595601E+02    2.0785942E+01
    3.2820000E+00    1.1604734E+02    2.0785934E+01
    3.2860000E+00    1.1613831E+02    2.0785925E+01
    3.2900000E+00    1.1622893E+02    2.0785917E+01
    3.2940000E+00    1.1631918E+02    2.0785909E+01
    3.2980000E+00    1.1640906E+02    2.0785900E+01
    3.3020000E+00    1.1649858E+02    2.0785892E+01
    3.3060000E+00    1.1658772E+02    2.0785884E+01
    3.3100000E+00    1.1667650E+02    2.0785876E+01
    3.3140000E+00    1.1676490E+02    2.0785868E+01
    3.3180000E+00    1.1685292E+02    2.0785860E+01
    3.3220000E+00    1.1694057E+02    2.0785852E+01
    3.3260000E+00    1.1702784E+02    2.0785844E+01
    3.3300000E+00    1.1711472E+02    2.0785836E+01
    3.3340000E+00    1.1720122E+02    2.0785828E+01
    3.3380000E+00    1.1728734E+02    2.0785821E+01
    3.3420000E+00    1.1737307E+02    2.0785813E+01
    3.3460000E+00    1.1745840E+02    2.0785805E+01
    3.3500000E+00    1.1754335E+02    2.0785798E+01
    3.3540000E+00    1.1762790E+02    2.0785790E+01
    3.3580000E+00    1.1771206E+02    2.0785783E+01
    3.3620000E+00    1.1779581E+02    2.0785775E+01
    3.3660000E+00    1.1787917E+02    2.0785768E+01
    3.3700000E+00    1.1796213E+02    2.0785761E+01
    3.3740000E+00    1.1804468E+02    2.0785753E+01
    3.3780000E+00    1.1812682E+02    2.0785746E+01
    3.3820000E+00    1.1820856E+02    2.0785739E+01
    3.3860000E+00    1.1828989E+02    2.0785732E+01
    3.3900000E+00    1.1837080E+02    2.0785725E+01
    3.3940000E+00    1.1845131E+02    2.0785718E+01
    3.3980000E+00    1.1853139E+02    2.0785711E+01
    3.4020000E+00    1.1861106E+02    2.0785704E+01
    3.4060000E+00    1.1869031E+02    2.0785697E+01
    3.4100000E+00    1.1876914E+02    2.0785690E+01
    3.4140000E+00    1.1884754E+02    2.0785684E+01
    3.4180000E+00    1.1892552E+02    2.0785677E+01
    3.4220000E+00    1.1900307E+02    2.0785670E+01
    3.4260000E+00    1.1908019E+02    2.0785664E+01
    3.4300000E+00    1.1915688E+02    2.0785657E+01
    3.4340000E+00    1.1923313E+02    2.0785650E+01
    3.4380000E+00    1.1930895E+02    2.0785644E+01
    3.4420000E+00    1.1938434E+02    2.0785638E+01
    3.4460000E+00    1.1945928E+02    2.0785631E+01
    3.4500000E+00    1.1953378E+02    2.0785625E+01
    3.4540000E+00    1.1960784E+02    2.0785619E+01
    3.4580000E+00    1.1968146E+02    2.0785613E+01
    3.4620000E+00    1.1975463E+02    2.0785606E+01
    3.4660000E+00    1.1982735E+02    2.0785600E+01
    3.4700000E+00    1.1989962E+02    2.0785594E+01
    3.4740000E+00    1.1997144E+02    2.0785588E+01
    3.4780000E+00    1.2004280E+02    2.0785582E+01
    3.4820000E+00    1.2011371E+02    2.0785576E+01
    3.4860000E+00    1.2018416E+02    2.0785570E+01
    3.4900000E+00    1.2025415E+02    2.0785565E+01
    3.4940000E+00    1.2032368E+02    2.0785559E+01
    3.4980000E+00    1.2039274E+02    2.0785553E+01
    3.5020000E+00    1.2046134E+02    2.0785548E+01
    3.5060000E+00    1.2052948E+02    2.0785542E+01
    3.5100000E+00    1.2059714E+02    2.0785536E+01
    3.5140000E+00    1.2066434E+02    2.0785531E+01
    3.5180000E+00    1.2073106E+02    2.0785525E+01
    3.5220000E+00    1.2079731E+02    2.0785520E+01
    3.5260000E+00    1.2086308E+02    2.0785515E+01
    3.5300000E+00    1.2092837E+02    2.0785509E+01
    3.5340000E+00    1.2099319E+02    2.0785504E+01
    3.5380000E+00    1.2105752E+02    2.0785499E+01
    3.5420000E+00    1.2112138E+02    2.0785494E+01
    3.5460000E+00    1.2118474E+02    2.0785488E+01
    3.5500000E+00    1.2124762E+02    2.0785483E+01
    3.5540000E+00    1.2131002E+02    2.0785478E+01
    3.5580000E+00    1.2137192E+02    2.0785473E+01
    3.5620000E+00    1.2143333E+02    2.0785468E+01
    3.5660000E+00    1.2149425E+02    2.0785464E+01
    3.5700000E+00    1.2155468E+02    2.0785459E+01
    3.5740000E+00    1.2161460E+02    2.0785454E+01
    3.5780000E+00    1.2167403E+02    2.0785449E+01
    3.5820000E+00    1.2173296E+02    2.0785444E+01
    3.5860000E+00    1.2179139E+02    2.0785440E+01
    3.5900000E+00    1.2184932E+02    2.0785435E+01
    3.5940000E+00    1.2190674E+02    2.0785431E+01
    3.5980000E+00    1.2196366E+02    2.0785426E+01
    3.6020000E+00    1.2202007E+02    2.0785422E+01
    3.6060000E+00    1.2207597E+02    2.0785417E+01
    3.6100000E+00    1.2213136E+02    2.0785413E+01
    3.6140000E+00    1.2218623E+02    2.0785408E+01
    3.6180000E+00    1.2224059E+02    2.0785404E+01
    3.6220000E+00    1.2229444E+02    2.0785400E+01
    3.6260000E+00    1.2234777E+02    2.0785396E+01
    3.6300000E+00    1.2240058E+02    2.0785392E+01
    3.6340000E+00    1.2245288E+02    2.0785388E+01
    3.6380000E+00    1.2250465E+02    2.0785384E+01
    3.6420000E+00    1.2255590E+02    2.0785380E+01
    3.6460000E+00    1.2260662E+02    2.0785376E+01
    3.6500000E+00    1.2265682E+02    2.0785372E+01
    3.6540000E+00    1.2270649E+02    2.0785368E+01
    3.6580000E+00    1.2275563E+02    2.0785364E+01
    3.6620000E+00    1.2280425E+02    2.0785360E+01
    3.6660000E+00    1.2285233E+02    2.0785356E+01
    3.6700000E+00    1.2289988E+02    2.0785353E+01
    3.6740000E+00    1.2294689E+02    2.0785349E+01
    3.6780000E+00    1.2299337E+02    2.0785346E+01
    3.6820000E+00    1.2303931E+02    2.0785342E+01
    3.6860000E+00    1.2308472E+02    2.0785339E+01
    3.6900000E+00    1.2312958E+02    2.0785335E+01
    3.6940000E+00    1.2317391E+02    2.0785332E+01
    3.6980000E+00    1.2321769E+02    2.0785328E+01
    3.7020000E+00    1.2326093E+02    2.0785325E+01
    3.7060000E+00    1.2330362E+02    2.0785322E+01
    3.7100000E+00    1.2334577E+02    2.0785318E+01
    3.7140000E+00    1.2338738E+02    2.0785315E+01
    3.7180000E+00    1.2342843E+02    2.0785312E+01
    3.7220000E+00    1.2346893E+02    2.0785309E+01
    3.7260000E+00    1.2350889E+02    2.0785306E+01
    3.7300000E+00    1.2354829E+02    2.0785303E+01
    3.7340000E+00    1.2358714E+02    2.0785300E+01
    3.7380000E+00    1.2362543E+02    2.0785297E+01
    3.7420000E+00    1.2366317E+02    2.0785294E+01
    3.7460000E+00    1.2370036E+02    2.0785292E+01
    3.7500000E+00    1.2373698E+02    2.0785289E+01
    3.7540000E+00    1.2377305E+02    2.0785286E+01
    3.7580000E+00    1.2380856E+02    2.0785283E+01
    3.7620000E+00    1.2384351E+02    2.0785281E+01
    3.7660000E+00    1.2387789E+02    2.0785278E+01
    3.7700000E+00    1.2391171E+02    2.0785276E+01
    3.7740000E+00    1.2394497E+02    2.0785273E+01
    3.7780000E+00    1.2397767E+02    2.0785271E+01
    3.7820000E+00    1.2400980E+02    2.0785268E+01
    3.7860000E+00    1.2404136E+02    2.0785266E+01
    3.7900000E+00    1.2407235E+02    2.0785263E+01
    3.7940000E+00    1.2410278E+02    2.0785261E+01
    3.7980000E+00    1.2413264E+02    2.0785259E+01
    3.8020000E+00    1.2416192E+02    2.0785257E+01
    3.8060000E+00    1.2419064E+02    2.0785255E+01
    3.8100000E+00    1.2421878E+02    2.0785253E+01
    3.8140000E+00    1.2424635E+02    2.0785250E+01
    3.8180000E+00    1.2427335E+02    2.0785248E+01
    3.8220000E+00    1.2429977E+02    2.0785246E+01
    3.8260000E+00    1.2432562E+02    2.0785245E+01
    3.8300000E+00    1.2435089E+02    2.0785243E+01
    3.8340000E+00    1.2437558E+02    2.0785241E+01
    3.8380000E+00    1.2439970E+02    2.0785239E+01
    3.8420000E+00    1.2442324E+02    2.0785237E+01
    3.8460000E+00    1.2444619E+02    2.0785236E+01
    3.8500000E+00    1.2446857E+02    2.0785234E+01
    3.8540000E+00    1.2449037E+02    2.0785232E+01
    3.8580000E+00    1.2451159E+02    2.0785231E+01
    3.8620000E+00    1.2453222E+02    2.0785229E+01
    3.8660000E+00    1.2455228E+02    2.0785228E+01
    3.8700000E+00    1.2457175E+02    2.0785226E+01
    3.8740000E+00    1.2459063E+02    2.0785225E+01
    3.8780000E+00    1.2460893E+02    2.0785223E+01
    3.8820000E+00    1.2462665E+02    2.0785222E+01
    3.8860000E+00    1.2464378E+02    2.0785221E+01
    3.8900000E+00    1.2466033E+02    2.0785220E+01
    3.8940000E+00    1.2467629E+02    2.0785219E+01
    3.8980000E+00    1.2469166E+02    2.0785217E+01
    3.9020000E+00    1.2470645E+02    2.0785216E+01
    3.9060000E+00    1.2472064E+02    2.0785215E+01
    3.9100000E+00    1.2473425E+02    2.0785214E+01
    3.9140000E+00    1.2474727E+02    2.0785213E+01
    3.9180000E+00    1.2475970E+02    2.0785212E+01
    3.9220000E+00    1.2477155E+02    2.0785211E+01
    3.9260000E+00    1.2478280E+02    2.0785211E+01
    3.9300000E+00    1.2479346E+02    2.0785210E+01
    3.9340000E+00    1.2480353E+02    2.0785209E+01
    3.9380000E+00    1.2481301E+02    2.0785208E+01
    3.9420000E+00    1.2482190E+02    2.0785208E+01
    3.9460000E+00    1.2483020E+02    2.0785207E+01
    3.9500000E+00    1.2483791E+02    2.0785207E+01
    3.9540000E+00    1.2484502E+02    2.0785206E+01
    3.9580000E+00    1.2485155E+02    2.0785206E+01
    3.9620000E+00    1.2485748E+02    2.0785205E+01
    3.9660000E+00    1.2486281E+02    2.0785205E+01
    3.9700000E+00    1.2486756E+02    2.0785204E+01
    3.9740000E+00    1.2487171E+02    2.0785204E+01
    3.9780000E+00    1.2487527E+02    2.0785204E+01
    3.9820000E+00    1.2487824E+02    2.0785204E+01
    3.9860000E+00    1.2488061E+02    2.0785203E+01
    3.9900000E+00    1.2488239E+02    2.0785203E+01
    3.9940000E+00    1.2488358E+02    2.0785203E+01
    3.9980000E+00    1.2488417E+02    2.0785203E+01
